           1    0.328664    0.328664           0
           2    0.329293    0.328978 0.000314342
           3    0.328208    0.328722 0.000314335
           4    0.329153     0.32883 0.000247089
           5    0.326717    0.328407 0.000463836
           6    0.325691    0.327955 0.000590165
           7    0.326847    0.327796 0.000523268
           8    0.323735    0.327289 0.000680466
           9    0.329193      0.3275 0.000636339
          10    0.326047    0.327355 0.000587414
          11    0.325307    0.327169 0.000563014
          12    0.331019     0.32749 0.000605893
          13     0.32702    0.327454 0.000558512
          14    0.329089     0.32757 0.000530106
          15    0.327949    0.327596 0.000494148
          16     0.32857    0.327657 0.000466231
          17    0.328908     0.32773 0.000444087
          18    0.323961    0.327521 0.000468131
          19    0.329528    0.327626 0.000455239
          20    0.328255    0.327658 0.000433019
          21    0.328981    0.327721 0.000416674
          22    0.327638    0.327717 0.000397301
          23    0.327565     0.32771 0.000379691
          24    0.325987    0.327639 0.000370555
          25     0.33077    0.327764 0.000376855
          26     0.32508    0.327661 0.000376497
          27    0.323267    0.327498 0.000397151
          28    0.325962    0.327443 0.000386616
          29    0.328718    0.327487 0.000375628
          30    0.328039    0.327505 0.000363357
          31    0.330072    0.327588 0.000361062
          32    0.328407    0.327614 0.000350532
          33     0.32624    0.327572 0.000342286
          34    0.326677    0.327546 0.000333108
          35    0.329163    0.327592 0.000326732
          36    0.329312     0.32764 0.000321102
          37    0.325918    0.327593  0.00031575
          38    0.325562     0.32754 0.000311941
          39    0.329767    0.327597 0.000309157
          40     0.32828    0.327614 0.000301812
          41    0.326927    0.327597 0.000294836
          42    0.326458     0.32757 0.000289006
          43    0.327235    0.327562 0.000282312
          44    0.329284    0.327602 0.000278584
          45     0.32591    0.327564 0.000274905
          46    0.325636    0.327522 0.000272108
          47    0.330681    0.327589 0.000274606
          48    0.328482    0.327608 0.000269467
          49     0.32728    0.327601 0.000263995
          50    0.330271    0.327655 0.000264115
          51    0.329707    0.327695 0.000261995
          52    0.324821     0.32764 0.000262786
          53    0.328652    0.327659 0.000258486
          54    0.332901    0.327756   0.0002716
          55    0.325285    0.327711 0.000270372
          56    0.325012    0.327663 0.000269837
          57    0.327258    0.327656 0.000265156
          58    0.327948    0.327661 0.000260593
          59    0.327436    0.327657 0.000256166
          60     0.33101    0.327713 0.000257986
          61     0.32713    0.327703 0.000253901
          62     0.32789    0.327706 0.000249791
          63    0.328116    0.327713  0.00024588
          64    0.327107    0.327703 0.000242193
          65    0.331224    0.327757 0.000244512
          66    0.326373    0.327736 0.000241691
          67    0.327467    0.327732  0.00023809
          68    0.329629     0.32776 0.000236214
          69    0.330482      0.3278 0.000236085
          70    0.332189    0.327862 0.000240989
          71    0.324569    0.327816 0.000242058
          72    0.325899    0.327789 0.000240152
          73    0.327963    0.327792 0.000236852
          74    0.325487    0.327761 0.000235696
          75    0.327052    0.327751 0.000232724
          76    0.324666    0.327711 0.000233202
          77    0.327553    0.327708 0.000230162
          78    0.326535    0.327693  0.00022769
          79    0.324399    0.327652 0.000228624
          80    0.326103    0.327632 0.000226576
          81    0.329912    0.327661 0.000225525
          82      0.3303    0.327693 0.000225072
          83    0.328919    0.327708 0.000222834
          84    0.329157    0.327725  0.00022084
          85    0.326454     0.32771 0.000218738
          86    0.327939    0.327712 0.000216196
          87    0.327115    0.327706 0.000213807
          88    0.329549    0.327727 0.000212399
          89    0.325391      0.3277 0.000211632
          90    0.328361    0.327708 0.000209396
          91    0.328485    0.327716 0.000207258
          92    0.326384    0.327702 0.000205504
          93    0.328532    0.327711 0.000203478
          94    0.327422    0.327708 0.000201325
          95     0.33243    0.327757 0.000205304
          96    0.326552    0.327745 0.000203542
          97    0.324753    0.327714  0.00020378
          98    0.327207    0.327709 0.000201756
          99    0.330826     0.32774 0.000202175
         100    0.329546    0.327758 0.000200956
