           1   -0.798996   -0.798996           0
           2   -0.798415   -0.798706   0.0002904
           3   -0.799727   -0.799046  0.00037957
           4    -0.79947   -0.799152 0.000288595
           5   -0.798746   -0.799071 0.000237822
           6   -0.798651   -0.799001 0.000206403
           7   -0.798925    -0.79899 0.000174783
           8   -0.799592   -0.799065  0.00016903
           9   -0.797819   -0.798927 0.000203457
          10   -0.799705   -0.799005 0.000197906
          11   -0.798929   -0.798998 0.000179146
          12   -0.799068   -0.799004 0.000163641
          13   -0.798974   -0.799001 0.000150545
          14   -0.800754   -0.799127 0.000187362
          15   -0.799218   -0.799133  0.00017453
          16   -0.797814    -0.79905 0.000182893
          17   -0.799028   -0.799049 0.000171803
          18   -0.799056   -0.799049 0.000161978
          19   -0.799734   -0.799085 0.000157401
          20   -0.798178    -0.79904  0.00015607
          21   -0.797981    -0.79899 0.000156787
          22    -0.79867   -0.798975 0.000150196
          23   -0.798787   -0.798967 0.000143749
          24   -0.798747   -0.798958 0.000137934
          25   -0.799263    -0.79897 0.000132864
          26   -0.799774   -0.799001 0.000131341
          27   -0.797701   -0.798953 0.000135244
          28   -0.798841   -0.798949 0.000130386
          29   -0.798884   -0.798946 0.000125829
          30   -0.797729   -0.798906  0.00012816
          31   -0.799059   -0.798911 0.000124055
          32   -0.798918   -0.798911 0.000120116
          33   -0.800194    -0.79895 0.000122736
          34    -0.79801   -0.798922 0.000122235
          35   -0.799059   -0.798926 0.000118756
          36   -0.797948   -0.798899 0.000118565
          37   -0.798818   -0.798897 0.000115337
          38   -0.798613   -0.798889 0.000112509
          39   -0.798066   -0.798868 0.000111603
          40    -0.79912   -0.798875  0.00010896
          41   -0.801562    -0.79894 0.000124853
          42   -0.799067   -0.798943 0.000121882
          43   -0.799109   -0.798947 0.000119076
          44   -0.798782   -0.798943 0.000116398
          45   -0.799374   -0.798953 0.000114184
          46   -0.798009   -0.798932 0.000113544
          47   -0.798614   -0.798925 0.000111307
          48   -0.797742   -0.798901 0.000111717
          49   -0.800046   -0.798924 0.000111883
          50   -0.798774   -0.798921 0.000109664
          51   -0.800299   -0.798948 0.000110836
          52    -0.79923   -0.798954 0.000108818
          53   -0.799584   -0.798966 0.000107406
          54   -0.797874   -0.798945  0.00010732
          55   -0.801607   -0.798994 0.000115936
          56   -0.798912   -0.798992 0.000113856
          57   -0.798247   -0.798979 0.000112602
          58   -0.799025    -0.79898 0.000110646
          59   -0.798963    -0.79898 0.000108755
          60   -0.799617    -0.79899 0.000107453
          61    -0.79996   -0.799006 0.000106866
          62   -0.800931   -0.799037 0.000109617
          63   -0.797374   -0.799011 0.000111049
          64   -0.799973   -0.799026 0.000110329
          65   -0.798695   -0.799021 0.000108737
          66   -0.797863   -0.799003 0.000108504
          67    -0.79877      -0.799 0.000106928
          68   -0.798148   -0.798987 0.000106086
          69   -0.798926   -0.798986 0.000104541
          70   -0.799245    -0.79899 0.000103103
          71   -0.800519   -0.799012 0.000103897
          72   -0.798383   -0.799003 0.000102815
          73   -0.799344   -0.799008 0.000101505
          74   -0.798725   -0.799004 0.000100197
          75   -0.798638   -0.798999  9.8972e-05
          76   -0.798428   -0.798991 9.79495e-05
          77   -0.798582   -0.798986 9.68154e-05
          78   -0.797487   -0.798967 9.74787e-05
          79   -0.797814   -0.798952 9.73361e-05
          80   -0.797955    -0.79894 9.69164e-05
          81   -0.797626   -0.798924 9.70777e-05
          82   -0.799151   -0.798926 9.59267e-05
          83    -0.79836   -0.798919 9.50092e-05
          84   -0.799664   -0.798928 9.42888e-05
          85   -0.799558   -0.798936 9.34673e-05
          86   -0.798553   -0.798931 9.24814e-05
          87   -0.799319   -0.798936 9.15209e-05
          88   -0.798806   -0.798934 9.04868e-05
          89   -0.798603   -0.798931 8.95416e-05
          90   -0.798802   -0.798929 8.85526e-05
          91   -0.800911   -0.798951 9.02421e-05
          92   -0.800002   -0.798962 8.99835e-05
          93   -0.799009   -0.798963 8.90121e-05
          94   -0.798654    -0.79896 8.81215e-05
          95   -0.798366   -0.798953 8.74122e-05
          96   -0.798484   -0.798948 8.66349e-05
          97   -0.798393   -0.798943 8.59282e-05
          98   -0.798236   -0.798935  8.5352e-05
          99   -0.799402    -0.79894 8.46166e-05
         100   -0.799143   -0.798942 8.37907e-05
