           1     0.07028     0.07028           0
           2   0.0733248   0.0718024   0.0015224
           3   0.0749132   0.0728393  0.00135934
           4   0.0761628   0.0736702  0.00127053
           5   0.0738324   0.0737026  0.00098468
           6    0.071766   0.0733799  0.00086636
           7    0.063648   0.0719896   0.0015713
           8   0.0679588   0.0714858  0.00145107
           9   0.0740188   0.0717672   0.0013103
          10   0.0773724   0.0723277  0.00129912
          11   0.0762156   0.0726812   0.0012271
          12    0.074714   0.0728506  0.00113292
          13   0.0697196   0.0726097   0.0010696
          14   0.0730556   0.0726416 0.000990771
          15    0.074302   0.0727523 0.000928976
          16   0.0727068   0.0727494 0.000868982
          17   0.0661796    0.072363 0.000903129
          18   0.0706052   0.0722653  0.00085706
          19   0.0693444   0.0721116 0.000825145
          20   0.0737876   0.0721954 0.000787274
          21   0.0760184   0.0723774 0.000770658
          22    0.074408   0.0724697 0.000740568
          23   0.0718696   0.0724436 0.000708118
          24   0.0692976   0.0723126 0.000690527
          25   0.0732644   0.0723506 0.000663424
          26   0.0647628   0.0720588 0.000701032
          27   0.0799492    0.072351  0.00073515
          28   0.0753536   0.0724583 0.000716478
          29    0.075346   0.0725578 0.000698465
          30   0.0729876   0.0725722 0.000674934
          31   0.0682932   0.0724341 0.000667232
          32   0.0687652   0.0723195  0.00065614
          33   0.0729352   0.0723381  0.00063622
          34   0.0698304   0.0722644 0.000621615
          35   0.0679932   0.0721423 0.000615806
          36   0.0747464   0.0722147 0.000602812
          37   0.0734804   0.0722489  0.00058729
          38   0.0746296   0.0723115 0.000575049
          39   0.0766048   0.0724216 0.000570826
          40   0.0691756   0.0723405 0.000562259
          41   0.0792488    0.072509 0.000573677
          42    0.082282   0.0727417 0.000606283
          43   0.0775068   0.0728525 0.000602298
          44   0.0760236   0.0729245 0.000592847
          45   0.0754424   0.0729805 0.000582218
          46   0.0743424   0.0730101 0.000570189
          47   0.0753188   0.0730592 0.000560084
          48   0.0712804   0.0730222 0.000549542
          49   0.0808476   0.0731819 0.000561405
          50    0.066974   0.0730577   0.0005639
          51   0.0736788   0.0730699 0.000552867
          52   0.0765696   0.0731372 0.000546292
          53   0.0711092   0.0730989  0.00053725
          54   0.0757468    0.073148 0.000529482
          55   0.0771872   0.0732214 0.000524929
          56   0.0750544   0.0732541 0.000516508
          57   0.0777568   0.0733331 0.000513478
          58   0.0737696   0.0733407 0.000504604
          59   0.0730296   0.0733354 0.000496005
          60   0.0769368   0.0733954 0.000491349
          61   0.0702616    0.073344  0.00048595
          62   0.0693152   0.0732791 0.000482444
          63     0.06922   0.0732146 0.000479077
          64   0.0678016     0.07313 0.000479057
          65   0.0680116   0.0730513 0.000478158
          66   0.0695796   0.0729987 0.000473786
          67   0.0772924   0.0730628 0.000471041
          68   0.0792844   0.0731543 0.000472996
          69    0.067984   0.0730793 0.000472075
          70    0.072806   0.0730754 0.000465299
          71   0.0734132   0.0730802 0.000458723
          72    0.068414   0.0730154 0.000456927
          73   0.0703472   0.0729788 0.000452104
          74   0.0758168   0.0730172 0.000447598
          75     0.06825   0.0729536 0.000446141
          76   0.0715284   0.0729349 0.000440631
          77   0.0712644   0.0729132 0.000435412
          78    0.070668   0.0728844 0.000430756
          79   0.0702628   0.0728512 0.000426561
          80    0.071528   0.0728347  0.00042152
          81   0.0685484   0.0727818 0.000419634
          82   0.0763024   0.0728247 0.000416702
          83   0.0720664   0.0728156 0.000411752
          84   0.0754004   0.0728463 0.000407983
          85   0.0738212   0.0728578 0.000403318
          86    0.075104   0.0728839 0.000399455
          87    0.069986   0.0728506  0.00039624
          88   0.0734108    0.072857 0.000391763
          89   0.0722796   0.0728505  0.00038739
          90   0.0717832   0.0728386 0.000383245
          91   0.0751768   0.0728643 0.000379881
          92    0.077918   0.0729192 0.000379723
          93   0.0745936   0.0729373 0.000376049
          94   0.0733708   0.0729419 0.000372056
          95   0.0724328   0.0729365 0.000368157
          96   0.0750916    0.072959 0.000364993
          97   0.0616292   0.0728422 0.000379626
          98   0.0745956     0.07286 0.000376158
          99   0.0720472   0.0728518  0.00037243
         100   0.0745916   0.0728692 0.000369097
