           1     40.5512     40.5512           0
           2     41.5874     41.0693    0.518109
           3     40.9436     41.0274    0.302051
           4     41.9556     41.2595    0.315374
           5     41.1241     41.2324    0.245783
           6     41.7324     41.3157    0.217297
           7     41.6037     41.3569      0.1882
           8     41.7303     41.4036    0.169539
           9     42.1199     41.4831    0.169384
          10     40.9416      41.429    0.160888
          11     41.4693     41.4327    0.145575
          12     40.9043     41.3886    0.139994
          13     42.1774     41.4493    0.142355
          14     38.6292     41.2479    0.240724
          15     41.3668     41.2558    0.224242
          16      40.951     41.2368    0.210622
          17     40.7196     41.2063     0.20017
          18     42.4479     41.2753    0.200931
          19     41.9813     41.3125     0.19366
          20     41.5406     41.3239    0.184076
          21      40.604     41.2896    0.178415
          22     40.2158     41.2408    0.176975
          23     40.1799     41.1947    0.175284
          24     40.6074     41.1702    0.169596
          25     40.9239     41.1603    0.162969
          26     41.3259     41.1667    0.156705
          27     40.9116     41.1573    0.151085
          28     40.1253     41.1204    0.150182
          29     39.4459     41.0627     0.15599
          30     40.9412     41.0586    0.150755
          31     41.8513     41.0842    0.148036
          32     40.4553     41.0645    0.144677
          33      41.949     41.0913    0.142763
          34     40.0942      41.062    0.141571
          35      39.833     41.0269     0.14188
          36     39.3976     40.9816    0.145121
          37     42.0878     41.0115    0.144276
          38     42.5539     41.0521    0.146176
          39     38.5796     40.9887    0.155856
          40     41.4243     40.9996    0.152299
          41     39.8324     40.9711    0.151241
          42     40.8363     40.9679    0.147631
          43     40.5827      40.959    0.144435
          44     41.5756      40.973    0.141809
          45     40.5694      40.964    0.138911
          46     40.0261     40.9436     0.13738
          47     42.8425      40.984    0.140365
          48     40.4364     40.9726    0.137883
          49     41.9145     40.9918      0.1364
          50     41.4968     41.0019    0.134026
          51     40.6112     40.9943    0.131595
          52     41.3519     41.0012    0.129222
          53     41.3208     41.0072    0.126904
          54     41.5727     41.0177    0.124971
          55     42.0247      41.036    0.124037
          56     40.7857     41.0315    0.121884
          57     41.5515     41.0406    0.120073
          58     42.7447       41.07    0.121588
          59     39.8904       41.05    0.121171
          60      42.193     41.0691    0.120647
          61     39.1282     41.0372    0.122845
          62     40.3678     41.0264    0.121329
          63     41.1254      41.028    0.119398
          64     42.0714     41.0443    0.118643
          65     41.1423     41.0458    0.116813
          66     42.0381     41.0609    0.116008
          67     41.8919     41.0733    0.114934
          68     40.8365     41.0698    0.113285
          69     41.6857     41.0787    0.111987
          70     40.8441     41.0754    0.110427
          71     41.9552     41.0878    0.109564
          72     40.7864     41.0836    0.108112
          73     40.2641     41.0723     0.10721
          74     40.7162     41.0675    0.105861
          75     42.8029     41.0907    0.106972
          76     41.5999     41.0974    0.105768
          77     40.8059     41.0936    0.104454
          78     39.3357      41.071     0.10554
          79     41.8003     41.0803    0.104604
          80     40.7356      41.076    0.103378
          81     39.7841       41.06    0.103332
          82     40.5118     41.0533    0.102283
          83     39.5474     41.0352    0.102659
          84     42.3092     41.0504    0.102557
          85     39.9064     41.0369    0.102233
          86     41.1805     41.0386    0.101051
          87      40.534     41.0328    0.100051
          88     40.9619      41.032   0.0989107
          89     40.8075     41.0294   0.0978255
          90     41.8576     41.0386   0.0971691
          91     38.8758     41.0149    0.098991
          92     39.8601     41.0023   0.0987103
          93     41.8498     41.0114   0.0980674
          94     41.6873     41.0186   0.0972846
          95     40.8184     41.0165   0.0962782
          96     41.6723     41.0234   0.0955146
          97     40.7315     41.0203   0.0945726
          98     43.4577     41.0452   0.0968504
          99     39.4405      41.029   0.0972278
         100     41.9306      41.038    0.096672
