           1   -0.519706   -0.519706           0
           2   -0.519715    -0.51971 4.80001e-06
           3   -0.520009    -0.51981 9.95053e-05
           4   -0.518629   -0.519515 0.000303534
           5   -0.519077   -0.519427 0.000250892
           6   -0.518022   -0.519193  0.00031118
           7   -0.519534   -0.519241 0.000267463
           8   -0.519826   -0.519315 0.000242895
           9   -0.519666   -0.519354 0.000217751
          10   -0.519021    -0.51932 0.000197587
          11   -0.518992   -0.519291   0.0001812
          12   -0.519004   -0.519267 0.000167127
          13   -0.518744   -0.519226 0.000158905
          14   -0.519322   -0.519233 0.000147277
          15   -0.518346   -0.519174 0.000149313
          16   -0.518992   -0.519163 0.000140133
          17   -0.519191   -0.519164 0.000131643
          18   -0.519122   -0.519162 0.000124136
          19   -0.519788   -0.519195 0.000121954
          20   -0.519442   -0.519207  0.00011635
          21   -0.519167   -0.519205 0.000110688
          22   -0.519082     -0.5192 0.000105685
          23    -0.51848   -0.519169 0.000105725
          24   -0.518915   -0.519158 0.000101773
          25   -0.519231   -0.519161  9.7661e-05
          26   -0.520621   -0.519217 0.000109346
          27   -0.518657   -0.519196 0.000107245
          28   -0.519258   -0.519199 0.000103367
          29    -0.51922   -0.519199 9.97419e-05
          30   -0.519286   -0.519202 9.64028e-05
          31   -0.519249   -0.519204 9.32533e-05
          32   -0.519039   -0.519199 9.04383e-05
          33   -0.520186   -0.519228 9.26257e-05
          34   -0.519817   -0.519246 9.15111e-05
          35   -0.518174   -0.519215 9.39827e-05
          36   -0.519612   -0.519226 9.19976e-05
          37   -0.519177   -0.519225 8.94866e-05
          38   -0.519295   -0.519227 8.71195e-05
          39   -0.519511   -0.519234 8.51693e-05
          40   -0.519865    -0.51925 8.44974e-05
          41   -0.518633   -0.519235 8.37733e-05
          42   -0.518981   -0.519229 8.19776e-05
          43   -0.519516   -0.519235 8.03269e-05
          44   -0.518839   -0.519226 7.89948e-05
          45   -0.519549   -0.519234 7.75512e-05
          46   -0.519438   -0.519238 7.59762e-05
          47   -0.519777   -0.519249 7.52209e-05
          48   -0.520287   -0.519271 7.67456e-05
          49    -0.51943   -0.519274 7.52326e-05
          50   -0.518939   -0.519268 7.40166e-05
          51   -0.520311   -0.519288 7.53815e-05
          52   -0.519218   -0.519287   7.393e-05
          53    -0.51964   -0.519293 7.28275e-05
          54   -0.518631   -0.519281 7.25104e-05
          55   -0.519022   -0.519276  7.1335e-05
          56   -0.520022    -0.51929 7.13051e-05
          57   -0.520172   -0.519305  7.1733e-05
          58   -0.520125   -0.519319  7.1888e-05
          59   -0.518889   -0.519312 7.10348e-05
          60   -0.519086   -0.519308  6.9942e-05
          61   -0.519388    -0.51931 6.87983e-05
          62   -0.519153   -0.519307 6.77267e-05
          63   -0.519593   -0.519312 6.67972e-05
          64   -0.520154   -0.519325 6.70487e-05
          65    -0.51807   -0.519305 6.87755e-05
          66   -0.519724   -0.519312 6.80218e-05
          67   -0.519597   -0.519316 6.71338e-05
          68   -0.518868   -0.519309 6.64665e-05
          69   -0.518572   -0.519299 6.63623e-05
          70   -0.518959   -0.519294  6.5587e-05
          71    -0.51981   -0.519301 6.50646e-05
          72   -0.519704   -0.519307 6.43981e-05
          73   -0.519208   -0.519305 6.35242e-05
          74   -0.519267   -0.519305  6.2662e-05
          75   -0.519975   -0.519314 6.24636e-05
          76   -0.519398   -0.519315 6.16461e-05
          77   -0.519575   -0.519318 6.09341e-05
          78   -0.518159   -0.519303 6.19563e-05
          79   -0.519858    -0.51931 6.15679e-05
          80   -0.519148   -0.519308 6.08274e-05
          81   -0.518733   -0.519301 6.04906e-05
          82   -0.519624   -0.519305 5.98778e-05
          83   -0.520702   -0.519322 6.15005e-05
          84   -0.520252   -0.519333 6.17641e-05
          85   -0.520008   -0.519341 6.15474e-05
          86   -0.520372   -0.519353 6.19974e-05
          87    -0.51931   -0.519353 6.12827e-05
          88   -0.519507   -0.519354 6.06078e-05
          89   -0.518179   -0.519341 6.13604e-05
          90   -0.519895   -0.519347 6.09863e-05
          91   -0.520309   -0.519358 6.12309e-05
          92   -0.519203   -0.519356  6.0585e-05
          93   -0.518907   -0.519351 6.01242e-05
          94   -0.520077   -0.519359 5.99797e-05
          95   -0.519299   -0.519358 5.93483e-05
          96   -0.518475   -0.519349 5.94432e-05
          97   -0.520433    -0.51936 5.98784e-05
          98   -0.518923   -0.519356 5.94319e-05
          99   -0.518953   -0.519352 5.89693e-05
         100   -0.518792   -0.519346 5.86445e-05
