           1     12.8589     12.8589           0
           2     12.8485     12.8537  0.00517827
           3      12.766     12.8245   0.0293823
           4     12.8237     12.8243   0.0207772
           5     13.0765     12.8747    0.052946
           6      12.901     12.8791   0.0434511
           7     13.0256        12.9   0.0422651
           8     13.0404     12.9176   0.0405942
           9     12.5335     12.8749   0.0557046
          10     12.7967     12.8671   0.0504338
          11      13.114     12.8895    0.050845
          12     12.6631     12.8707   0.0501029
          13     13.4723     12.9169   0.0653143
          14     13.1544     12.9339   0.0628038
          15     13.1865     12.9507   0.0608448
          16      12.879     12.9463   0.0570916
          17     13.0017     12.9495   0.0537272
          18     12.9154     12.9476     0.05069
          19     12.7942     12.9395   0.0486233
          20     12.8597     12.9356   0.0463006
          21     12.9132     12.9345   0.0440535
          22     12.9199     12.9338   0.0420086
          23     12.7932     12.9277   0.0406033
          24     12.9611     12.9291   0.0388996
          25     13.2589     12.9423   0.0395752
          26     12.7809     12.9361   0.0385261
          27     12.8017     12.9311   0.0374046
          28     13.0031     12.9337   0.0361356
          29     12.8125     12.9295   0.0351167
          30     12.7459     12.9234   0.0344734
          31     12.6353     12.9141   0.0346138
          32     13.0416     12.9181   0.0337507
          33       12.99     12.9203   0.0327845
          34     13.0179     12.9231   0.0319351
          35      12.897     12.9224   0.0310183
          36     13.2378     12.9311   0.0313919
          37     12.5324     12.9204   0.0323777
          38     13.2711     12.9296    0.032838
          39      13.108     12.9342   0.0323102
          40     13.7568     12.9547   0.0376125
          41     13.1361     12.9592   0.0369495
          42     12.9544      12.959   0.0360592
          43     12.7494     12.9542   0.0355464
          44     12.6538     12.9473   0.0353937
          45     12.8383     12.9449    0.034683
          46     12.7547     12.9408   0.0341716
          47     13.0405     12.9429   0.0335039
          48      12.942     12.9429   0.0327985
          49     12.8339     12.9407   0.0321991
          50     12.6057      12.934   0.0322518
          51     12.7745     12.9308   0.0317673
          52     13.3276     12.9385   0.0320714
          53     12.8496     12.9368    0.031505
          54     12.7784     12.9339   0.0310549
          55     13.1326     12.9375   0.0306985
          56     12.7275     12.9337   0.0303776
          57      13.076     12.9362   0.0299441
          58     13.2162     12.9411   0.0298166
          59      13.379     12.9485   0.0302321
          60     13.3484     12.9551   0.0304623
          61     12.8139     12.9528   0.0300481
          62     13.2251     12.9572    0.029884
          63     12.9467     12.9571   0.0294063
          64     13.3459     12.9631    0.029574
          65     12.9743     12.9633    0.029116
          66     13.1987     12.9669   0.0288925
          67     12.8683     12.9654   0.0284959
          68     12.9837     12.9657    0.028075
          69     12.9407     12.9653   0.0276675
          70     12.4533      12.958   0.0282333
          71     12.9679     12.9581   0.0278331
          72     13.1063     12.9602   0.0275209
          73     13.4497     12.9669   0.0279574
          74     13.0038     12.9674   0.0275816
          75     12.8246     12.9655   0.0272778
          76     12.7785      12.963   0.0270288
          77     13.3461      12.968   0.0271353
          78     13.2461     12.9716   0.0270215
          79     13.2622     12.9752   0.0269297
          80     12.9951     12.9755   0.0265921
          81     13.0381     12.9763   0.0262731
          82     13.4379     12.9819   0.0265544
          83     12.9105      12.981   0.0262466
          84      13.397      12.986   0.0264008
          85     13.0457     12.9867   0.0260978
          86     13.1094     12.9881    0.025832
          87     12.6675     12.9844   0.0257979
          88     13.0169     12.9848   0.0255058
          89     12.9406     12.9843   0.0252224
          90     12.6598     12.9807   0.0251999
          91     13.1876      12.983    0.025025
          92     12.7133       12.98   0.0249245
          93     12.7978     12.9781   0.0247328
          94     13.2305     12.9808   0.0246151
          95      12.628     12.9771   0.0246361
          96     13.2804     12.9802    0.024582
          97     12.8828     12.9792    0.024348
          98     13.1364     12.9808   0.0241516
          99     13.4854     12.9859   0.0244436
         100     13.5178     12.9912   0.0247757
