           1     7.70613     7.70613           0
           2      7.7835     7.74481   0.0386864
           3     7.44336     7.64433    0.102938
           4     7.78367     7.67916    0.080695
           5     7.82465     7.70826    0.068947
           6     7.69452     7.70597   0.0563416
           7     7.69065     7.70378   0.0476676
           8     7.83696     7.72043   0.0445114
           9      7.5958     7.70658   0.0416263
          10     7.56007     7.69193   0.0400106
          11     7.73691     7.69602   0.0364213
          12     7.56812     7.68536   0.0349145
          13     7.79169     7.69354   0.0331419
          14      7.6947     7.69362   0.0306835
          15      7.6571     7.69119   0.0286684
          16     7.64414     7.68825   0.0269775
          17      7.5775     7.68173    0.026165
          18     7.69981     7.68274    0.024689
          19     7.78107     7.68791     0.02392
          20     7.59005     7.68302   0.0232141
          21     7.76614     7.68698   0.0224329
          22     7.54988     7.68075   0.0222783
          23     7.75259     7.68387   0.0215156
          24     7.48706     7.67567   0.0221718
          25      7.7423     7.67833   0.0214329
          26     7.73823     7.68064   0.0207205
          27     7.73794     7.68276   0.0200509
          28     7.79042     7.68661   0.0197004
          29     7.69008     7.68673   0.0190094
          30     7.70942     7.68748   0.0183804
          31     7.76234      7.6899   0.0179408
          32     7.83551     7.69445   0.0179573
          33     7.57786     7.69091   0.0177596
          34     7.56824     7.68731   0.0176031
          35     7.55233     7.68345   0.0175224
          36     7.78543     7.68628   0.0172627
          37     7.57887     7.68338   0.0170387
          38     7.65829     7.68272   0.0165974
          39     7.48739     7.67771   0.0169243
          40     7.65453     7.67713   0.0165059
          41     7.72538     7.67831   0.0161413
          42     7.53153     7.67481   0.0161353
          43     7.72689     7.67602   0.0158021
          44     7.36827     7.66903   0.0169492
          45     7.49124     7.66508   0.0170328
          46     7.69156     7.66565   0.0166684
          47     7.72093     7.66683   0.0163522
          48     7.64636      7.6664   0.0160136
          49     7.81236     7.66938   0.0159638
          50      7.5969     7.66793   0.0157083
          51     7.54737     7.66557   0.0155776
          52     7.57048     7.66374   0.0153842
          53     7.39605     7.65869   0.0159139
          54      7.9852     7.66474   0.0167461
          55     7.81102      7.6674   0.0166526
          56     7.69807     7.66794   0.0163617
          57      7.8132     7.67049   0.0162729
          58     7.84611     7.67352    0.016274
          59     7.69668     7.67391   0.0160006
          60     7.58071     7.67236   0.0158082
          61     7.80253     7.67449   0.0156926
          62     7.50264     7.67172   0.0156843
          63     7.51965     7.66931    0.015621
          64     7.82891      7.6718   0.0155759
          65       7.713     7.67243   0.0153475
          66     7.48189     7.66955   0.0153864
          67     7.66084     7.66942   0.0151556
          68     7.50817     7.66705   0.0151182
          69     7.91144     7.67059   0.0153127
          70     7.74071     7.67159   0.0151256
          71     7.65602     7.67137   0.0149126
          72     7.73821      7.6723   0.0147333
          73     7.57769       7.671   0.0145878
          74     7.73749      7.6719   0.0144173
          75     7.78712     7.67344   0.0143065
          76     7.64777      7.6731   0.0141211
          77     7.76591     7.67431   0.0139885
          78      7.8501     7.67656   0.0139907
          79     7.82854     7.67848   0.0139458
          80     7.48564     7.67607   0.0139798
          81     7.73809     7.67684   0.0138273
          82     7.62885     7.67625   0.0136702
          83     7.88631     7.67878   0.0137396
          84     7.76401      7.6798   0.0136129
          85     7.51961     7.67791   0.0135832
          86     7.82775     7.67966   0.0135369
          87     7.62416     7.67902   0.0133956
          88     7.69513      7.6792   0.0132437
          89      7.7129     7.67958   0.0130996
          90     7.87167     7.68171   0.0131279
          91     7.67668     7.68166   0.0129829
          92     7.56031     7.68034   0.0129086
          93     7.71758     7.68074   0.0127753
          94     7.75227      7.6815   0.0126616
          95     7.73079     7.68202   0.0125383
          96     7.60477     7.68122   0.0124331
          97     7.66815     7.68108    0.012305
          98     7.65286     7.68079   0.0121822
          99     7.60028     7.67998   0.0120859
         100     7.76707     7.68085   0.0119961
