           1   0.0408952   0.0408952           0
           2   0.0473936   0.0441444   0.0032492
           3   0.0452936   0.0445275  0.00191464
           4      0.0511   0.0461706  0.00212904
           5   0.0470432   0.0463451  0.00165836
           6   0.0507888   0.0470857  0.00154335
           7    0.049932   0.0474923  0.00136628
           8   0.0410408   0.0466859  0.00143192
           9   0.0481416   0.0468476  0.00127315
          10    0.046384   0.0468013  0.00113968
          11   0.0483112   0.0469385  0.00103998
          12   0.0407888   0.0464261  0.00107886
          13   0.0493272   0.0466492  0.00101719
          14   0.0443832   0.0464874  0.00095554
          15    0.045272   0.0464063 0.000893242
          16   0.0451312   0.0463266 0.000839343
          17   0.0454816   0.0462769 0.000789991
          18   0.0437808   0.0461383 0.000757611
          19   0.0520776   0.0464509 0.000781839
          20   0.0496128    0.046609  0.00075838
          21   0.0479224   0.0466715 0.000724069
          22   0.0506008   0.0468501 0.000713102
          23    0.044344   0.0467411 0.000690049
          24   0.0468424   0.0467454 0.000660685
          25   0.0447192   0.0466643 0.000638869
          26   0.0432968   0.0465348 0.000627322
          27     0.04856   0.0466098 0.000608283
          28   0.0492544   0.0467043 0.000593717
          29   0.0487888   0.0467761  0.00057737
          30   0.0466288   0.0467712 0.000557814
          31   0.0466352   0.0467668 0.000539538
          32   0.0566736   0.0470764 0.000607249
          33   0.0505168   0.0471807 0.000597722
          34    0.053992    0.047381 0.000613505
          35   0.0413952     0.04721 0.000619782
          36    0.043432    0.047105 0.000611394
          37   0.0482488    0.047136 0.000595443
          38    0.047392   0.0471427 0.000579601
          39    0.051864   0.0472638 0.000577378
          40     0.04658   0.0472467 0.000563018
          41   0.0468664   0.0472374 0.000549192
          42   0.0440776   0.0471622 0.000541211
          43   0.0408856   0.0470162 0.000548263
          44   0.0432608   0.0469308 0.000542414
          45   0.0510064   0.0470214 0.000537903
          46    0.044064   0.0469571 0.000529994
          47   0.0499368   0.0470205 0.000522455
          48   0.0481416   0.0470439 0.000511988
          49     0.04456   0.0469932 0.000503986
          50   0.0510752   0.0470748 0.000500507
