           1   -0.461706   -0.461706           0
           2   -0.462682   -0.462194    0.000488
           3   -0.461928   -0.462105 0.000295329
           4   -0.462003    -0.46208 0.000210377
           5   -0.462291   -0.462122 0.000168363
           6   -0.461326   -0.461989 0.000190988
           7   -0.463765   -0.462243 0.000300644
           8   -0.462485   -0.462273 0.000262114
           9   -0.462792   -0.462331 0.000238242
          10   -0.462587   -0.462356 0.000214627
          11   -0.461394   -0.462269 0.000212959
          12   -0.461867   -0.462235 0.000197266
          13   -0.461074   -0.462146 0.000202274
          14    -0.46143   -0.462095 0.000194122
          15   -0.460638   -0.461998 0.000205154
          16    -0.46296   -0.462058 0.000201105
          17   -0.460866   -0.461988 0.000201507
          18   -0.461237   -0.461946  0.00019451
          19   -0.461517   -0.461924 0.000185371
          20   -0.461811   -0.461918 0.000175948
          21   -0.461246   -0.461886 0.000170387
          22   -0.461187   -0.461854 0.000165533
          23    -0.46241   -0.461878 0.000160005
          24   -0.462104   -0.461888 0.000153482
          25   -0.461523   -0.461873 0.000147935
          26   -0.462274   -0.461889 0.000142963
          27   -0.463674   -0.461955 0.000152629
          28   -0.462683   -0.461981  0.00014936
          29   -0.461968    -0.46198 0.000144119
          30   -0.460874   -0.461943 0.000144036
          31   -0.462347   -0.461956  0.00013992
          32   -0.461493   -0.461942 0.000136249
          33   -0.461286   -0.461922 0.000133541
          34   -0.461613   -0.461913 0.000129873
          35   -0.462035   -0.461916 0.000126156
          36   -0.464427   -0.461986 0.000141051
          37    -0.46133   -0.461968 0.000138329
          38   -0.462214   -0.461975 0.000134795
          39   -0.462187    -0.46198 0.000131406
          40    -0.46112   -0.461959 0.000129872
          41   -0.461149   -0.461939 0.000128196
          42    -0.46312   -0.461967 0.000128227
          43   -0.461709   -0.461961 0.000125354
          44   -0.463139   -0.461988 0.000125364
          45   -0.461611    -0.46198 0.000122832
          46   -0.462293   -0.461986 0.000120325
          47   -0.462898   -0.462006 0.000119323
          48   -0.462451   -0.462015 0.000117178
          49   -0.461152   -0.461997 0.000116106
          50   -0.461653   -0.461991 0.000113969
