           1     0.43461     0.43461           0
           2    0.434218    0.434414 0.000196038
           3    0.437108    0.435312 0.000905193
           4    0.436269    0.435551 0.000683269
           5    0.444321    0.437305  0.00183213
           6    0.440994     0.43792   0.0016173
           7    0.440771    0.438327  0.00142626
           8    0.446351     0.43933  0.00159111
           9    0.448507     0.44035  0.00173458
          10    0.430345     0.43935  0.00184607
          11    0.436864    0.439124  0.00168505
          12    0.437927    0.439024  0.00154146
          13    0.443933    0.439401  0.00146736
          14     0.42894    0.438654  0.00155046
          15     0.44333    0.438966  0.00147668
          16    0.439145    0.438977  0.00138135
          17    0.449416    0.439591  0.00143551
          18     0.44692    0.439998  0.00141333
          19    0.434576    0.439713  0.00136699
          20    0.437431    0.439599  0.00130186
          21     0.43322    0.439295  0.00127502
          22    0.438315    0.439251   0.0012165
          23    0.435836    0.439102  0.00117185
          24    0.436683    0.439001  0.00112648
          25    0.444619    0.439226   0.0011036
          26    0.444794     0.43944  0.00108171
          27    0.442058    0.439537  0.00104538
          28    0.434481    0.439357  0.00102342
          29    0.440703    0.439403 0.000988586
          30    0.436521    0.439307 0.000959885
          31    0.439607    0.439317 0.000928455
          32    0.439409    0.439319 0.000898978
          33     0.44272    0.439423 0.000877383
          34    0.433964    0.439262 0.000866194
          35    0.442423    0.439352 0.000845917
          36    0.435348    0.439241 0.000829573
          37    0.435332    0.439135 0.000813729
          38    0.434226    0.439006 0.000802494
          39    0.445726    0.439179  0.00080041
          40    0.443744    0.439293 0.000788448
          41    0.441607    0.439349 0.000771045
          42    0.435091    0.439248 0.000759263
          43    0.437505    0.439207 0.000742501
          44    0.437057    0.439158 0.000727073
          45    0.458989    0.439599 0.000836262
          46    0.433282    0.439462 0.000829328
          47     0.43804    0.439431 0.000812055
          48    0.449694    0.439645 0.000823208
          49    0.441682    0.439687 0.000807304
          50    0.433322     0.43956 0.000801169
