           1     4.32865     4.32865           0
           2     4.26256      4.2956   0.0330445
           3     4.28918     4.29346    0.019198
           4     4.30269     4.29577   0.0137698
           5     4.30742      4.2981   0.0109177
           6     4.27499     4.29425  0.00971078
           7     4.30733     4.29612  0.00841709
           8      4.2652     4.29225  0.00825047
           9     4.17029      4.2787    0.015381
          10     4.29438     4.28027   0.0138463
          11     4.36184     4.28768   0.0145553
          12     4.28371     4.28735   0.0132912
          13     4.28595     4.28724   0.0122266
          14     4.34947     4.29169   0.0121611
          15     4.26989     4.29024   0.0114143
          16     4.27619     4.28936   0.0107131
          17     4.18982      4.2835   0.0116425
          18     4.23348     4.28072    0.011323
          19     4.30295     4.28189   0.0107742
          20     4.25882     4.28074   0.0102862
          21     4.32824       4.283   0.0100422
          22     4.25939     4.28193   0.0096348
          23     4.27049     4.28143  0.00921979
          24     4.31178      4.2827   0.0089174
          25     4.27754     4.28249  0.00855575
          26     4.27465     4.28219  0.00822563
          27     4.21078     4.27954  0.00834528
          28     4.27345     4.27933  0.00804466
          29     4.23862     4.27792  0.00788817
          30     4.27957     4.27798  0.00762089
          31     4.29851     4.27864  0.00740065
          32     4.33357     4.28036  0.00736837
          33      4.2704     4.28006  0.00714797
          34     4.32109     4.28126  0.00703881
          35     4.24336     4.28018     0.00692
          36     4.32743     4.28149  0.00685192
          37     4.25576      4.2808  0.00670035
          38     4.27107     4.28054  0.00652666
          39     4.32488     4.28168  0.00645796
          40      4.3149     4.28251    0.006349
          41     4.33249     4.28373  0.00631107
          42     4.29994     4.28411  0.00617106
          43      4.3392     4.28539  0.00616049
          44     4.33839      4.2866  0.00613818
          45     4.22923     4.28532  0.00613417
          46     4.28953     4.28541  0.00600004
          47     4.21882       4.284  0.00603954
          48     4.22852     4.28284  0.00602428
          49     4.29047       4.283  0.00590211
          50     4.33271     4.28399  0.00586771
          51     4.31084     4.28452  0.00577554
          52     4.25244      4.2839  0.00569688
          53     4.34994     4.28515  0.00572559
          54     4.23082     4.28414  0.00570794
          55     4.24008     4.28334  0.00566018
          56      4.3271     4.28412  0.00561286
          57     4.29196     4.28426  0.00551522
          58      4.3095     4.28469  0.00543674
          59     4.24856     4.28408  0.00537879
          60     4.34565     4.28511  0.00538703
          61     4.35435     4.28624  0.00541823
          62     4.26378     4.28588  0.00534242
          63     4.40541     4.28778  0.00558884
          64     4.25768     4.28731  0.00552089
          65     4.33968     4.28811  0.00549468
          66      4.2286     4.28721  0.00548541
          67     4.27684     4.28706  0.00540513
          68     4.32012     4.28754  0.00534721
          69     4.35258     4.28849  0.00535278
          70     4.25604     4.28802  0.00529608
          71     4.27059     4.28778  0.00522672
          72     4.25534     4.28733  0.00517327
          73     4.28394     4.28728  0.00510212
          74      4.2585     4.28689  0.00504771
          75     4.25213     4.28643  0.00500148
          76     4.21897     4.28554  0.00501442
          77     4.26425     4.28526  0.00495659
          78     4.34541     4.28603  0.00495303
          79     4.37038      4.2871  0.00500514
          80     4.34664     4.28785   0.0049979
          81     4.35784     4.28871  0.00501088
          82     4.25984     4.28836   0.0049619
          83     4.32317     4.28878  0.00491967
          84     4.25819     4.28841  0.00487437
          85     4.31481     4.28872  0.00482668
          86     4.22228     4.28795  0.00483239
          87     4.35456     4.28872  0.00483748
          88     4.20476     4.28776  0.00487645
          89     4.26782     4.28754  0.00482655
          90     4.20715     4.28665  0.00485549
          91      4.2797     4.28657  0.00480244
          92     4.32626       4.287   0.0047695
          93     4.28046     4.28693  0.00471846
          94     4.24206     4.28645  0.00469234
          95     4.25305      4.2861  0.00465598
          96     4.31154     4.28637  0.00461484
          97     4.42368     4.28778  0.00478138
          98     4.26654     4.28757   0.0047373
          99      4.3284     4.28798  0.00470731
         100     4.26769     4.28778  0.00466442
