           1    0.352406    0.352406           0
           2    0.417545    0.384975   0.0325696
           3    0.404702    0.391551   0.0199207
           4    0.399125    0.393444   0.0142127
           5    0.401912    0.395138   0.0111386
           6    0.413031     0.39812  0.00957112
           7    0.392745    0.397352  0.00812544
           8    0.396154    0.397202  0.00703843
           9    0.425189    0.400312  0.00694265
          10    0.405267    0.400808  0.00622943
          11    0.374349    0.398402  0.00612665
          12    0.378724    0.396762  0.00582829
          13     0.35851     0.39382  0.00611567
          14    0.432671    0.396595  0.00630552
          15    0.394206    0.396436  0.00587228
          16    0.407801    0.397146  0.00553875
          17    0.383022    0.396315  0.00526866
          18    0.420028    0.397633  0.00513907
          19      0.4066    0.398105  0.00488393
          20    0.400838    0.398241  0.00463532
          21    0.400349    0.398342  0.00441021
          22     0.35139    0.396207  0.00471556
          23    0.371094    0.395116  0.00463628
          24     0.38685    0.394771  0.00445224
          25    0.460566    0.397403  0.00501628
          26     0.40949    0.397868  0.00484186
          27     0.35387    0.396238  0.00493584
          28    0.381332    0.395706  0.00478599
          29    0.387634    0.395428  0.00462639
          30    0.379284    0.394889   0.0045018
          31    0.422109    0.395767  0.00444181
          32    0.442238     0.39722  0.00453932
          33    0.373542    0.396502  0.00445774
          34    0.401908    0.396661  0.00432757
          35    0.404539    0.396886  0.00420813
          36    0.430916    0.397832  0.00419739
          37    0.382696    0.397422  0.00410281
          38    0.384027     0.39707  0.00400891
          39    0.369263    0.396357  0.00396933
          40    0.388974    0.396172  0.00387322
          41    0.376713    0.395698  0.00380727
          42    0.388769    0.395533  0.00371918
          43    0.391375    0.395436  0.00363294
          44     0.38299    0.395153  0.00356067
          45    0.417198    0.395643  0.00351495
          46    0.417485    0.396118  0.00347033
          47    0.435097    0.396947   0.0034955
          48     0.41445    0.397312  0.00344127
          49    0.406394    0.397497   0.0033754
          50    0.410111     0.39775  0.00331681
