           1    -0.83122    -0.83122           0
           2   -0.830746   -0.830983   0.0002372
           3   -0.831388   -0.831118 0.000192348
           4   -0.830696   -0.831012 0.000172111
           5   -0.832079   -0.831226 0.000251586
           6   -0.832442   -0.831429 0.000288642
           7    -0.83071   -0.831326 0.000264685
           8   -0.831385   -0.831333 0.000229343
           9   -0.830128   -0.831199 0.000242573
          10   -0.831841   -0.831263  0.00022625
          11    -0.83221    -0.83135  0.00022202
          12   -0.830408   -0.831271 0.000217332
          13   -0.832994   -0.831404 0.000239875
          14    -0.83154   -0.831413 0.000222295
          15   -0.831533   -0.831421 0.000207098
          16   -0.830479   -0.831362 0.000202474
          17   -0.831291   -0.831358 0.000190237
          18   -0.831754    -0.83138 0.000180703
          19   -0.832566   -0.831443 0.000181957
          20   -0.831052   -0.831423 0.000173721
          21   -0.831089   -0.831407 0.000166007
          22    -0.83155   -0.831414 0.000158413
          23    -0.83187   -0.831433 0.000152662
          24   -0.831585    -0.83144 0.000146298
          25   -0.832186    -0.83147  0.00014346
          26    -0.83028   -0.831424 0.000145228
          27   -0.830628   -0.831394 0.000142821
          28   -0.832175   -0.831422 0.000140422
          29   -0.831085   -0.831411 0.000135993
          30    -0.83251   -0.831447 0.000136393
          31   -0.830405   -0.831414 0.000136138
          32   -0.831058   -0.831403 0.000132282
          33   -0.832822   -0.831446 0.000135238
          34   -0.831134   -0.831436  0.00013152
          35   -0.830354   -0.831405 0.000131396
          36   -0.833513   -0.831464 0.000140471
          37   -0.830755   -0.831445 0.000137959
          38   -0.832594   -0.831475  0.00013764
          39   -0.831466   -0.831475 0.000134064
          40   -0.833622   -0.831529 0.000141269
          41   -0.831705   -0.831533 0.000137848
          42   -0.831592   -0.831534 0.000134533
          43   -0.830512    -0.83151 0.000133501
          44   -0.830797   -0.831494 0.000131436
          45   -0.829904   -0.831459 0.000133254
          46   -0.831238   -0.831454 0.000130413
          47   -0.832154   -0.831469 0.000128475
          48   -0.830687   -0.831453 0.000126821
          49   -0.831653   -0.831457 0.000124273
          50   -0.831536   -0.831458 0.000121772
          51   -0.831406   -0.831457 0.000119365
          52   -0.832627    -0.83148 0.000119189
          53   -0.832035    -0.83149 0.000117387
          54   -0.830394    -0.83147  0.00011697
          55   -0.832154   -0.831482 0.000115494
          56   -0.832484     -0.8315 0.000114814
          57   -0.832049    -0.83151 0.000113192
          58   -0.832705   -0.831531 0.000113115
          59   -0.833526   -0.831564 0.000116213
          60   -0.832254   -0.831576 0.000114836
          61   -0.830798   -0.831563 0.000113655
          62   -0.833373   -0.831592 0.000115553
          63   -0.830211    -0.83157 0.000115799
          64    -0.83352   -0.831601 0.000117976
          65    -0.83225   -0.831611 0.000116574
          66    -0.83233   -0.831622 0.000115311
          67   -0.831308   -0.831617 0.000113673
          68   -0.832571   -0.831631 0.000112865
          69   -0.833406   -0.831657 0.000114152
          70    -0.82989   -0.831632 0.000115304
          71   -0.832834   -0.831649 0.000114924
          72   -0.832226   -0.831657   0.0001136
          73   -0.832461   -0.831668 0.000112573
          74   -0.832166   -0.831674 0.000111246
          75   -0.831203   -0.831668 0.000109932
          76   -0.830333    -0.83165  0.00010989
          77   -0.833502   -0.831675 0.000111088
          78   -0.831265   -0.831669  0.00010978
          79   -0.832486    -0.83168 0.000108874
          80   -0.832388   -0.831688 0.000107869
          81    -0.83125   -0.831683 0.000106666
          82   -0.832206   -0.831689  0.00010555
          83   -0.831788   -0.831691 0.000104277
          84   -0.833945   -0.831717 0.000106466
          85   -0.832917   -0.831732 0.000106148
          86   -0.833114   -0.831748 0.000106131
          87   -0.829888   -0.831726  0.00010706
          88   -0.831181    -0.83172 0.000106018
          89   -0.833527    -0.83174 0.000106768
          90    -0.83068   -0.831729 0.000106231
          91   -0.831865    -0.83173 0.000105068
          92   -0.831353   -0.831726    0.000104
          93   -0.831764   -0.831726 0.000102877
          94   -0.831506   -0.831724 0.000101803
          95   -0.831487   -0.831722 0.000100757
          96   -0.832374   -0.831728 9.99334e-05
          97   -0.831846    -0.83173 9.89053e-05
          98   -0.832416   -0.831737 9.81412e-05
          99   -0.833646   -0.831756 9.90417e-05
         100   -0.832538   -0.831764 9.83581e-05
