           1    0.298816    0.298816           0
           2    0.279369    0.289092   0.0097236
           3    0.322234     0.30014   0.0123919
           4    0.286361    0.296695   0.0094152
           5    0.280594    0.293475  0.00797232
           6    0.285455    0.292138  0.00664517
           7    0.319139    0.295995  0.00681325
           8     0.27703    0.293625   0.0063589
           9    0.309273    0.295363  0.00587137
          10    0.332474    0.299074  0.00643045
          11    0.320773    0.301047  0.00614194
          12    0.293364    0.300407  0.00564323
          13    0.296958    0.300142  0.00519779
          14    0.280769    0.298758  0.00500722
          15    0.305229    0.299189  0.00468139
          16    0.296937    0.299048   0.0043813
          17    0.276406    0.297716  0.00432568
          18    0.281177    0.296798  0.00418052
          19    0.309422    0.297462  0.00400981
          20    0.307358    0.297957  0.00383608
          21    0.318282    0.298925  0.00377503
          22    0.314385    0.299627  0.00366731
          23    0.303117    0.299779  0.00350752
          24    0.281034    0.298998  0.00344782
          25    0.303176    0.299165  0.00331125
          26    0.284877    0.298616  0.00322847
          27    0.271542    0.297613  0.00326441
          28    0.317506    0.298323  0.00322489
          29    0.309684    0.298715  0.00313626
          30    0.291194    0.298464  0.00304027
          31    0.268446    0.297496   0.0030959
          32    0.268034    0.296575  0.00313579
          33    0.286662    0.296275  0.00305409
          34    0.286179    0.295978  0.00297775
          35    0.287471    0.295735  0.00290161
          36    0.305402    0.296004  0.00283262
          37      0.2936    0.295939  0.00275577
          38    0.298208    0.295998  0.00268293
          39    0.283093    0.295667   0.0026341
          40    0.252158     0.29458  0.00278832
          41    0.298137    0.294666  0.00272085
          42    0.262863    0.293909  0.00276114
          43    0.310125    0.294286   0.0027224
          44     0.30152    0.294451  0.00266489
          45     0.29887    0.294549  0.00260685
          46    0.287012    0.294385   0.0025548
          47    0.277497    0.294026  0.00252555
          48    0.262646    0.293372  0.00255734
          49    0.297565    0.293458  0.00250607
          50    0.296658    0.293522  0.00245627
