           1   -0.849138   -0.849138           0
           2   -0.847901   -0.848519   0.0006184
           3   -0.848149   -0.848396 0.000377779
           4   -0.849795   -0.848746 0.000440188
           5   -0.848397   -0.848676 0.000348031
           6    -0.84664   -0.848337 0.000442583
           7   -0.846688   -0.848101 0.000442014
           8   -0.850347   -0.848382 0.000474726
           9   -0.849397   -0.848495 0.000433593
          10   -0.851539   -0.848799 0.000493051
          11    -0.85141   -0.849036 0.000505195
          12    -0.84769   -0.848924 0.000474637
          13   -0.845869   -0.848689 0.000495842
          14   -0.845286   -0.848446 0.000519432
          15   -0.848179   -0.848428 0.000483892
          16   -0.847718   -0.848384 0.000454809
          17   -0.848106   -0.848368 0.000427532
          18   -0.848074   -0.848351 0.000403412
          19   -0.849923   -0.848434 0.000390456
          20   -0.851362    -0.84858 0.000398294
          21   -0.848114   -0.848558 0.000379505
          22   -0.847464   -0.848508 0.000365245
          23   -0.848078    -0.84849 0.000349504
          24   -0.846968   -0.848426 0.000340578
          25   -0.848075   -0.848412 0.000326973
          26   -0.846866   -0.848353 0.000319728
          27   -0.847285   -0.848313  0.00031019
          28    -0.84912   -0.848342 0.000300293
          29   -0.847779   -0.848323 0.000290402
          30   -0.847946    -0.84831 0.000280836
          31    -0.84883   -0.848327 0.000272144
          32    -0.85032   -0.848389 0.000270764
          33   -0.848302   -0.848386 0.000262444
          34   -0.848677   -0.848395 0.000254751
          35   -0.849245   -0.848419 0.000248554
          36   -0.849482   -0.848449 0.000243347
          37   -0.850043   -0.848492  0.00024057
          38   -0.848163   -0.848483 0.000234313
          39   -0.846398    -0.84843 0.000234403
          40   -0.848285   -0.848426 0.000228497
          41   -0.849509   -0.848453 0.000224413
          42   -0.844901   -0.848368 0.000234764
          43   -0.849115   -0.848385 0.000229897
          44   -0.848421   -0.848386 0.000224613
          45    -0.84904   -0.848401 0.000220045
          46     -0.8486   -0.848405 0.000215252
          47   -0.847829   -0.848393 0.000210979
          48   -0.848229   -0.848389 0.000206565
          49   -0.847989   -0.848381 0.000202471
          50   -0.847806    -0.84837 0.000198713
