           1     2.10033     2.10033           0
           2     2.10441     2.10237  0.00203815
           3     2.12502     2.10992  0.00764313
           4      2.1004     2.10754  0.00590577
           5     2.11878     2.10979  0.00509715
           6     2.10535     2.10905   0.0042271
           7     2.08885     2.10616  0.00459214
           8     2.12909     2.10903  0.00490215
           9     2.13816     2.11227  0.00540062
          10     2.08637     2.10968  0.00548094
          11     2.09633     2.10846  0.00510396
          12     2.06933      2.1052  0.00568723
          13     2.12168     2.10647  0.00538282
          14     2.12363     2.10769  0.00513202
          15     2.06206     2.10465  0.00566388
          16     2.14828     2.10738  0.00595859
          17     2.06736     2.10502  0.00607208
          18     2.10677     2.10512  0.00572563
          19     2.08103     2.10385  0.00556237
          20     2.10557     2.10394  0.00527762
          21     2.14447     2.10587  0.00537834
          22     2.09756     2.10549  0.00514193
          23     2.11839     2.10605  0.00494521
          24     2.14767     2.10779  0.00504226
          25     2.11359     2.10802  0.00484193
          26      2.1197     2.10847  0.00467363
          27      2.0925     2.10788  0.00453593
          28     2.13056     2.10869  0.00444535
          29     2.13477     2.10959  0.00438264
          30     2.10973     2.10959  0.00423403
          31     2.14689     2.11079  0.00426825
          32     2.10739     2.11069  0.00413408
          33      2.0747      2.1096  0.00415257
          34       2.118     2.10984  0.00403616
          35     2.08909     2.10925  0.00396375
          36     2.10816     2.10922  0.00385219
          37     2.15321     2.11041  0.00393076
          38     2.11353     2.11049  0.00382681
          39     2.09693     2.11014  0.00374357
          40     2.10901     2.11012  0.00364889
          41     2.09573     2.10977  0.00357604
          42     2.10656     2.10969   0.0034907
          43     2.07874     2.10897  0.00348369
          44     2.09793     2.10872  0.00341283
          45     2.10086     2.10854  0.00334069
          46     2.11879     2.10877  0.00327484
          47     2.10064     2.10859  0.00320907
          48     2.11849      2.1088  0.00314826
          49      2.1426     2.10949  0.00315955
          50     2.08534     2.10901  0.00313317
