           1     0.24621     0.24621           0
           2    0.252605    0.249408   0.0031972
           3    0.232048    0.243621  0.00607382
           4     0.20669    0.234388   0.0101829
           5     0.23132    0.233775  0.00791148
           6    0.221973    0.231808  0.00675252
           7     0.24051    0.233051  0.00584078
           8    0.227434    0.232349  0.00510676
           9    0.191474    0.227807  0.00639607
          10     0.23876    0.228902  0.00582473
          11    0.206559    0.226871  0.00564664
          12    0.224602    0.226682  0.00515812
          13    0.208489    0.225283  0.00494687
          14    0.188068    0.222624  0.00529543
          15    0.210303    0.221803  0.00499774
          16    0.217122     0.22151   0.0046841
          17    0.209098     0.22078  0.00446011
          18    0.233971    0.221513  0.00426841
          19    0.199246    0.220341  0.00420416
          20    0.219484    0.220298  0.00398865
          21      0.2073    0.219679  0.00384412
          22    0.232221    0.220249  0.00370929
          23    0.229366    0.220646  0.00356644
          24    0.208499     0.22014  0.00345191
          25    0.237942    0.220852  0.00338667
          26     0.24549    0.221799  0.00338899
          27    0.222766    0.221835  0.00326126
          28     0.21773    0.221689  0.00314605
          29    0.228698     0.22193  0.00304523
          30    0.210594    0.221552  0.00296614
          31    0.205826    0.221045  0.00291337
          32    0.220137    0.221017    0.002821
          33    0.227829    0.221223  0.00274196
          34    0.217408    0.221111  0.00266246
          35    0.199521    0.220494  0.00265785
          36    0.215074    0.220344  0.00258735
          37    0.219973    0.220333  0.00251647
          38    0.224072    0.220432  0.00245132
          39    0.230835    0.220699   0.0024025
          40    0.221273    0.220713  0.00234171
          41    0.181917    0.219767  0.00247214
          42    0.220216    0.219777  0.00241259
          43    0.232998    0.220085  0.00237579
          44    0.237002    0.220469   0.0023528
          45    0.207541    0.220182   0.0023178
          46     0.23543    0.220514  0.00229096
          47    0.210825    0.220307  0.00225114
          48     0.22753    0.220458  0.00220887
          49    0.222646    0.220503  0.00216379
          50    0.217586    0.220444  0.00212087
