           1   -0.678454   -0.678454           0
           2   -0.676962   -0.677708   0.0007456
           3   -0.677996   -0.677804 0.000441047
           4    -0.67759   -0.677751 0.000316406
           5   -0.677962   -0.677793 0.000248694
           6   -0.677782   -0.677791 0.000203066
           7   -0.678678   -0.677918 0.000213304
           8   -0.677811   -0.677904 0.000185205
           9   -0.677106   -0.677816 0.000185845
          10   -0.676683   -0.677702 0.000201134
          11   -0.677386   -0.677674 0.000184198
          12   -0.677958   -0.677697 0.000169806
          13   -0.677587   -0.677689 0.000156428
          14   -0.677693   -0.677689 0.000144825
          15   -0.677894   -0.677703 0.000135512
          16   -0.677498    -0.67769 0.000127407
          17   -0.677684    -0.67769 0.000119678
          18   -0.678485   -0.677734 0.000121175
          19   -0.678711   -0.677785 0.000125636
          20   -0.677075    -0.67775 0.000124363
          21   -0.676846   -0.677707 0.000125883
          22   -0.677244   -0.677686 0.000121853
          23   -0.677859   -0.677693 0.000116679
          24   -0.677866     -0.6777 0.000111945
          25   -0.676849   -0.677666 0.000112647
          26    -0.67649   -0.677621 0.000117298
          27   -0.677549   -0.677618 0.000112901
          28   -0.677472   -0.677613  0.00010892
          29   -0.677585   -0.677612 0.000105102
          30   -0.677413   -0.677606 0.000101755
          31   -0.678301   -0.677628 0.000100941
          32   -0.678358   -0.677651 0.000100366
          33     -0.6778   -0.677655  9.7382e-05
          34   -0.677846   -0.677661   9.464e-05
          35   -0.677959   -0.677669 9.22906e-05
          36   -0.676994   -0.677651 9.16295e-05
          37    -0.67745   -0.677645 8.92841e-05
          38   -0.677655   -0.677646 8.69032e-05
          39      -0.677   -0.677629 8.62487e-05
          40   -0.677308   -0.677621 8.44469e-05
          41   -0.678514   -0.677643 8.51906e-05
          42   -0.676932   -0.677626 8.48422e-05
          43   -0.677042   -0.677612 8.39522e-05
          44   -0.678122   -0.677624  8.2835e-05
          45   -0.677166   -0.677614 8.16087e-05
          46   -0.677707   -0.677616 7.98408e-05
          47   -0.676575   -0.677594 8.11995e-05
          48   -0.677066   -0.677583 8.02448e-05
          49   -0.676316   -0.677557 8.27315e-05
          50   -0.678817   -0.677582 8.48874e-05
          51   -0.677089   -0.677572 8.37662e-05
          52   -0.676313   -0.677548 8.56358e-05
          53    -0.67854   -0.677567 8.60644e-05
          54    -0.67712   -0.677558 8.48597e-05
          55   -0.677791   -0.677563   8.341e-05
          56   -0.678239   -0.677575 8.27931e-05
          57    -0.67799   -0.677582 8.16526e-05
          58   -0.676698   -0.677567 8.16687e-05
          59   -0.677622   -0.677568 8.02781e-05
          60   -0.677705    -0.67757 7.89618e-05
          61   -0.677994   -0.677577 7.79664e-05
          62   -0.677334   -0.677573 7.67983e-05
          63   -0.678342   -0.677585 7.65478e-05
          64   -0.677034   -0.677577 7.58337e-05
          65   -0.676732   -0.677564 7.57803e-05
          66    -0.67749   -0.677563 7.46315e-05
          67   -0.677275   -0.677558 7.36342e-05
          68   -0.678454   -0.677571 7.37306e-05
          69   -0.677462    -0.67757 7.26714e-05
          70   -0.677065   -0.677563 7.19881e-05
          71   -0.677288   -0.677559 7.10723e-05
          72    -0.67813   -0.677567 7.05266e-05
          73   -0.676943   -0.677558 7.00762e-05
          74   -0.676963    -0.67755 6.95887e-05
          75   -0.677766   -0.677553 6.87147e-05
          76   -0.678252   -0.677562 6.84255e-05
          77   -0.676942   -0.677554  6.8009e-05
          78   -0.677926   -0.677559 6.73001e-05
          79    -0.67739   -0.677557  6.6477e-05
          80   -0.677554   -0.677557 6.56408e-05
          81   -0.677088   -0.677551 6.50831e-05
          82   -0.677491    -0.67755 6.42886e-05
          83   -0.678672   -0.677564 6.49316e-05
          84   -0.677078   -0.677558 6.44136e-05
          85   -0.678846   -0.677573 6.54291e-05
          86    -0.67759   -0.677573 6.46641e-05
          87    -0.67867   -0.677586 6.51487e-05
          88   -0.676826   -0.677577  6.4981e-05
          89   -0.676038    -0.67756 6.65351e-05
          90   -0.677341   -0.677558 6.58367e-05
          91   -0.677628   -0.677558 6.51138e-05
          92   -0.677273   -0.677555 6.44769e-05
          93   -0.678006    -0.67756 6.39641e-05
          94   -0.676963   -0.677554 6.35977e-05
          95    -0.67737   -0.677552 6.29545e-05
          96   -0.677587   -0.677552 6.22964e-05
          97   -0.678778   -0.677565 6.29336e-05
          98   -0.675676   -0.677545 6.52017e-05
          99   -0.678398   -0.677554 6.51122e-05
         100    -0.67705   -0.677549 6.46543e-05
