           1     11.3028     11.3028           0
           2     11.2562     11.2795    0.023285
           3     10.9825     11.1805   0.0999171
           4     11.3408     11.2206   0.0812264
           5     11.7232     11.3211    0.118586
           6     11.2993     11.3175   0.0968935
           7     10.8601     11.2521    0.104761
           8      11.456     11.2776   0.0942372
           9     10.9422     11.2403   0.0910845
          10     10.9222     11.2085   0.0874584
          11      11.121     11.2006   0.0795079
          12     10.9859     11.1827   0.0747516
          13     11.1851     11.1829   0.0687617
          14     10.9878     11.1689   0.0651683
          15     11.5441     11.1939   0.0656207
          16     11.3164     11.2016   0.0618575
          17     11.1859     11.2007   0.0581124
          18     11.3991     11.2117   0.0558864
          19     11.5347     11.2287   0.0555301
          20     10.6834     11.2014   0.0593188
          21     11.1856     11.2007   0.0564285
          22     11.2959      11.205   0.0539763
          23     11.5092     11.2182   0.0532452
          24     10.8638     11.2035   0.0530742
          25     11.1513     11.2014   0.0509498
          26     11.3767     11.2081   0.0494131
          27     11.4044     11.2154   0.0481006
          28     11.0744     11.2104   0.0466235
          29     11.8449     11.2322   0.0500262
          30     11.2598     11.2332   0.0483386
          31     11.0892     11.2285   0.0469833
          32     11.2731     11.2299   0.0455128
          33     11.2648      11.231   0.0441248
          34     10.3706     11.2057   0.0497273
          35     11.4545     11.2128   0.0488064
          36     11.2974     11.2151   0.0474895
          37     11.1354      11.213   0.0462384
          38     10.9006     11.2047   0.0457496
          39     11.7375     11.2184   0.0466081
          40     11.2331     11.2188   0.0454295
          41     11.2115     11.2186   0.0443079
          42      11.332     11.2213   0.0433243
          43     11.3486     11.2243   0.0424083
          44     10.8569     11.2159   0.0422659
          45     11.9283     11.2317   0.0442452
          46     11.7559     11.2431   0.0447479
          47     11.7067      11.253   0.0448825
          48     10.9262     11.2462   0.0444618
          49     11.3835      11.249   0.0436351
          50     10.9292     11.2426   0.0432292
