           1    0.420842    0.420842           0
           2    0.427611    0.424226  0.00338442
           3    0.414848      0.4211  0.00368643
           4    0.420405    0.420926  0.00261249
           5    0.426831    0.422107    0.002343
           6    0.418937    0.421579  0.00198466
           7    0.422431    0.421701  0.00168175
           8     0.43008    0.422748  0.00179398
           9    0.421985    0.422663  0.00158441
          10    0.420242    0.422421  0.00143767
          11    0.427358     0.42287  0.00137568
          12    0.420689    0.422688   0.0012689
          13    0.425772    0.422926  0.00119108
          14    0.417891    0.422566  0.00115987
          15    0.422865    0.422586  0.00107997
          16     0.41999    0.422424  0.00102316
          17    0.421308    0.422358 0.000963328
          18    0.426487    0.422587 0.000936761
          19    0.425185    0.422724 0.000896571
          20    0.420945    0.422635 0.000855201
          21    0.426185    0.422804 0.000830833
          22    0.421431    0.422742 0.000794623
          23     0.41949      0.4226 0.000772343
          24    0.427415    0.422801 0.000766186
          25    0.422987    0.422808 0.000734938
          26     0.42103     0.42274  0.00070941
          27    0.422646    0.422737 0.000682639
          28     0.42133    0.422686 0.000659722
          29    0.423374     0.42271 0.000637007
          30    0.426334    0.422831 0.000627149
          31    0.420554    0.422757 0.000611011
          32     0.42466    0.422817 0.000594588
          33    0.419792    0.422725 0.000583531
          34     0.42083    0.422669 0.000568846
          35    0.422988    0.422679 0.000552429
          36    0.425891    0.422768 0.000544231
          37    0.418348    0.422648 0.000542627
          38     0.42113    0.422608 0.000529663
          39    0.418406    0.422501 0.000527038
          40    0.420531    0.422451 0.000516047
          41    0.421683    0.422433 0.000503652
          42    0.418883    0.422348 0.000498726
          43    0.420571    0.422307  0.00048874
          44    0.421199    0.422282 0.000478167
          45    0.421755     0.42227 0.000467567
          46    0.423479    0.422296 0.000458044
          47    0.420217    0.422252  0.00045037
          48     0.42156    0.422238 0.000441123
          49    0.427573    0.422346 0.000445538
          50    0.431842    0.422536 0.000476059
          51    0.418554    0.422458  0.00047312
          52    0.416529    0.422344 0.000477737
          53    0.413217    0.422172 0.000499275
          54    0.417182     0.42208 0.000498582
          55    0.420214    0.422046 0.000490607
          56    0.422425    0.422053 0.000481814
          57    0.425876     0.42212 0.000478016
          58    0.423209    0.422138 0.000470077
          59    0.426894    0.422219 0.000469018
          60     0.43023    0.422352 0.000480076
          61    0.426237    0.422416 0.000476415
          62    0.422729    0.422421 0.000468695
          63    0.418822    0.422364  0.00046472
          64    0.417277    0.422285 0.000464254
          65    0.424232    0.422315 0.000458037
          66    0.420037     0.42228 0.000452362
          67     0.42142    0.422267 0.000445744
          68    0.421379    0.422254 0.000439334
          69    0.422422    0.422257 0.000432927
          70    0.420834    0.422236 0.000427181
          71    0.419773    0.422202 0.000422548
          72      0.4295    0.422303 0.000428792
          73    0.423166    0.422315 0.000423042
          74    0.420657    0.422292 0.000417887
          75    0.423401    0.422307 0.000412543
          76    0.421733      0.4223 0.000407149
          77    0.421512    0.422289 0.000401956
          78    0.424269    0.422315  0.00039758
          79    0.423404    0.422329 0.000392758
          80     0.41625    0.422253 0.000395189
          81    0.428432    0.422329 0.000397668
          82    0.416454    0.422257 0.000399269
          83    0.426118    0.422304 0.000397164
          84    0.422171    0.422302  0.00039241
          85    0.424277    0.422325 0.000388462
          86    0.421788    0.422319 0.000383969
          87    0.419896    0.422291 0.000380551
          88    0.427918    0.422355 0.000381596
          89    0.420023    0.422329 0.000378193
          90     0.42636    0.422374 0.000376639
          91    0.423527    0.422386 0.000372693
          92    0.421364    0.422375 0.000368787
          93     0.42677    0.422423 0.000367847
          94    0.418861    0.422385  0.00036588
          95    0.418455    0.422343 0.000364364
          96    0.426516    0.422387  0.00036316
          97    0.419903    0.422361 0.000360307
          98    0.421423    0.422352  0.00035674
          99    0.427074    0.422399 0.000356326
         100    0.426126    0.422437 0.000354707
