           1    -0.89611    -0.89611           0
           2   -0.898106   -0.897108   0.0009976
           3   -0.897746   -0.897321 0.000614019
           4   -0.898526   -0.897622 0.000528423
           5   -0.897938   -0.897685 0.000414153
           6   -0.898066   -0.897749 0.000344074
           7   -0.897691    -0.89774 0.000290911
           8   -0.897119   -0.897663 0.000263633
           9   -0.898907   -0.897801 0.000270509
          10   -0.897969   -0.897818 0.000242532
          11   -0.898124   -0.897846 0.000221137
          12   -0.896027   -0.897694 0.000252419
          13   -0.895027   -0.897489 0.000309837
          14   -0.899015   -0.897598  0.00030687
          15   -0.898362   -0.897649 0.000290181
          16   -0.895977   -0.897544 0.000290862
          17   -0.898014   -0.897572 0.000274613
          18   -0.898253    -0.89761 0.000261655
          19   -0.897175   -0.897587 0.000248556
          20   -0.898886   -0.897652 0.000244588
          21   -0.897044   -0.897623 0.000234444
          22   -0.898345   -0.897656 0.000225928
          23   -0.895885   -0.897579 0.000229203
          24    -0.89917   -0.897645 0.000229247
          25   -0.898126   -0.897664 0.000220727
          26   -0.896829   -0.897632 0.000214489
          27   -0.897559    -0.89763  0.00020641
          28   -0.896463   -0.897588 0.000203216
          29   -0.895938   -0.897531 0.000204167
          30   -0.897406   -0.897527 0.000197288
          31   -0.897466   -0.897525 0.000190828
          32   -0.896604   -0.897496 0.000186996
          33   -0.899578   -0.897559 0.000191911
          34   -0.897924    -0.89757  0.00018649
          35   -0.896467   -0.897538 0.000183804
          36    -0.89736   -0.897533 0.000178694
          37   -0.896105   -0.897495 0.000178035
          38    -0.89715   -0.897486 0.000173524
          39   -0.896647   -0.897464 0.000170379
          40   -0.898714   -0.897496  0.00016898
          41   -0.898514    -0.89752 0.000166667
          42    -0.89709    -0.89751 0.000162972
          43   -0.895952   -0.897474  0.00016321
          44   -0.898224   -0.897491 0.000160367
          45   -0.897334   -0.897487 0.000156801
          46   -0.896726   -0.897471 0.000154246
          47   -0.896696   -0.897454 0.000151827
          48   -0.895297   -0.897409 0.000155278
          49   -0.897978   -0.897421 0.000152518
          50   -0.896829   -0.897409 0.000149905
          51   -0.899344   -0.897447 0.000151755
          52   -0.900986   -0.897515 0.000163628
          53   -0.896552   -0.897497 0.000161537
          54   -0.895848   -0.897466 0.000161432
          55   -0.897226   -0.897462  0.00015853
          56   -0.896988   -0.897454 0.000155903
          57   -0.897315   -0.897451 0.000153163
          58   -0.898468   -0.897469 0.000151517
          59   -0.897313   -0.897466  0.00014895
          60    -0.89699   -0.897458 0.000146661
          61   -0.897588    -0.89746 0.000144252
          62   -0.897431    -0.89746 0.000141907
          63   -0.895331   -0.897426 0.000143666
          64   -0.897066    -0.89742 0.000141515
          65   -0.895662   -0.897393 0.000141922
          66   -0.897422   -0.897394 0.000139756
          67    -0.89845    -0.89741 0.000138554
          68   -0.899379   -0.897439 0.000139541
          69   -0.897982   -0.897446  0.00013773
          70   -0.897076   -0.897441 0.000135851
          71   -0.897306   -0.897439 0.000133937
          72   -0.897128   -0.897435 0.000132135
          73   -0.896251   -0.897419 0.000131317
          74   -0.898998    -0.89744 0.000131278
          75   -0.897008   -0.897434 0.000129643
          76   -0.895912   -0.897414 0.000129485
          77   -0.896179   -0.897398 0.000128795
          78   -0.897031   -0.897393  0.00012722
          79   -0.895988   -0.897376 0.000126853
          80   -0.897524   -0.897378 0.000125271
          81   -0.897758   -0.897382 0.000123804
          82   -0.898519   -0.897396 0.000123068
          83   -0.896702   -0.897388 0.000121863
          84    -0.89809   -0.897396 0.000120693
          85   -0.895114   -0.897369 0.000122249
          86   -0.896933   -0.897364 0.000120925
          87   -0.897282   -0.897363 0.000119531
          88   -0.895998   -0.897348 0.000119179
          89    -0.89807   -0.897356 0.000118112
          90    -0.89902   -0.897374 0.000118247
          91   -0.895367   -0.897352 0.000119002
          92   -0.897634   -0.897355 0.000117741
          93   -0.896487   -0.897346 0.000116841
          94   -0.896274   -0.897335 0.000116153
          95   -0.898042   -0.897342 0.000115165
          96   -0.895838   -0.897326  0.00011503
          97   -0.896105   -0.897314 0.000114533
          98   -0.897091   -0.897312 0.000113381
          99   -0.898382   -0.897322 0.000112749
         100   -0.895862   -0.897308 0.000112567
