           1     0.45005     0.45005           0
           2    0.507779    0.478914   0.0288644
           3    0.471508    0.476446   0.0168467
           4     0.48819    0.479382   0.0122689
           5    0.482146    0.479935  0.00951956
           6    0.468031    0.477951  0.00802188
           7    0.482842    0.478649  0.00681563
           8    0.440937    0.473935  0.00755395
           9     0.49982    0.476811  0.00725629
          10    0.442164    0.473347  0.00735716
          11    0.472015    0.473226   0.0066559
          12    0.463944    0.472452  0.00612501
          13    0.471279    0.472362  0.00563492
          14    0.464657    0.471812  0.00524587
          15    0.475614    0.472065  0.00489021
          16    0.496547    0.473595   0.0048235
          17    0.440723    0.471661  0.00492625
          18    0.450955    0.470511  0.00478485
          19    0.493333    0.471712  0.00468269
          20    0.416858     0.46897  0.00522084
          21    0.474631    0.469239  0.00497332
          22    0.460935    0.468862  0.00475687
          23    0.472058    0.469001  0.00454747
          24    0.435826    0.467618  0.00456803
          25     0.46694    0.467591  0.00438158
          26    0.453913    0.467065  0.00424243
          27     0.47925    0.467516  0.00410715
          28    0.459434    0.467228  0.00396826
          29    0.475996     0.46753   0.0038409
          30    0.513341    0.469057  0.00401259
          31    0.469811    0.469081  0.00388107
          32    0.484549    0.469565  0.00378879
          33    0.486038    0.470064  0.00370596
          34    0.465587    0.469932  0.00359772
          35     0.49346    0.470605   0.0035575
          36    0.466352    0.470486  0.00345929
          37    0.462751    0.470277  0.00337098
          38    0.432666    0.469288  0.00342711
          39    0.444648    0.468656  0.00339734
          40    0.453852    0.468286  0.00333194
          41    0.449052    0.467817  0.00328334
          42    0.459799    0.467626  0.00320989
          43    0.490094    0.468148  0.00317761
          44    0.457226      0.4679  0.00311446
          45    0.477334     0.46811  0.00305167
          46    0.452192    0.467764  0.00300459
          47    0.486338    0.468159  0.00296641
          48    0.461068    0.468011   0.0029077
          49    0.466366    0.467978  0.00284794
          50    0.496951    0.468557  0.00284993
          51    0.478534    0.468753  0.00280034
          52    0.488386     0.46913  0.00277179
          53    0.509195    0.469886  0.00282212
          54    0.463428    0.469767  0.00277194
          55    0.471626      0.4698  0.00272129
          56    0.464083    0.469698   0.0026742
          57    0.456982    0.469475  0.00263632
          58    0.464538     0.46939  0.00259187
          59    0.454494    0.469138  0.00256004
          60    0.464353    0.469058  0.00251827
          61     0.46688    0.469022   0.0024769
          62    0.493043     0.46941  0.00246723
          63     0.46915    0.469405  0.00242776
          64    0.470563    0.469424  0.00238959
          65    0.448748    0.469105  0.00237395
          66    0.462492    0.469005  0.00233985
          67    0.485722    0.469255  0.00231813
          68    0.461729    0.469144  0.00228646
          69    0.445524    0.468802  0.00227894
          70    0.494654    0.469171  0.00227631
          71     0.47132    0.469201  0.00224422
          72    0.486115    0.469436  0.00222527
          73    0.470191    0.469447   0.0021946
          74    0.457271    0.469282  0.00217098
          75    0.490985    0.469571   0.0021613
          76     0.44183    0.469206  0.00216368
          77    0.473873    0.469267  0.00213626
          78    0.468199    0.469253  0.00210874
          79    0.478342    0.469368  0.00208505
          80    0.445129    0.469065    0.002081
          81     0.48505    0.469263   0.0020646
          82    0.481042    0.469406  0.00204432
          83    0.483303    0.469574  0.00202647
          84    0.480995     0.46971  0.00200681
          85    0.476038    0.469784  0.00198445
          86    0.486683    0.469981  0.00197106
          87    0.479039    0.470085  0.00195106
          88    0.492262    0.470337  0.00194515
          89    0.488606    0.470542  0.00193409
          90     0.46974    0.470533   0.0019125
          91    0.461197    0.470431  0.00189415
          92    0.447204    0.470178  0.00189038
          93    0.483856    0.470325  0.00187572
          94    0.476136    0.470387  0.00185669
          95    0.469446    0.470377  0.00183707
          96    0.491867    0.470601  0.00183156
          97    0.458294    0.470474  0.00181702
          98    0.482101    0.470593  0.00180229
          99    0.430046    0.470183   0.0018304
         100    0.501934    0.470501  0.00183961
