           1     1.47596     1.47596           0
           2     1.49438     1.48517  0.00920977
           3     1.49212     1.48749  0.00580033
           4     1.48418     1.48666  0.00418382
           5     1.46819     1.48297  0.00491347
           6     1.48995     1.48413  0.00417724
           7     1.49493     1.48567  0.00385256
           8     1.47481     1.48431  0.00360214
           9     1.47691     1.48349  0.00328154
          10     1.45177     1.48032  0.00432173
          11     1.49916     1.48203  0.00426782
          12     1.46429     1.48055   0.0041671
          13     1.45152     1.47832  0.00443621
          14     1.45445     1.47662  0.00444705
          15     1.46785     1.47603  0.00418102
          16     1.48159     1.47638  0.00392636
          17     1.48659     1.47698  0.00373675
          18     1.46071     1.47607  0.00363711
          19     1.47959     1.47626  0.00344532
          20     1.47844     1.47637  0.00327034
          21     1.45527     1.47536  0.00326888
          22     1.46606     1.47494  0.00314531
          23     1.46424     1.47448  0.00304122
          24     1.44623      1.4733  0.00314055
          25     1.48867     1.47391   0.0030744
          26     1.44696     1.47288  0.00313047
          27     1.45515     1.47222  0.00308301
          28      1.4597     1.47177  0.00300434
          29     1.47643     1.47193  0.00290335
          30      1.4612     1.47158  0.00282762
          31     1.46201     1.47127  0.00275223
          32     1.48211     1.47161  0.00268627
          33      1.4835     1.47197  0.00262842
          34     1.48085     1.47223   0.0025633
          35     1.45322     1.47169  0.00254755
          36     1.48228     1.47198  0.00249321
          37     1.47974     1.47219  0.00243393
          38     1.46599     1.47203  0.00237462
          39     1.47591     1.47213  0.00231508
          40     1.45808     1.47177  0.00228363
          41     1.48425     1.47208  0.00224791
          42     1.43667     1.47124  0.00235015
          43     1.47878     1.47141  0.00230155
          44     1.48958     1.47182  0.00228622
          45     1.48663     1.47215  0.00225891
          46      1.4676     1.47205  0.00221147
          47      1.4673     1.47195  0.00216628
          48     1.45295     1.47156   0.0021573
          49     1.46125     1.47135  0.00212326
          50     1.47315     1.47138  0.00208067
