           1   -0.692058   -0.692058           0
           2   -0.691853   -0.691955   0.0001024
           3   -0.690526   -0.691479 0.000479922
           4   -0.690315   -0.691188 0.000446995
           5   -0.692826   -0.691516 0.000476605
           6   -0.692509   -0.691681 0.000422895
           7   -0.691253    -0.69162  0.00036261
           8   -0.691486   -0.691603 0.000314473
           9   -0.690901   -0.691525 0.000288111
          10   -0.692008   -0.691573 0.000262179
          11   -0.692966     -0.6917 0.000268842
          12   -0.691514   -0.691685 0.000245909
          13   -0.692336   -0.691735 0.000231688
          14   -0.689822   -0.691598 0.000254298
          15   -0.692667   -0.691669 0.000247235
          16   -0.691331   -0.691648 0.000232231
          17   -0.691011   -0.691611 0.000221338
          18   -0.690899   -0.691571  0.00021239
          19    -0.69153   -0.691569 0.000200913
          20   -0.691258   -0.691553 0.000191238
          21   -0.692925   -0.691619  0.00019327
          22    -0.69013   -0.691551 0.000196314
          23   -0.690282   -0.691496 0.000195536
          24    -0.69205   -0.691519 0.000188628
          25   -0.689762   -0.691449 0.000194101
          26   -0.692221   -0.691478 0.000188836
          27   -0.692387   -0.691512 0.000184799
          28    -0.69151   -0.691512 0.000178077
          29    -0.69176    -0.69152  0.00017204
          30   -0.690286   -0.691479 0.000171221
          31   -0.691328   -0.691474 0.000165678
          32   -0.690786   -0.691453 0.000161855
          33   -0.691299   -0.691448 0.000156943
          34   -0.690586   -0.691423 0.000154356
          35   -0.690742   -0.691403 0.000151137
          36   -0.690942   -0.691391 0.000147436
          37   -0.690942   -0.691379 0.000143907
          38    -0.69163   -0.691385 0.000140226
          39   -0.692022   -0.691402 0.000137557
          40   -0.691478   -0.691403 0.000134087
          41   -0.692624   -0.691433 0.000134122
          42   -0.691914   -0.691445 0.000131388
          43   -0.690658   -0.691426 0.000129595
          44   -0.691747   -0.691434 0.000126826
          45   -0.691211   -0.691429 0.000124074
          46   -0.693539   -0.691475  0.00012973
          47   -0.693536   -0.691518 0.000134304
          48   -0.692005   -0.691529 0.000131866
          49   -0.693109   -0.691561 0.000133112
          50   -0.692763   -0.691585 0.000132621
