           1   -0.501112   -0.501112           0
           2   -0.502333   -0.501722   0.0006104
           3    -0.50311   -0.502185 0.000581598
           4   -0.501925    -0.50212 0.000416368
           5   -0.501714   -0.502039 0.000332562
           6   -0.500631   -0.501804 0.000358853
           7   -0.501673   -0.501785 0.000303867
           8   -0.501408   -0.501738 0.000267353
           9    -0.50286   -0.501863 0.000266697
          10   -0.502575   -0.501934 0.000248948
          11   -0.502558   -0.501991 0.000232223
          12   -0.501217   -0.501926 0.000221587
          13   -0.501471   -0.501891 0.000206816
          14   -0.501628   -0.501873 0.000192397
          15   -0.502224   -0.501896 0.000180637
          16    -0.50197   -0.501901 0.000169033
          17   -0.502209   -0.501919 0.000159811
          18   -0.501685   -0.501906 0.000151231
          19   -0.501379   -0.501878 0.000145709
          20   -0.501742   -0.501871 0.000138398
          21   -0.501324   -0.501845 0.000134197
          22   -0.501943    -0.50185  0.00012803
          23   -0.502849   -0.501893 0.000129821
          24   -0.501622   -0.501882 0.000124808
          25    -0.50155   -0.501868 0.000120446
          26   -0.502056   -0.501876 0.000115946
          27   -0.500799   -0.501836 0.000118479
          28   -0.501565   -0.501826 0.000114579
          29   -0.501037   -0.501799 0.000113858
          30   -0.502557   -0.501824 0.000112861
          31   -0.502355   -0.501841 0.000110496
          32   -0.501608   -0.501834 0.000107235
          33   -0.501966   -0.501838 0.000104011
          34   -0.501358   -0.501824 0.000101887
          35   -0.501361   -0.501811  9.9814e-05
          36   -0.502314   -0.501825 9.80057e-05
          37   -0.501674   -0.501821 9.54066e-05
          38   -0.502025   -0.501826 9.30173e-05
          39   -0.501045   -0.501806 9.27886e-05
          40   -0.501564     -0.5018 9.06412e-05
          41   -0.501315   -0.501788 8.91898e-05
          42   -0.501881    -0.50179 8.70683e-05
          43   -0.502013   -0.501795 8.51767e-05
          44   -0.500531   -0.501767 8.80391e-05
          45   -0.501836   -0.501768 8.60742e-05
          46   -0.501162   -0.501755 8.52064e-05
          47   -0.501828   -0.501757 8.33882e-05
          48   -0.501695   -0.501755 8.16425e-05
          49   -0.500647   -0.501733 8.30958e-05
          50   -0.501419   -0.501726  8.1658e-05
          51   -0.501919    -0.50173   8.013e-05
          52   -0.501654   -0.501729 7.85878e-05
          53    -0.50078   -0.501711  7.9142e-05
          54   -0.501787   -0.501712 7.76754e-05
          55   -0.501092   -0.501701 7.70796e-05
          56   -0.501686   -0.501701 7.56912e-05
          57   -0.501986   -0.501706 7.45201e-05
          58   -0.501109   -0.501695 7.39438e-05
          59    -0.50169   -0.501695 7.26798e-05
          60   -0.502945   -0.501716 7.44306e-05
          61   -0.501573   -0.501714  7.3238e-05
          62    -0.50163   -0.501712 7.20596e-05
          63   -0.502022   -0.501717  7.1077e-05
          64   -0.501337   -0.501711 7.02099e-05
          65   -0.501463   -0.501708 6.92268e-05
          66   -0.501119   -0.501699 6.87504e-05
          67   -0.502244   -0.501707 6.82038e-05
          68   -0.502626    -0.50172 6.85405e-05
          69   -0.500954   -0.501709  6.8448e-05
          70   -0.501742    -0.50171 6.74647e-05
          71   -0.501928   -0.501713 6.65787e-05
          72    -0.50197   -0.501716 6.57443e-05
          73   -0.502747   -0.501731 6.63573e-05
          74   -0.501345   -0.501725 6.56616e-05
          75   -0.502458   -0.501735 6.55135e-05
          76   -0.501958   -0.501738  6.4712e-05
          77   -0.501466   -0.501734  6.3964e-05
          78   -0.501349    -0.50173 6.33319e-05
          79   -0.501724   -0.501729 6.25252e-05
          80   -0.501826   -0.501731 6.17505e-05
          81    -0.50224   -0.501737 6.13068e-05
          82   -0.501502   -0.501734 6.06225e-05
          83    -0.50136    -0.50173  6.0057e-05
          84   -0.502102   -0.501734 5.95035e-05
          85   -0.501984   -0.501737 5.88728e-05
          86   -0.501933   -0.501739 5.82287e-05
          87   -0.502268   -0.501745 5.78756e-05
          88   -0.502018   -0.501748 5.72977e-05
          89    -0.50121   -0.501742 5.69719e-05
          90   -0.501911   -0.501744 5.63665e-05
          91   -0.501321    -0.50174 5.59375e-05
          92   -0.501585   -0.501738 5.53517e-05
          93    -0.50017   -0.501721 5.72914e-05
          94   -0.501874   -0.501723 5.67019e-05
          95   -0.502414    -0.50173 5.65724e-05
          96   -0.501682   -0.501729 5.59822e-05
          97   -0.502818   -0.501741 5.65265e-05
          98   -0.501162   -0.501735 5.62578e-05
          99   -0.502097   -0.501738 5.58066e-05
         100   -0.501294   -0.501734 5.54245e-05
