           1    0.344192    0.344192           0
           2    0.347636    0.345914  0.00172162
           3     0.35096    0.347596   0.0019537
           4    0.342659    0.346362  0.00185256
           5    0.344998    0.346089  0.00146068
           6     0.35021    0.346776  0.00137631
           7      0.3482    0.346979  0.00118087
           8    0.351895    0.347594  0.00119304
           9    0.347657    0.347601  0.00105219
          10    0.347403    0.347581 0.000941312
          11    0.346053    0.347442 0.000862709
          12    0.349007    0.347573 0.000798273
          13    0.350928    0.347831 0.000778344
          14    0.350198       0.348 0.000740177
          15    0.346115    0.347874 0.000700424
          16    0.346652    0.347798  0.00065962
          17    0.346761    0.347737 0.000622602
          18    0.345212    0.347596 0.000603515
          19    0.345683    0.347496 0.000579683
          20    0.349413    0.347592 0.000558232
          21    0.342695    0.347358 0.000579925
          22     0.34701    0.347343 0.000553164
          23    0.351217    0.347511 0.000554753
          24    0.350988    0.347656  0.00055054
          25    0.349745     0.34774 0.000534631
          26    0.349888    0.347822 0.000520259
          27    0.347707    0.347818 0.000500637
          28    0.347427    0.347804 0.000482628
          29    0.346761    0.347768 0.000467075
          30    0.346538    0.347727 0.000453096
          31    0.350772    0.347825 0.000449107
          32    0.350585    0.347911 0.000443317
          33    0.347062    0.347886 0.000430444
          34    0.348601    0.347907 0.000418122
          35    0.348654    0.347928 0.000406561
          36    0.347724    0.347922 0.000395147
          37    0.347061    0.347899 0.000385024
          38    0.345611    0.347839  0.00037956
          39    0.350925    0.347918 0.000378072
          40    0.347312    0.347903 0.000368811
          41    0.344924     0.34783 0.000366965
          42    0.347935    0.347833  0.00035813
          43    0.347766    0.347831 0.000349706
          44    0.342489     0.34771 0.000362597
          45    0.348058    0.347717 0.000354532
          46    0.351887    0.347808 0.000358393
          47    0.349349    0.347841 0.000352215
          48    0.348107    0.347846 0.000344843
          49     0.34773    0.347844 0.000337741
          50    0.342756    0.347742 0.000346209
          51    0.350421    0.347795 0.000343394
          52    0.350029    0.347838 0.000339455
          53    0.346886     0.34782 0.000333472
          54    0.345206    0.347771   0.0003308
          55    0.347821    0.347772 0.000324731
          56    0.346756    0.347754 0.000319396
          57    0.345978    0.347723 0.000315286
          58    0.347595    0.347721 0.000309811
          59    0.349173    0.347745 0.000305507
          60    0.353642    0.347844 0.000316042
          61    0.346363    0.347819 0.000311765
          62    0.346601      0.3478 0.000307324
          63    0.347715    0.347798 0.000302409
          64     0.35129    0.347853 0.000302606
          65    0.346188    0.347827 0.000299013
          66    0.345596    0.347794 0.000296383
          67    0.348457    0.347803 0.000292094
          68    0.345135    0.347764 0.000290429
          69    0.348949    0.347781 0.000286704
          70    0.349527    0.347806 0.000283677
          71    0.345395    0.347772 0.000281708
          72    0.346935    0.347761 0.000278011
          73     0.35115    0.347807  0.00027808
          74    0.348334    0.347814 0.000274389
          75    0.345506    0.347784  0.00027245
          76    0.351351     0.34783 0.000272908
          77    0.347715    0.347829 0.000269345
          78    0.348135    0.347833 0.000265898
          79     0.34791    0.347834 0.000262513
          80    0.350609    0.347869 0.000261522
          81    0.349112    0.347884 0.000258728
          82    0.347732    0.347882  0.00025556
          83    0.346206    0.347862 0.000253269
          84    0.344812    0.347826 0.000252856
          85    0.348813    0.347837 0.000250133
          86    0.348692    0.347847 0.000247407
          87    0.344265    0.347806 0.000247989
          88    0.350299    0.347834 0.000246786
          89    0.351213    0.347872 0.000246934
          90    0.347598    0.347869 0.000244194
          91    0.347838    0.347869 0.000241495
          92    0.348368    0.347874 0.000238918
          93    0.349135    0.347888 0.000236723
          94    0.347484    0.347884 0.000234231
          95    0.346131    0.347865 0.000232485
          96    0.346361    0.347849 0.000230584
          97    0.350205    0.347874 0.000229483
          98    0.353399     0.34793 0.000234022
          99     0.34404    0.347891 0.000234955
         100    0.347543    0.347887  0.00023262
