           1     2.36025     2.36025           0
           2     2.33939     2.34982   0.0104258
           3     2.37887      2.3595   0.0114028
           4     2.32788      2.3516   0.0112929
           5     2.39649     2.36058   0.0125352
           6     2.40396     2.36781    0.012531
           7     2.37257     2.36849   0.0106124
           8     2.38123     2.37008  0.00932769
           9     2.37678     2.37082  0.00825986
          10     2.34069     2.36781  0.00797857
          11     2.34868     2.36607  0.00742357
          12     2.38229     2.36742  0.00691018
          13     2.37246     2.36781  0.00636822
          14     2.31627     2.36413  0.00695093
          15     2.33928     2.36247  0.00667966
          16     2.37083     2.36299  0.00627005
          17     2.35319     2.36242  0.00591785
          18     2.28923     2.35835  0.00690359
          19     2.30979      2.3558  0.00701253
          20     2.36309     2.35616  0.00666265
          21     2.31331     2.35412  0.00665779
          22     2.37075     2.35488   0.0063928
          23     2.35261     2.35478  0.00610932
          24     2.39356     2.35639  0.00606829
          25     2.30306     2.35426  0.00619914
          26     2.34443     2.35388  0.00596793
          27     2.36396     2.35426  0.00575476
          28     2.31941     2.35301  0.00568336
          29     2.33934     2.35254  0.00550412
          30      2.3689     2.35308  0.00534538
          31      2.3442      2.3528  0.00517801
          32     2.37204      2.3534   0.0050495
          33     2.36586     2.35378  0.00490865
          34     2.33889     2.35334  0.00478218
          35     2.35516     2.35339  0.00464382
          36     2.30059     2.35192   0.0047453
          37     2.32815     2.35128  0.00465978
          38     2.38258     2.35211  0.00460968
          39     2.34312     2.35188  0.00449584
          40     2.27764     2.35002   0.0047588
          41     2.29791     2.34875  0.00481218
          42     2.34872     2.34875  0.00469621
          43      2.3305     2.34832  0.00460529
          44     2.33259     2.34797   0.0045136
          45     2.30958     2.34711  0.00449385
          46     2.33758     2.34691  0.00439995
          47     2.38074     2.34763   0.0043651
          48     2.34009     2.34747  0.00427607
          49     2.33039     2.34712  0.00420238
          50     2.36832     2.34754  0.00413924
