           1     5.48249     5.48249           0
           2     5.78258     5.63254    0.150045
           3     5.71952     5.66153   0.0913518
           4     5.59842     5.64575   0.0664944
           5       5.619      5.6404   0.0517836
           6     5.70011     5.65035   0.0434365
           7     5.76401     5.66659   0.0401412
           8     5.63945      5.6632   0.0349284
           9     5.67058     5.66402   0.0308149
          10     5.59556     5.65717   0.0283992
          11     5.41327       5.635   0.0339339
          12     5.64544     5.63587   0.0309894
          13     5.55105     5.62934   0.0292433
          14     5.52955     5.62222   0.0279967
          15     5.72633     5.62916   0.0269719
          16     5.62025      5.6286    0.025236
          17     5.53134     5.62288   0.0243858
          18     5.83258     5.63453   0.0257743
          19     5.75483     5.64086   0.0251887
          20     5.37478     5.62756     0.02735
          21     5.52731     5.62278   0.0264494
          22     5.61415     5.62239   0.0252215
          23     5.64132     5.62321   0.0241141
          24     5.53888      5.6197   0.0233534
          25     5.88607     5.63035   0.0248046
          26     5.71045     5.63343   0.0240298
          27     5.69391     5.63567   0.0232309
          28       5.683     5.63736   0.0224496
          29     5.75258     5.64134    0.022023
          30     5.65025     5.64163   0.0212783
          31     5.85342     5.64847   0.0216847
          32     5.53086     5.64479   0.0213154
          33     5.44664     5.63879   0.0215143
          34     5.66305      5.6395   0.0208842
          35     5.56461     5.63736   0.0203913
          36     5.66086     5.63801   0.0198275
          37     5.59014     5.63672   0.0193275
          38     5.49161      5.6329   0.0191957
          39     5.68083     5.63413   0.0187374
          40      5.4786     5.63024   0.0186723
          41     5.53738     5.62798   0.0183515
          42     5.72505     5.63029   0.0180577
          43     5.56792     5.62884   0.0176923
          44     5.63459     5.62897   0.0172861
          45     5.70509     5.63066    0.016982
          46     5.43289     5.62636   0.0171562
          47     5.59486     5.62569   0.0168006
          48      5.4639     5.62232   0.0167887
          49     5.71141     5.62414   0.0165427
          50     5.76335     5.62692   0.0164459
