           1   -0.651195   -0.651195           0
           2   -0.651282   -0.651238    4.32e-05
           3   -0.650272   -0.650916 0.000323097
           4   -0.651529   -0.651069 0.000275038
           5   -0.651853   -0.651226 0.000264454
           6   -0.650329   -0.651077 0.000262656
           7   -0.651703   -0.651166 0.000239357
           8    -0.65104    -0.65115 0.000207887
           9   -0.650926   -0.651125  0.00018502
          10   -0.650422   -0.651055 0.000179832
          11   -0.651127   -0.651062 0.000162796
          12    -0.65081   -0.651041 0.000150079
          13   -0.650249    -0.65098 0.000150894
          14   -0.651101   -0.650988 0.000139968
          15   -0.650899   -0.650982 0.000130438
          16   -0.650332   -0.650942 0.000128608
          17   -0.650301   -0.650904 0.000126554
          18   -0.650893   -0.650903 0.000119318
          19    -0.65179    -0.65095 0.000122136
          20   -0.650827   -0.650944 0.000116032
          21   -0.650375   -0.650917 0.000113643
          22   -0.650554     -0.6509   0.0001096
          23   -0.651603   -0.650931 0.000109093
          24   -0.650631   -0.650918 0.000105193
          25   -0.650834   -0.650915 0.000100955
          26   -0.651359   -0.650932 9.84864e-05
          27   -0.649907   -0.650894 0.000102089
          28   -0.649987   -0.650862 0.000103572
          29   -0.651217   -0.650874 0.000100683
          30   -0.651804   -0.650905 0.000102089
          31   -0.650763     -0.6509 9.88471e-05
          32   -0.651846    -0.65093 0.000100169
          33   -0.650963   -0.650931 9.70914e-05
          34   -0.651126   -0.650937 9.43676e-05
          35   -0.650323   -0.650919 9.32938e-05
          36    -0.65021     -0.6509 9.27788e-05
          37   -0.651022   -0.650903 9.02975e-05
          38   -0.651272   -0.650913 8.84242e-05
          39   -0.650052   -0.650891 8.89091e-05
          40    -0.65239   -0.650928 9.44144e-05
          41    -0.65073   -0.650923 9.22088e-05
          42   -0.649737   -0.650895 9.43161e-05
          43   -0.650914   -0.650895 9.20977e-05
          44   -0.652406    -0.65093 9.63041e-05
          45   -0.650667   -0.650924 9.43203e-05
          46   -0.650239   -0.650909 9.34402e-05
          47   -0.649801   -0.650885 9.44219e-05
          48   -0.649825   -0.650863 9.50383e-05
          49   -0.648886   -0.650823 0.000101446
          50    -0.65012   -0.650809 0.000100386
          51    -0.65049   -0.650803 9.85962e-05
          52   -0.651111   -0.650809 9.68634e-05
          53   -0.650354     -0.6508 9.54053e-05
          54    -0.65117   -0.650807 9.38717e-05
          55    -0.65037   -0.650799 9.24902e-05
          56   -0.650475   -0.650793 9.10074e-05
          57   -0.650867   -0.650794 8.94059e-05
          58   -0.650498   -0.650789 8.79999e-05
          59   -0.651144   -0.650795 8.67041e-05
          60   -0.650634   -0.650793  8.5289e-05
          61   -0.650727   -0.650792  8.3886e-05
          62   -0.651406   -0.650801 8.31141e-05
          63   -0.651789   -0.650817 8.32721e-05
          64   -0.651558   -0.650829 8.27749e-05
          65   -0.652202    -0.65085 8.41871e-05
          66   -0.651261   -0.650856 8.31352e-05
          67    -0.65114    -0.65086 8.19945e-05
          68   -0.650424   -0.650854 8.10342e-05
          69    -0.65155   -0.650864 8.04851e-05
          70   -0.650297   -0.650856 7.97398e-05
          71   -0.650262   -0.650848 7.90531e-05
          72   -0.650957   -0.650849 7.79622e-05
          73   -0.651229   -0.650854 7.70625e-05
          74   -0.650341   -0.650847 7.63301e-05
          75   -0.651004   -0.650849 7.53344e-05
          76   -0.650715   -0.650848 7.43575e-05
          77    -0.65015   -0.650839 7.39433e-05
          78   -0.650467   -0.650834 7.31443e-05
          79    -0.65136    -0.65084  7.2519e-05
          80   -0.651791   -0.650852 7.25862e-05
          81   -0.652174   -0.650869 7.35191e-05
          82   -0.651406   -0.650875 7.29125e-05
          83    -0.65013   -0.650866 7.25867e-05
          84   -0.650617   -0.650863 7.17789e-05
          85    -0.65139   -0.650869 7.11991e-05
          86   -0.650434   -0.650864  7.0548e-05
          87   -0.651064   -0.650867 6.97701e-05
          88   -0.649394    -0.65085 7.09729e-05
          89    -0.65153   -0.650858 7.05862e-05
          90    -0.65097   -0.650859 6.98086e-05
          91   -0.651341   -0.650864   6.924e-05
          92   -0.650726   -0.650863 6.84998e-05
          93   -0.651465   -0.650869 6.80679e-05
          94   -0.650305   -0.650863  6.7607e-05
          95   -0.651057   -0.650865 6.69226e-05
          96   -0.651327    -0.65087 6.63965e-05
          97   -0.651198   -0.650873 6.57956e-05
          98   -0.650336   -0.650868 6.53512e-05
          99   -0.651054    -0.65087 6.47151e-05
         100   -0.650935    -0.65087  6.4068e-05
