           1   -0.913157   -0.913157           0
           2   -0.911547   -0.912352   0.0008048
           3   -0.911099   -0.911934 0.000624733
           4   -0.912574   -0.912094 0.000469835
           5   -0.915992   -0.912874  0.00086029
           6   -0.911342   -0.912619 0.000747364
           7   -0.915149    -0.91298 0.000727744
           8   -0.914518   -0.913172 0.000658925
           9   -0.909922   -0.912811 0.000684224
          10   -0.915072   -0.913037 0.000652413
          11   -0.915826   -0.913291 0.000642267
          12   -0.909378   -0.912965 0.000670891
          13   -0.914504   -0.913083 0.000628387
          14   -0.910019   -0.912864 0.000621575
          15   -0.915182   -0.913019 0.000598937
          16   -0.914816   -0.913131 0.000571403
          17   -0.912077   -0.913069 0.000540311
          18   -0.911734   -0.912995 0.000514778
          19   -0.914851   -0.913093 0.000496636
          20   -0.914014   -0.913139 0.000473399
          21   -0.914072   -0.913183  0.00045248
          22   -0.914117   -0.913226 0.000433505
          23   -0.912309   -0.913186 0.000416142
          24     -0.9106   -0.913078 0.000412736
          25   -0.916565   -0.913217 0.000419732
          26   -0.912746   -0.913199 0.000403674
          27   -0.915621   -0.913289 0.000398654
          28   -0.913088   -0.913282  0.00038422
          29   -0.914746   -0.913332 0.000374155
          30   -0.915285   -0.913397  0.00036728
          31   -0.914912   -0.913446 0.000358579
          32   -0.912926    -0.91343 0.000347573
          33   -0.914189   -0.913453 0.000337659
          34   -0.912563   -0.913427 0.000328621
          35   -0.913283   -0.913423  0.00031912
          36   -0.911766   -0.913377 0.000313524
          37    -0.91148   -0.913325 0.000309211
          38   -0.911674   -0.913282 0.000304087
          39   -0.908403   -0.913157 0.000321522
          40   -0.914792   -0.913198 0.000316035
          41   -0.914147   -0.913221   0.0003091
          42   -0.913131   -0.913219 0.000301658
          43   -0.917419   -0.913316 0.000310334
          44   -0.912626   -0.913301 0.000303605
          45    -0.91611   -0.913363 0.000303278
          46   -0.915299   -0.913405 0.000299583
          47   -0.910982   -0.913354 0.000297638
          48   -0.915534   -0.913399 0.000294892
          49    -0.91397   -0.913411 0.000289045
          50   -0.913861    -0.91342 0.000283348
