           1   -0.929586   -0.929586           0
           2    -0.93064   -0.930113   0.0005272
           3   -0.929562   -0.929929 0.000355534
           4   -0.930987   -0.930194 0.000364939
           5   -0.930596   -0.930274 0.000293913
           6   -0.930578   -0.930325 0.000245281
           7     -0.9307   -0.930378 0.000214117
           8   -0.931723   -0.930546 0.000250284
           9   -0.929783   -0.930462 0.000236463
          10   -0.928922   -0.930308  0.00026163
          11   -0.930706   -0.930344 0.000239414
          12   -0.928989   -0.930231 0.000246005
          13   -0.932074   -0.930373 0.000267049
          14   -0.927003   -0.930132 0.000345046
          15   -0.930303   -0.930144 0.000321423
          16   -0.930834   -0.930187 0.000303748
          17    -0.92931   -0.930135 0.000289941
          18    -0.93183   -0.930229 0.000289113
          19    -0.93102   -0.930271 0.000276622
          20    -0.93049   -0.930282 0.000262656
          21   -0.928977    -0.93022  0.00025745
          22   -0.928891   -0.930159 0.000252787
          23   -0.929042   -0.930111  0.00024638
          24   -0.930115   -0.930111 0.000235891
          25   -0.929465   -0.930085  0.00022773
          26   -0.930086   -0.930085 0.000218796
          27   -0.929434   -0.930061 0.000211915
          28   -0.929197    -0.93003 0.000206526
          29    -0.92746   -0.929942 0.000218097
          30   -0.928798   -0.929903 0.000214119
          31    -0.93043    -0.92992 0.000207793
          32   -0.929212   -0.929898  0.00020241
          33   -0.930871   -0.929928 0.000198383
          34   -0.929066   -0.929902 0.000194123
          35   -0.928412    -0.92986 0.000193245
          36   -0.928146   -0.929812 0.000193738
          37   -0.931664   -0.929862 0.000194962
          38   -0.931034   -0.929893  0.00019225
          39   -0.926134   -0.929797 0.000210611
          40   -0.930056   -0.929803 0.000205381
          41   -0.929193   -0.929788 0.000200861
          42   -0.930571   -0.929807 0.000196905
          43   -0.929601   -0.929802 0.000192331
          44   -0.930872   -0.929826 0.000189475
          45   -0.929207   -0.929813 0.000185728
          46   -0.928726   -0.929789 0.000183174
          47   -0.931874   -0.929833 0.000184644
          48   -0.928907   -0.929814 0.000181783
          49   -0.931862   -0.929856 0.000182873
          50   -0.930588   -0.929871 0.000179775
          51   -0.929687   -0.929867 0.000176251
          52   -0.929626   -0.929862 0.000172891
          53   -0.930453   -0.929874 0.000169963
          54   -0.929169    -0.92986 0.000167295
          55   -0.931454   -0.929889 0.000166763
          56   -0.929142   -0.929876 0.000164302
          57    -0.93055   -0.929888 0.000161825
          58   -0.932235   -0.929928  0.00016408
          59   -0.928065   -0.929897 0.000164339
          60   -0.931936   -0.929931 0.000165113
          61    -0.92762   -0.929893 0.000166743
          62   -0.929648   -0.929889  0.00016408
          63   -0.930388   -0.929897 0.000161648
          64   -0.931132   -0.929916 0.000160269
          65   -0.929854   -0.929915 0.000157787
          66   -0.930435   -0.929923 0.000155577
          67    -0.93025   -0.929928 0.000153315
          68   -0.929577   -0.929923 0.000151132
          69    -0.93103   -0.929939 0.000149788
          70   -0.930076   -0.929941 0.000147646
          71   -0.930606    -0.92995 0.000145852
          72   -0.929734   -0.929947 0.000143844
          73   -0.928003   -0.929921 0.000144337
          74   -0.928583   -0.929902 0.000143516
          75   -0.932478   -0.929937 0.000145693
          76   -0.930591   -0.929945 0.000144021
          77   -0.929082   -0.929934  0.00014258
          78   -0.928102   -0.929911 0.000142688
          79   -0.930607    -0.92992 0.000141146
          80   -0.928736   -0.929905 0.000140153
          81   -0.928274   -0.929885 0.000139868
          82   -0.929032   -0.929874 0.000138542
          83   -0.928543   -0.929858 0.000137799
          84   -0.931768   -0.929881 0.000138034
          85   -0.928159   -0.929861 0.000137896
          86   -0.930119   -0.929864 0.000136317
          87   -0.929635   -0.929861 0.000134766
          88   -0.929528   -0.929857  0.00013328
          89   -0.929278   -0.929851 0.000131935
          90   -0.930771   -0.929861 0.000130861
          91   -0.926838   -0.929828 0.000133611
          92   -0.928594   -0.929814 0.000132829
          93   -0.930206   -0.929819 0.000131461
          94   -0.930263   -0.929823 0.000130141
          95   -0.930074   -0.929826 0.000128791
          96   -0.930273   -0.929831 0.000127527
          97   -0.929529   -0.929827 0.000126244
          98   -0.932238   -0.929852 0.000127346
          99   -0.928146   -0.929835 0.000127225
         100   -0.930367    -0.92984 0.000126059
