           1      1.8341      1.8341           0
           2     1.81934     1.82672  0.00737865
           3     1.83497     1.82947  0.00507094
           4     1.83867     1.83177   0.0042599
           5     1.78704     1.82282  0.00953573
           6     1.80931     1.82057   0.0081053
           7     1.80611     1.81851  0.00715494
           8     1.84614     1.82196  0.00709395
           9     1.82554     1.82236  0.00626893
          10     1.82942     1.82306  0.00565141
          11     1.79846     1.82083  0.00557989
          12     1.82624     1.82128  0.00511366
          13     1.80174     1.81978  0.00493826
          14     1.82714      1.8203  0.00460209
          15      1.8275     1.82078  0.00431107
          16      1.8268     1.82116  0.00405013
          17      1.8271     1.82151  0.00382047
          18     1.83783     1.82241  0.00371434
          19     1.84183     1.82343  0.00365896
          20     1.80962     1.82274  0.00353921
          21     1.82638     1.82292  0.00337092
          22     1.81488     1.82255  0.00323475
          23     1.82439     1.82263  0.00309195
          24     1.84237     1.82345  0.00307241
          25     1.82689     1.82359  0.00295015
          26     1.82884     1.82379   0.0028416
          27     1.81948     1.82363    0.002739
          28     1.82104     1.82354  0.00264099
          29     1.81958      1.8234  0.00255195
          30     1.82553     1.82348  0.00246643
          31     1.79472     1.82255  0.00255953
          32     1.80859     1.82211  0.00251636
          33     1.83044     1.82236  0.00245195
          34     1.83974     1.82288  0.00243303
          35     1.80982      1.8225  0.00239177
          36     1.81196     1.82221  0.00234277
          37     1.82887     1.82239  0.00228567
          38     1.82999     1.82259  0.00223367
          39     1.83675     1.82295  0.00220573
          40     1.81381     1.82272  0.00216201
          41     1.83051     1.82291  0.00211716
          42     1.83405     1.82318  0.00208307
          43     1.78358     1.82226  0.00223276
          44     1.83315     1.82251  0.00219543
          45     1.80972     1.82222  0.00216481
          46     1.81105     1.82198   0.0021311
          47     1.81641     1.82186  0.00208864
          48     1.85039     1.82245  0.00212931
          49     1.82307     1.82247  0.00208544
          50     1.80933      1.8222  0.00206013
          51     1.83385     1.82243   0.0020322
          52      1.8408     1.82279   0.0020238
          53     1.83447     1.82301  0.00199745
          54      1.8303     1.82314  0.00196476
          55     1.83987     1.82345  0.00195256
          56     1.82844     1.82353  0.00191945
          57      1.8381     1.82379  0.00190271
          58     1.85122     1.82426  0.00192852
          59     1.82464     1.82427  0.00189556
          60     1.82063     1.82421  0.00186469
          61     1.80359     1.82387  0.00186476
          62      1.8077     1.82361  0.00185289
          63     1.83881     1.82385  0.00183914
          64     1.82308     1.82384  0.00181021
          65     1.79996     1.82347  0.00181961
          66     1.84395     1.82378  0.00181849
          67     1.84694     1.82413  0.00182418
          68      1.8152       1.824  0.00180195
          69     1.83054     1.82409  0.00177817
          70      1.8332     1.82422  0.00175741
          71     1.82223     1.82419  0.00173271
          72       1.784     1.82364  0.00179737
          73     1.84637     1.82395  0.00179972
          74     1.84257      1.8242  0.00179297
          75     1.83986     1.82441  0.00178119
          76     1.82737     1.82445  0.00175803
          77     1.82613     1.82447  0.00173519
          78     1.83448      1.8246   0.0017176
          79     1.81205     1.82444  0.00170314
          80     1.81836     1.82436  0.00168343
          81     1.80032     1.82406   0.0016888
          82     1.85792     1.82448  0.00171841
          83     1.84239     1.82469  0.00171124
          84     1.83006     1.82476  0.00169195
          85      1.8423     1.82496  0.00168462
          86     1.84833     1.82524  0.00168695
          87     1.83038     1.82529   0.0016685
          88     1.81646     1.82519  0.00165248
          89     1.81142     1.82504  0.00164112
          90      1.7962     1.82472  0.00165411
          91     1.81034     1.82456  0.00164345
          92     1.81347     1.82444  0.00162995
          93     1.82111      1.8244  0.00161272
          94     1.82155     1.82437  0.00159576
          95     1.81933     1.82432  0.00157977
          96     1.79986     1.82407  0.00158386
          97     1.81959     1.82402  0.00156813
          98     1.81873     1.82397  0.00155298
          99     1.82758       1.824  0.00153765
         100     1.81464     1.82391  0.00152507
