           1    0.770238    0.770238           0
           2    0.690414    0.730326   0.0399124
           3    0.677988     0.71288   0.0289026
           4    0.777592    0.729058   0.0260655
           5    0.739552    0.731157    0.020299
           6    0.713843    0.728271   0.0168234
           7    0.766059    0.733669   0.0152087
           8    0.695153    0.728855   0.0140235
           9    0.774339    0.733909   0.0133603
          10    0.706667    0.731185   0.0122564
          11    0.814338    0.738744   0.0134183
          12    0.671286    0.733122   0.0134775
          13    0.736487    0.733381   0.0124002
          14    0.764071    0.735573   0.0116878
          15    0.747078     0.73634   0.0109077
          16    0.732409    0.736095   0.0102062
          17    0.741205    0.736395  0.00959177
          18    0.697517    0.734235  0.00929757
          19    0.709574    0.732937  0.00888989
          20     0.72134    0.732357   0.0084536
          21    0.765793     0.73395  0.00819709
          22    0.702579    0.732524  0.00794463
          23    0.766645    0.734007  0.00773496
          24     0.74059    0.734281  0.00741074
          25    0.687318    0.732403  0.00735218
          26    0.754416     0.73325   0.0071143
          27    0.665518    0.730741   0.0072909
          28     0.70436    0.729799  0.00708858
          29    0.725863    0.729663  0.00684112
          30    0.839689    0.733331  0.00755855
          31    0.795586    0.735339  0.00758148
          32    0.731438    0.735217  0.00734175
          33    0.757798    0.735901  0.00714862
          34    0.698066    0.734788  0.00702389
          35    0.722654    0.734442  0.00682906
          36    0.693457    0.733303  0.00673359
          37      0.7678    0.734236  0.00661511
          38    0.730736    0.734144  0.00643933
          39    0.649041    0.731961   0.0066408
          40    0.696258    0.731069  0.00653391
          41    0.694826    0.730185  0.00643357
          42    0.736085    0.730325  0.00628009
          43    0.748681    0.730752  0.00614714
          44    0.757815    0.731367  0.00603722
          45    0.741838      0.7316  0.00590613
          46    0.773124    0.732503  0.00584641
          47    0.748918    0.732852  0.00573132
          48    0.709697     0.73237  0.00563135
          49    0.727987     0.73228  0.00551595
          50    0.729241    0.732219  0.00540485
