           1    0.440896    0.440896           0
           2    0.446064     0.44348  0.00258392
           3     0.42002     0.43566  0.00796094
           4    0.443963    0.437736   0.0059997
           5     0.43051    0.436291  0.00486685
           6    0.433676    0.435855   0.0039976
           7    0.442339    0.436781  0.00350327
           8    0.420736    0.434775  0.00363694
           9     0.43973    0.435326  0.00325438
          10    0.427535    0.434547  0.00301327
          11    0.425913    0.433762  0.00283637
          12    0.433786    0.433764  0.00258924
          13    0.436299    0.433959  0.00238973
          14    0.422818    0.433163  0.00235122
          15    0.437562    0.433456  0.00220842
          16    0.415447    0.432331  0.00235255
          17     0.44189    0.432893  0.00228025
          18    0.432905    0.432894  0.00214984
          19    0.423092    0.432378  0.00209796
          20    0.445365    0.433027  0.00209355
          21    0.433668    0.433058   0.0019916
          22    0.432319    0.433024  0.00189921
          23    0.429609    0.432876  0.00182082
          24    0.434743    0.432953  0.00174504
          25    0.442071    0.433318  0.00171306
          26    0.432896    0.433302  0.00164593
          27    0.443156    0.433667  0.00162531
          28    0.432937    0.433641   0.0015664
          29    0.432258    0.433593  0.00151218
          30    0.427137    0.433378  0.00147667
          31     0.44568    0.433775  0.00148234
          32    0.421978    0.433406  0.00148186
          33    0.439516    0.433591  0.00144814
          34    0.429844    0.433481  0.00140922
          35    0.418097    0.433042  0.00143723
          36    0.431475    0.432998  0.00139741
          37    0.436352    0.433089  0.00136214
          38    0.436184     0.43317  0.00132831
          39    0.433891    0.433189  0.00129393
          40    0.435379    0.433243  0.00126236
          41     0.43464    0.433277  0.00123165
          42    0.428518    0.433164   0.0012073
          43    0.426173    0.433002  0.00119005
          44    0.444201    0.433256  0.00119022
          45    0.432994     0.43325  0.00116349
          46    0.423459    0.433037  0.00115765
          47    0.434883    0.433077  0.00113343
          48    0.429206    0.432996  0.00111249
          49    0.453187    0.433408  0.00116487
          50    0.441304    0.433566  0.00115221
          51    0.443135    0.433754  0.00114487
          52     0.44691    0.434007   0.0011508
          53    0.439898    0.434118  0.00113433
          54    0.439224    0.434212  0.00111714
          55     0.43435    0.434215  0.00109664
          56    0.420072    0.433962   0.0011061
          57    0.431843    0.433925  0.00108716
          58    0.434574    0.433936  0.00106831
          59    0.427722    0.433831  0.00105531
          60    0.427375    0.433723  0.00104314
          61    0.429549    0.433655  0.00102818
          62    0.438552    0.433734  0.00101454
          63    0.421999    0.433548  0.00101553
          64    0.442321    0.433685  0.00100889
          65    0.444568    0.433852  0.00100727
          66     0.44177    0.433972 0.000999115
          67    0.433248    0.433961  0.00098415
          68    0.437954     0.43402 0.000971345
          69    0.423001     0.43386 0.000970394
          70    0.424223    0.433723 0.000966289
          71    0.421598    0.433552 0.000967769
          72    0.431997     0.43353 0.000954477
          73    0.434335    0.433541 0.000941376
          74     0.44256    0.433663 0.000936531
          75     0.42459    0.433542 0.000931845
          76    0.421637    0.433386 0.000932751
          77    0.433877    0.433392  0.00092058
          78    0.427282    0.433314  0.00091207
          79    0.446836    0.433485 0.000916577
          80    0.445413    0.433634 0.000917246
          81    0.416065    0.433417 0.000931457
          82     0.43432    0.433428 0.000920093
          83    0.441008    0.433519 0.000913516
          84    0.436782    0.433558 0.000903411
          85    0.425067    0.433458 0.000898291
          86    0.424657    0.433356 0.000893664
          87    0.432518    0.433346 0.000883385
          88    0.424787    0.433249 0.000878688
          89    0.430522    0.433218   0.0008693
          90     0.42399    0.433116  0.00086568
          91    0.439146    0.433182 0.000858676
          92     0.43512    0.433203 0.000849552
          93    0.435453    0.433227 0.000840716
          94      0.4353    0.433249 0.000832016
          95    0.436411    0.433283 0.000823884
          96    0.428437    0.433232 0.000816817
          97    0.423326     0.43313 0.000814778
          98    0.425725    0.433055 0.000809953
          99    0.426367    0.432987 0.000804571
         100    0.419434    0.432851 0.000807934
