           1   0.0675928   0.0675928           0
           2   0.0608684   0.0642306   0.0033622
           3   0.0655668    0.064676  0.00199161
           4   0.0601728   0.0635502  0.00180296
           5    0.062874    0.063415   0.0014031
           6    0.062302   0.0632295  0.00116055
           7   0.0661584   0.0636479  0.00106636
           8   0.0592572    0.063099  0.00107427
           9   0.0586156   0.0626009  0.00107041
          10   0.0651532   0.0628561 0.000990838
          11   0.0663968    0.063178 0.000952295
          12   0.0624992   0.0631214  0.00087116
          13   0.0648852   0.0632571 0.000812755
          14    0.059552   0.0629925 0.000797649
          15   0.0645596   0.0630969 0.000749884
          16   0.0623688   0.0630514 0.000702927
          17   0.0626096   0.0630254 0.000660796
          18   0.0631664   0.0630333 0.000623054
          19   0.0630428   0.0630338  0.00058935
          20   0.0637528   0.0630697 0.000560262
          21   0.0675336   0.0632823 0.000573744
          22   0.0637564   0.0633038 0.000547468
          23   0.0626504   0.0632754 0.000523895
          24    0.057906   0.0630517 0.000549224
          25    0.063026   0.0630507 0.000526798
          26   0.0657932   0.0631562 0.000517006
          27     0.06121   0.0630841 0.000502684
          28   0.0634424   0.0630969 0.000484567
          29   0.0607752   0.0630168 0.000474364
          30   0.0640228   0.0630503 0.000459504
          31   0.0642372   0.0630886 0.000446081
          32   0.0652488   0.0631561 0.000437159
          33   0.0575032   0.0629848 0.000457023
          34   0.0632176   0.0629917  0.00044343
          35    0.060694    0.062926  0.00043555
          36     0.06449   0.0629695 0.000425502
          37   0.0665036    0.063065 0.000424722
          38   0.0614892   0.0630235 0.000415469
          39   0.0649388   0.0630726 0.000407645
          40   0.0611812   0.0630254 0.000400127
          41   0.0596044   0.0629419 0.000399066
          42   0.0652544    0.062997 0.000393321
          43    0.062784    0.062992 0.000384097
          44   0.0658048   0.0630559 0.000380672
          45   0.0609876     0.06301 0.000374945
          46   0.0607432   0.0629607 0.000369999
          47   0.0606108   0.0629107 0.000365477
          48   0.0612052   0.0628752 0.000359542
          49   0.0667856    0.062955 0.000361058
          50   0.0595472   0.0628868 0.000360269
          51   0.0614272   0.0628582 0.000354292
          52   0.0578628   0.0627621 0.000360449
          53   0.0613564   0.0627356 0.000354576
          54   0.0663844   0.0628032 0.000354448
          55   0.0649564   0.0628423  0.00035014
          56    0.064634   0.0628743 0.000345316
          57   0.0608008    0.062838 0.000341148
          58    0.060302   0.0627942 0.000338054
          59   0.0650784   0.0628329 0.000334523
          60   0.0688788   0.0629337  0.00034399
          61    0.065222   0.0629712 0.000340377
          62   0.0609784   0.0629391 0.000336381
          63   0.0557092   0.0628243 0.000350329
          64    0.060436    0.062787 0.000346825
          65   0.0691952   0.0628856 0.000355395
          66   0.0560476    0.062782 0.000364983
          67    0.058158    0.062713 0.000366059
          68   0.0593076   0.0626629 0.000364096
          69   0.0625552   0.0626613 0.000358784
          70   0.0684312   0.0627438 0.000363101
          71   0.0644812   0.0627682 0.000358785
          72   0.0598064   0.0627271 0.000356151
          73   0.0632828   0.0627347 0.000351321
          74   0.0633832   0.0627435 0.000346651
          75   0.0643232   0.0627645 0.000342646
          76   0.0666724   0.0628159 0.000341995
          77   0.0596264   0.0627745 0.000340057
          78   0.0619252   0.0627636 0.000335845
          79   0.0678684   0.0628283 0.000337805
          80   0.0694956   0.0629116  0.00034381
          81    0.067012   0.0629622 0.000343291
          82   0.0639352   0.0629741 0.000339287
          83   0.0661336   0.0630121 0.000337329
          84   0.0610376   0.0629886 0.000334117
          85     0.06402   0.0630008 0.000330385
          86   0.0664404   0.0630408 0.000328961
          87   0.0633616   0.0630445 0.000325179
          88   0.0680072   0.0631009 0.000326372
          89   0.0647352   0.0631192 0.000323206
          90    0.061496   0.0631012 0.000320103
          91   0.0654348   0.0631268 0.000317603
          92    0.067452   0.0631738  0.00031763
          93   0.0665124   0.0632097 0.000316241
          94   0.0649528   0.0632283 0.000313407
          95    0.065424   0.0632514 0.000310951
          96   0.0683964    0.063305 0.000312327
          97    0.067338   0.0633466 0.000311875
          98   0.0584256   0.0632964 0.000312733
          99   0.0622608   0.0632859 0.000309735
         100   0.0618808   0.0632718 0.000306944
