           1    0.355551    0.355551           0
           2    0.351981    0.353766  0.00178474
           3    0.352841    0.353458  0.00107553
           4    0.365961    0.356584  0.00321706
           5    0.356807    0.356628  0.00249232
           6    0.352969    0.356018  0.00212439
           7    0.355334    0.355921   0.0017981
           8    0.357679     0.35614  0.00157263
           9    0.359432    0.356506  0.00143434
          10    0.357652    0.356621  0.00128802
          11    0.356185    0.356581  0.00116573
          12     0.35888    0.356773  0.00108126
          13    0.358271    0.356888  0.00100127
          14    0.356099    0.356832 0.000928707
          15    0.358932    0.356972 0.000875844
          16    0.356543    0.356945 0.000819716
          17    0.358035    0.357009 0.000772653
          18    0.352204    0.356742 0.000775833
          19    0.359115    0.356867 0.000744416
          20    0.356573    0.356852 0.000706368
          21     0.35832    0.356922 0.000675518
          22    0.348577    0.356543 0.000747475
          23    0.351495    0.356323 0.000747197
          24    0.359003    0.356435 0.000724045
          25    0.356797    0.356449 0.000694631
          26    0.357388    0.356485 0.000668355
          27     0.35865    0.356566 0.000648101
          28    0.357323    0.356593 0.000625111
          29    0.353612     0.35649 0.000611863
          30    0.357892    0.356537  0.00059296
          31    0.358806     0.35661 0.000578167
          32    0.357453    0.356636 0.000560427
          33     0.35618    0.356622 0.000543355
          34    0.357538    0.356649  0.00052782
          35    0.360512     0.35676 0.000524265
          36    0.361446     0.35689 0.000525859
          37    0.350497    0.356717 0.000539846
          38    0.358746     0.35677 0.000528152
          39    0.360031    0.356854  0.00052118
          40    0.352476    0.356745 0.000519641
          41    0.357549    0.356764 0.000507188
          42    0.363383    0.356922 0.000519446
          43    0.358202    0.356952 0.000508094
          44    0.355305    0.356914 0.000497821
          45    0.352805    0.356823 0.000495125
          46     0.36119    0.356918 0.000493459
          47    0.353772    0.356851 0.000487464
          48    0.348279    0.356672 0.000509522
          49    0.359796    0.356736 0.000503071
          50    0.363473    0.356871 0.000510991
