           1   0.0698384   0.0698384           0
           2   0.0819176    0.075878   0.0060396
           3   0.0804696   0.0774085  0.00380808
           4     0.07996   0.0780464  0.00276724
           5   0.0695968   0.0763565  0.00272954
           6   0.0838864   0.0776115  0.00255772
           7     0.06768   0.0761927  0.00258568
           8   0.0764952   0.0762305  0.00223958
           9   0.0786224   0.0764963  0.00199293
          10   0.0822776   0.0770744  0.00187394
          11   0.0735488   0.0767539  0.00172508
          12   0.0817984   0.0771743  0.00162992
          13   0.0759728   0.0770818  0.00150215
          14   0.0698464    0.076565  0.00148365
          15   0.0831952    0.077007   0.0014502
          16   0.0847688   0.0774921  0.00144067
          17     0.07378   0.0772738  0.00137078
          18   0.0794792   0.0773963  0.00129818
          19   0.0767248    0.077361  0.00122846
          20    0.074352   0.0772105  0.00117509
          21   0.0802536   0.0773554  0.00112709
          22   0.0782288   0.0773951  0.00107537
          23   0.0830432   0.0776407  0.00105649
          24   0.0704264   0.0773401  0.00105523
          25   0.0758224   0.0772794  0.00101396
          26   0.0763192   0.0772425 0.000974881
          27   0.0782448   0.0772796 0.000938814
          28   0.0814344    0.077428 0.000916752
          29   0.0706856   0.0771955 0.000914619
          30   0.0838672   0.0774179 0.000911162
          31   0.0812384   0.0775411 0.000889856
          32   0.0755112   0.0774777 0.000863931
          33    0.076676   0.0774534 0.000837695
          34    0.083404   0.0776284 0.000831315
          35   0.0765272   0.0775969 0.000807827
          36    0.081296   0.0776997 0.000791763
          37   0.0785376   0.0777223 0.000770399
          38   0.0786744   0.0777474  0.00075027
          39    0.085196   0.0779384 0.000755325
          40   0.0706616   0.0777565 0.000758343
          41   0.0755776   0.0777033 0.000741522
          42   0.0855752   0.0778907  0.00074753
          43   0.0786392   0.0779081 0.000730146
          44   0.0739688   0.0778186 0.000718955
          45   0.0820056   0.0779117 0.000708929
          46   0.0713592   0.0777692 0.000707827
          47    0.081824   0.0778555 0.000697956
          48   0.0762168   0.0778213 0.000684113
          49   0.0839864   0.0779472 0.000681717
          50   0.0780784   0.0779498 0.000667948
