           1   0.0577116   0.0577116           0
           2    0.053814   0.0557628   0.0019488
           3    0.057212   0.0562459  0.00122446
           4   0.0551284   0.0559665 0.000909776
           5   0.0551932   0.0558118 0.000721481
           6     0.05923   0.0563815 0.000819496
           7   0.0559248   0.0563163 0.000695667
           8     0.05348   0.0559617 0.000699042
           9     0.05713   0.0560916 0.000630015
          10     0.05447   0.0559294  0.00058637
          11   0.0561424   0.0559488 0.000530745
          12   0.0582936   0.0561442 0.000522421
          13   0.0562496   0.0561523 0.000480626
          14   0.0562476   0.0561591 0.000445025
          15   0.0555844   0.0561208 0.000416064
          16   0.0609436   0.0564222 0.000492269
          17   0.0552052   0.0563506 0.000467915
          18    0.053442    0.056189 0.000469817
          19   0.0573612   0.0562507 0.000448664
          20    0.057348   0.0563056 0.000429162
          21   0.0558136   0.0562822 0.000408886
          22   0.0611116   0.0565017 0.000447413
          23   0.0541576   0.0563998 0.000439498
          24   0.0594048    0.056525 0.000439021
          25    0.056796   0.0565358 0.000421233
          26   0.0518416   0.0563553 0.000443154
          27   0.0579388   0.0564139  0.00043044
          28   0.0615328   0.0565967 0.000453284
          29   0.0585796   0.0566651 0.000442687
          30    0.051208   0.0564832 0.000464753
          31   0.0596692    0.056586  0.00046111
          32   0.0572596    0.056607 0.000446964
          33   0.0569684    0.056618 0.000433347
          34   0.0551408   0.0565745 0.000422647
          35    0.051662   0.0564342 0.000433732
          36   0.0565252   0.0564367 0.000421519
          37    0.049854   0.0562588 0.000446908
          38     0.05999    0.056357 0.000445932
          39   0.0540436   0.0562977 0.000438379
          40   0.0545836   0.0562548 0.000429423
          41   0.0560616   0.0562501 0.000418845
          42   0.0560856   0.0562462 0.000408769
          43   0.0528796   0.0561679 0.000406756
          44   0.0540168    0.056119   0.0004004
          45   0.0571652   0.0561422 0.000392091
          46   0.0528456   0.0560706 0.000390112
          47   0.0563224   0.0560759 0.000381759
          48   0.0591244   0.0561394 0.000379079
          49   0.0580832   0.0561791 0.000373375
          50   0.0524256    0.056104 0.000373454
          51   0.0568896   0.0561195 0.000366382
          52   0.0575416   0.0561468 0.000360307
          53   0.0605392   0.0562297  0.00036303
          54    0.057908   0.0562608 0.000357597
          55    0.048604   0.0561215 0.000377632
          56   0.0517472   0.0560434 0.000378965
          57   0.0549444   0.0560241 0.000372756
          58   0.0563868   0.0560304 0.000366326
          59    0.057758   0.0560597 0.000361252
          60   0.0576952   0.0560869 0.000356225
          61   0.0555572   0.0560783 0.000350444
          62   0.0603784   0.0561476 0.000351653
          63   0.0543896   0.0561197  0.00034715
          64   0.0542804    0.056091 0.000342889
          65    0.054538   0.0560671 0.000338417
          66   0.0571168    0.056083 0.000333629
          67   0.0567332   0.0560927 0.000328755
          68   0.0582404   0.0561243 0.000325421
          69   0.0556352   0.0561172 0.000320748
          70   0.0539664   0.0560865 0.000317623
          71    0.054054   0.0560578 0.000314423
          72    0.059236    0.056102 0.000313152
          73    0.058354   0.0561328 0.000310369
          74   0.0584984   0.0561648 0.000307811
          75   0.0555524   0.0561566 0.000303789
          76   0.0588412   0.0561919 0.000301839
          77   0.0558108    0.056187 0.000297934
          78   0.0583592   0.0562148 0.000295405
          79   0.0597696   0.0562598 0.000295093
          80   0.0615972   0.0563266 0.000298921
          81   0.0582776   0.0563506 0.000296189
          82    0.055862   0.0563447 0.000292615
          83    0.054174   0.0563185 0.000290249
          84   0.0565396   0.0563212 0.000286785
          85   0.0515204   0.0562647 0.000288964
          86   0.0554216   0.0562549 0.000285753
          87    0.058054   0.0562756 0.000283205
          88   0.0513792   0.0562199 0.000285444
          89   0.0556248   0.0562132 0.000282297
          90   0.0578648   0.0562316 0.000279746
          91   0.0563832   0.0562333 0.000276659
          92   0.0568948   0.0562404  0.00027373
          93   0.0578208   0.0562574 0.000271304
          94    0.057902   0.0562749 0.000268971
          95   0.0641088   0.0563574 0.000278608
          96   0.0541212   0.0563341 0.000276673
          97    0.053156   0.0563013 0.000275759
          98   0.0532364   0.0562701 0.000274717
          99    0.059024   0.0562979 0.000273347
         100   0.0607284   0.0563422 0.000274203
