           1    0.273328    0.273328           0
           2    0.274123    0.273726 0.000397421
           3    0.272429    0.273293  0.00048938
           4    0.274085    0.273491 0.000398684
           5    0.274046    0.273602 0.000328135
           6    0.272056    0.273345 0.000371776
           7    0.274471    0.273506  0.00035303
           8     0.27178     0.27329 0.000374152
           9    0.273186    0.273278 0.000330173
          10     0.27419     0.27337 0.000309078
          11     0.27315     0.27335 0.000280284
          12    0.273769    0.273385 0.000258243
          13     0.27274    0.273335 0.000242672
          14    0.271538    0.273207 0.000258759
          15     0.27372    0.273241 0.000243312
          16    0.272659    0.273204 0.000230483
          17    0.272898    0.273186 0.000217251
          18    0.272988    0.273175 0.000205122
          19    0.272659    0.273148 0.000195922
          20    0.273803    0.273181 0.000188731
          21    0.273459    0.273194 0.000180008
          22    0.273994    0.273231 0.000175438
          23    0.274751    0.273297 0.000180207
          24    0.272848    0.273278 0.000173546
          25    0.273746    0.273297 0.000167508
          26    0.275171    0.273369 0.000176337
          27    0.273499    0.273374 0.000169748
          28     0.26976    0.273244 0.000208362
          29    0.272684    0.273225 0.000201975
          30    0.272505    0.273201 0.000196597
          31    0.274597    0.273246 0.000195408
          32    0.272798    0.273232 0.000189719
          33    0.273517    0.273241 0.000184083
          34    0.271943    0.273203 0.000182619
          35    0.272961    0.273196  0.00017746
          36    0.271111    0.273138  0.00018192
          37    0.274021    0.273162 0.000178536
          38    0.273143    0.273161 0.000173775
          39    0.273909     0.27318 0.000170342
          40    0.272091    0.273153  0.00016825
          41    0.274981    0.273198 0.000170044
          42    0.272966    0.273192 0.000166038
          43    0.275508    0.273246 0.000170844
          44    0.275256    0.273292 0.000173056
          45     0.27141     0.27325 0.000174258
          46    0.274086    0.273268 0.000171394
          47    0.275339    0.273312 0.000173401
          48    0.271925    0.273283 0.000172192
          49    0.272131     0.27326 0.000170275
          50    0.273699    0.273269 0.000167066
          51    0.272934    0.273262 0.000163888
          52    0.272942    0.273256 0.000160824
          53    0.274044    0.273271  0.00015846
          54     0.27057    0.273221 0.000163345
          55    0.273352    0.273223 0.000160365
          56    0.272823    0.273216 0.000157637
          57    0.271498    0.273186 0.000157754
          58    0.273644    0.273194 0.000155212
          59    0.272978     0.27319 0.000152602
          60    0.273611    0.273197 0.000150202
          61    0.271486    0.273169 0.000150359
          62     0.27107    0.273135  0.00015174
          63    0.272675    0.273128 0.000149491
          64    0.270761    0.273091 0.000151713
          65    0.273173    0.273092 0.000149366
          66    0.273515    0.273099 0.000147225
          67    0.276115    0.273144 0.000151838
          68    0.273204    0.273144 0.000149591
          69    0.274288    0.273161 0.000148335
          70    0.273127    0.273161 0.000146202
          71     0.27253    0.273152 0.000144402
          72    0.272452    0.273142 0.000142713
          73    0.272205    0.273129 0.000141329
          74    0.273034    0.273128 0.000139412
          75    0.272757    0.273123  0.00013763
          76    0.274046    0.273135 0.000136349
          77    0.270847    0.273105 0.000137809
          78    0.272841    0.273102 0.000136073
          79    0.274597    0.273121 0.000135666
          80     0.27292    0.273118 0.000133983
          81    0.273053    0.273118 0.000132321
          82    0.272037    0.273104 0.000131361
          83    0.273377    0.273108  0.00012981
          84    0.272713    0.273103 0.000128341
          85    0.273592    0.273109 0.000126953
          86    0.272449    0.273101 0.000125702
          87    0.272252    0.273091 0.000124631
          88    0.276309    0.273128 0.000128519
          89    0.275459    0.273154 0.000129738
          90    0.274175    0.273165 0.000128788
          91    0.275599    0.273192 0.000130144
          92    0.275585    0.273218 0.000131324
          93    0.272498     0.27321 0.000130135
          94    0.270693    0.273184 0.000131498
          95    0.272112    0.273172 0.000130595
          96    0.271635    0.273156 0.000130216
          97    0.274273    0.273168  0.00012938
          98    0.274674    0.273183 0.000128971
          99    0.273832     0.27319  0.00012783
         100     0.27261    0.273184 0.000126677
