           1    0.617463    0.617463           0
           2    0.612524    0.614994   0.0024694
           3    0.660025    0.630004   0.0150779
           4    0.611233    0.625311   0.0116488
           5    0.652185    0.630686   0.0105026
           6    0.616181    0.628269  0.00890958
           7    0.615501    0.626445  0.00774773
           8    0.648033    0.629143  0.00723205
           9    0.681415    0.634951  0.00862628
          10    0.619169    0.633373  0.00787534
          11    0.685957    0.638153  0.00857884
          12    0.607583    0.635606  0.00823532
          13    0.606537     0.63337  0.00789852
          14    0.659636    0.635246  0.00754944
          15     0.61274    0.633745  0.00718651
          16    0.681188    0.636711  0.00734726
          17    0.621232      0.6358  0.00696135
          18    0.660266    0.637159  0.00670249
          19    0.670165    0.638896   0.0065736
          20    0.635556    0.638729   0.0062385
          21    0.701384    0.641713  0.00664183
          22    0.660096    0.642549  0.00638763
          23    0.673336    0.643887  0.00624865
          24    0.648542    0.644081  0.00598577
          25    0.626584    0.643381  0.00578385
          26    0.629698    0.642855   0.0055818
          27     0.62004     0.64201  0.00543716
          28    0.605692    0.640713  0.00539754
          29    0.640385    0.640702  0.00520811
          30    0.608664    0.639634  0.00514359
          31    0.628842    0.639286  0.00498707
          32    0.656871    0.639835  0.00485988
          33    0.628383    0.639488  0.00472308
          34    0.583462     0.63784  0.00486935
          35    0.663576    0.638576  0.00478501
          36    0.662225    0.639233  0.00469637
          37    0.665967    0.639955  0.00462447
          38    0.648918    0.640191  0.00450731
          39    0.655022    0.640571  0.00440665
          40    0.630723    0.640325  0.00430213
          41    0.626376    0.639985  0.00420966
          42    0.602664    0.639096   0.0042032
          43    0.705098    0.640631  0.00438191
          44    0.627389     0.64033  0.00429173
          45    0.640107    0.640325  0.00419528
          46    0.608439    0.639632  0.00416121
          47     0.64239    0.639691  0.00407213
          48    0.641909    0.639737  0.00398666
          49     0.60731    0.639075  0.00396014
          50    0.671799     0.63973  0.00393494
          51    0.662207     0.64017  0.00388211
          52    0.677024    0.640879  0.00387213
          53    0.656403    0.641172  0.00380965
          54    0.617004    0.640724  0.00376513
          55    0.651806    0.640926  0.00370152
          56    0.603984    0.640266   0.0036942
          57    0.635421    0.640181  0.00362981
          58    0.637992    0.640143  0.00356688
          59    0.638956    0.640123  0.00350596
          60      0.6281    0.639923  0.00345285
          61    0.645099    0.640008  0.00339683
          62      0.6085      0.6395  0.00338002
          63    0.642411    0.639546  0.00332626
          64    0.700691    0.640501  0.00341043
          65    0.638688    0.640473  0.00335766
          66    0.667263    0.640879  0.00333122
          67    0.657232    0.641123  0.00329019
          68    0.639814    0.641104   0.0032415
          69    0.615213    0.640729  0.00321614
          70    0.689846     0.64143   0.0032466
          71    0.629751    0.641266  0.00320477
          72    0.629025    0.641096  0.00316451
          73    0.610101    0.640671  0.00314961
          74    0.674106    0.641123  0.00313944
          75     0.64318    0.641151  0.00309742
          76     0.61784    0.640844  0.00307174
          77    0.608408    0.640423  0.00306072
          78    0.675007    0.640866  0.00305358
          79    0.653853     0.64103  0.00301916
          80    0.657826     0.64124  0.00298857
          81    0.622216    0.641006  0.00296077
          82    0.628468    0.640853  0.00292843
          83    0.673594    0.641247  0.00291971
          84    0.659749    0.641467  0.00289314
          85    0.670574     0.64181  0.00287933
          86    0.668818    0.642124  0.00286293
          87    0.656735    0.642292  0.00283481
          88    0.629058    0.642141  0.00280644
          89    0.636309    0.642076  0.00277551
          90    0.587964    0.641475  0.00280958
          91     0.65681    0.641643  0.00278364
          92     0.63202    0.641539   0.0027552
          93    0.658414     0.64172  0.00273145
          94    0.634315    0.641641  0.00270338
          95    0.625833    0.641475  0.00267995
          96    0.593796    0.640978  0.00269799
          97    0.639248     0.64096  0.00267009
          98     0.63186    0.640867  0.00264434
          99    0.628173    0.640739  0.00262063
         100    0.643806     0.64077  0.00259447
