           1     31.8721     31.8721           0
           2     31.8158      31.844   0.0281391
           3     31.2481     31.6454    0.199293
           4     31.9005     31.7092     0.15469
           5      33.915     32.1503    0.457142
           6     31.3338     32.0142     0.39729
           7      34.034     32.3028    0.442717
           8     33.4495     32.4461    0.409323
           9     30.4691     32.2264    0.422572
          10     33.1526     32.3191    0.389142
          11     34.0865     32.4797    0.386931
          12     29.8847     32.2635    0.414161
          13     34.1688       32.41    0.408194
          14     31.3088     32.3314    0.386014
          15     34.5899     32.4819    0.389627
          16     33.2643     32.5308    0.367727
          17       32.48     32.5278    0.345433
          18     31.1381     32.4506    0.334704
          19     33.5195     32.5069    0.321557
          20     32.8575     32.5244    0.305559
          21     32.7032     32.5329    0.290769
          22     32.5103     32.5319    0.277239
          23     32.1074     32.5135    0.265554
          24     31.0047     32.4506    0.261905
          25     34.0352      32.514    0.259083
          26     31.9585     32.4926    0.249834
          27     34.4982     32.5669    0.251617
          28     31.6345     32.5336     0.24474
          29     33.5563     32.5689    0.238769
          30     34.2023     32.6233    0.237012
          31     32.8968     32.6321    0.229409
          32     32.0449     32.6138    0.222881
          33     33.4219     32.6383    0.217405
          34     31.4368     32.6029    0.213853
          35      32.795     32.6084    0.207726
          36     31.9151     32.5892     0.20279
          37     31.5718     32.5617    0.199141
          38     31.7495     32.5403    0.195004
          39     30.1842     32.4799    0.199314
          40     32.6431      32.484     0.19431
          41     33.5705     32.5105    0.191356
          42     31.9817     32.4979    0.187168
          43       34.39     32.5419    0.187986
          44     32.4152      32.539    0.183687
          45     34.5071     32.5827    0.184808
          46     33.8811      32.611    0.182937
          47     31.0642      32.578    0.182002
          48     33.9081     32.6058    0.180312
          49     33.5131     32.6243    0.177562
          50     33.2827     32.6374    0.174472
