           1   -0.637528   -0.637528           0
           2   -0.638538   -0.638033   0.0005048
           3   -0.638157   -0.638074 0.000294363
           4   -0.636242   -0.637616 0.000503201
           5   -0.638589   -0.637811 0.000435638
           6   -0.638091   -0.637857 0.000358759
           7   -0.637578   -0.637817 0.000305829
           8   -0.638213   -0.637867 0.000269428
           9   -0.638346    -0.63792 0.000243496
          10   -0.638072   -0.637935 0.000218319
          11   -0.638373   -0.637975 0.000201444
          12    -0.63881   -0.638045 0.000196606
          13   -0.637979    -0.63804 0.000180921
          14    -0.63807   -0.638042 0.000167515
          15    -0.63688   -0.637964  0.00017412
          16   -0.639832   -0.638081 0.000200387
          17   -0.638702   -0.638118 0.000191747
          18   -0.638934   -0.638163 0.000186389
          19   -0.637936   -0.638151 0.000176711
          20   -0.638949   -0.638191 0.000172323
          21    -0.63668   -0.638119 0.000179007
          22   -0.638198   -0.638123 0.000170715
          23   -0.640426   -0.638223 0.000191405
          24   -0.637024   -0.638173  0.00018994
          25   -0.636126   -0.638091 0.000199728
          26   -0.639029   -0.638127 0.000195253
          27    -0.63832   -0.638134 0.000188019
          28   -0.638976   -0.638164 0.000183657
          29   -0.638011   -0.638159  0.00017729
          30   -0.637965   -0.638152   0.0001714
          31   -0.637358   -0.638127 0.000167746
          32   -0.638466   -0.638137 0.000162764
          33   -0.638539    -0.63815 0.000158224
          34   -0.639414   -0.638187 0.000157943
          35   -0.638517   -0.638196 0.000153654
          36   -0.638045   -0.638192 0.000149384
          37   -0.639194   -0.638219 0.000147791
          38   -0.638693   -0.638232 0.000144388
          39   -0.639509   -0.638264   0.0001444
          40   -0.638437   -0.638269  0.00014081
          41   -0.636792   -0.638233 0.000141976
          42   -0.638715   -0.638244  0.00013903
          43   -0.637515   -0.638227 0.000136813
          44    -0.63799   -0.638222 0.000133776
          45    -0.63781   -0.638213 0.000131089
          46   -0.639093   -0.638232 0.000129628
          47   -0.638117   -0.638229 0.000126863
          48   -0.638293   -0.638231 0.000124199
          49   -0.638838   -0.638243 0.000122269
          50   -0.638083    -0.63824 0.000119841
