           1    0.202417    0.202417           0
           2    0.202033    0.202225  0.00019157
           3    0.202614    0.202355 0.000170407
           4    0.201349    0.202103 0.000278861
           5    0.202266    0.202136 0.000218439
           6     0.20338    0.202343  0.00027348
           7    0.203905    0.202566 0.000321315
           8    0.201608    0.202446 0.000302931
           9    0.202488    0.202451 0.000267201
          10    0.201945    0.202401   0.0002443
          11     0.20173     0.20234 0.000229222
          12    0.202776    0.202376 0.000212392
          13    0.201822    0.202333 0.000199957
          14    0.202343    0.202334 0.000185126
          15    0.202589    0.202351 0.000173177
          16    0.201735    0.202313 0.000166499
          17    0.201964    0.202292 0.000157734
          18    0.202741    0.202317 0.000150785
          19    0.201836    0.202292  0.00014486
          20     0.20133    0.202244 0.000145601
          21    0.201032    0.202186 0.000150034
          22    0.202001    0.202177 0.000143298
          23    0.201888    0.202165 0.000137503
          24    0.201828    0.202151 0.000132395
          25    0.200495    0.202085 0.000143216
          26    0.203419    0.202136  0.00014686
          27     0.20233    0.202143 0.000141498
          28    0.201748    0.202129 0.000137081
          29    0.203974    0.202193  0.00014678
          30    0.202656    0.202208 0.000142639
          31    0.202698    0.202224 0.000138865
          32    0.203713     0.20227 0.000142278
          33    0.202039    0.202263 0.000138077
          34     0.20295    0.202284 0.000135468
          35    0.200791    0.202241 0.000138283
          36     0.20252    0.202249 0.000134611
          37    0.202329    0.202251 0.000130941
          38    0.203973    0.202296 0.000135264
          39    0.199557    0.202226 0.000149305
          40    0.201041    0.202196 0.000148509
          41    0.201674    0.202184 0.000145402
          42    0.201659    0.202171 0.000142446
          43    0.201334    0.202152 0.000140451
          44    0.201606    0.202139  0.00013778
          45    0.203884    0.202178 0.000140155
          46    0.202199    0.202178 0.000137075
          47    0.201327     0.20216 0.000135345
          48    0.201842    0.202154 0.000132661
          49    0.202213    0.202155 0.000129931
          50    0.203251    0.202177  0.00012918
          51    0.202328     0.20218 0.000126657
          52    0.203099    0.202198  0.00012545
          53    0.202685    0.202207 0.000123403
          54    0.200041    0.202167 0.000127563
          55    0.202102    0.202165 0.000125228
          56    0.202313    0.202168    0.000123
          57    0.203473    0.202191 0.000122973
          58     0.20198    0.202187 0.000120889
          59    0.203001    0.202201  0.00011962
          60    0.203281    0.202219 0.000118978
          61    0.202654    0.202226 0.000117228
          62    0.202622    0.202233 0.000115499
          63    0.202855    0.202243  0.00011408
          64    0.201989    0.202239 0.000112353
          65    0.202559    0.202243 0.000110721
          66    0.202386    0.202246 0.000109052
          67    0.202269    0.202246 0.000107412
          68    0.202418    0.202249 0.000105851
          69    0.203209    0.202262 0.000105231
          70     0.20232    0.202263  0.00010372
          71    0.202008     0.20226 0.000102312
          72    0.203574    0.202278 0.000102519
          73     0.20127    0.202264 0.000102043
          74    0.202584    0.202268 0.000100747
          75    0.200968    0.202251 0.000100897
          76    0.203344    0.202265 0.000100593
          77     0.20219    0.202264 9.92827e-05
          78    0.201735    0.202258 9.82361e-05
          79     0.20247     0.20226 9.70217e-05
          80    0.202058    0.202258 9.58345e-05
          81    0.202709    0.202263  9.4808e-05
          82    0.202387    0.202265 9.36568e-05
          83    0.201204    0.202252 9.34012e-05
          84    0.201009    0.202237  9.3462e-05
          85    0.203172    0.202248 9.30087e-05
          86     0.20304    0.202258 9.23801e-05
          87    0.201121    0.202244  9.2242e-05
          88    0.200822    0.202228 9.26104e-05
          89    0.202087    0.202227 9.15776e-05
          90    0.202565     0.20223 9.06324e-05
          91    0.202544    0.202234  8.9697e-05
          92    0.201269    0.202223 8.93342e-05
          93    0.200955     0.20221 8.94142e-05
          94    0.203899    0.202228 9.02649e-05
          95     0.20323    0.202238 8.99309e-05
          96    0.201471     0.20223 8.93475e-05
          97    0.202595    0.202234 8.85014e-05
          98    0.203167    0.202244 8.81091e-05
          99    0.203877     0.20226 8.87611e-05
         100    0.202672    0.202264 8.79655e-05
