           1    0.414919    0.414919           0
           2    0.438181     0.42655    0.011631
           3    0.431353    0.428151  0.00690338
           4    0.426569    0.427756  0.00489743
           5    0.430133    0.428231  0.00382321
           6     0.42892    0.428346  0.00312375
           7    0.434899    0.429282  0.00280112
           8    0.433977    0.429869  0.00249582
           9    0.431253    0.430023  0.00220647
          10    0.419268    0.428947  0.00224752
          11    0.421641    0.428283  0.00213873
          12    0.426073    0.428099  0.00196105
          13    0.433276    0.428497  0.00184735
          14    0.439741      0.4293  0.00188948
          15    0.448798      0.4306  0.00218717
          16    0.431959    0.430685  0.00204767
          17     0.44198    0.431349  0.00203496
          18      0.4236    0.430919  0.00196629
          19    0.432123    0.430982    0.001861
          20    0.428249    0.430846  0.00177078
          21    0.415545    0.430117  0.00183518
          22    0.421424    0.429722  0.00179384
          23     0.44512    0.430391  0.00184017
          24     0.43312    0.430505  0.00176549
          25    0.426154    0.430331  0.00170232
          26    0.422913    0.430046  0.00166024
          27    0.435551     0.43025  0.00161052
          28    0.422366    0.429968  0.00157727
          29    0.427025    0.429867  0.00152529
          30     0.43016    0.429876  0.00147361
          31    0.436257    0.430082  0.00144006
          32     0.42072     0.42979   0.0014247
          33    0.444625    0.430239  0.00145218
          34    0.435987    0.430408  0.00141893
          35    0.447069    0.430884  0.00145771
          36      0.4346    0.430987  0.00142039
          37     0.42305    0.430773  0.00139803
          38    0.434236    0.430864  0.00136379
          39     0.42295    0.430661  0.00134377
          40     0.41098    0.430169  0.00139911
          41     0.44481    0.430526  0.00141051
          42    0.426511    0.430431  0.00137983
          43    0.432276    0.430473  0.00134805
          44    0.433172    0.430535  0.00131848
          45    0.447482    0.430911  0.00134274
          46    0.421133    0.430699  0.00133032
          47    0.427152    0.430623  0.00130389
          48    0.426735    0.430542  0.00127901
          49     0.42661    0.430462   0.0012552
          50    0.447963    0.430812  0.00127868
