           1   0.0438452   0.0438452           0
           2   0.0396076   0.0417264   0.0021188
           3   0.0395912   0.0410147  0.00141527
           4   0.0398664   0.0407276  0.00104111
           5    0.044782   0.0415385  0.00114362
           6   0.0474224   0.0425191   0.0013541
           7   0.0489304    0.043435   0.0014658
           8   0.0425288   0.0433217  0.00127447
           9   0.0446888   0.0434736  0.00113419
          10   0.0401068    0.043137  0.00106886
          11   0.0389236   0.0427539  0.00103993
          12   0.0456716   0.0429971 0.000979966
          13   0.0400264   0.0427686  0.00092995
          14   0.0438376   0.0428449 0.000864346
          15   0.0481708      0.0432 0.000879516
          16   0.0486172   0.0435385 0.000889657
          17   0.0449856   0.0436237 0.000840011
          18   0.0456812    0.043738 0.000800177
          19   0.0480696    0.043966  0.00079048
          20   0.0466224   0.0440988 0.000761587
          21   0.0431592    0.044054 0.000725794
          22   0.0443508   0.0440675 0.000692149
          23      0.0453   0.0441211 0.000663539
          24    0.042446   0.0440513 0.000639113
          25   0.0432988   0.0440212 0.000613754
          26   0.0469204   0.0441327 0.000600126
          27   0.0462668   0.0442118 0.000582856
          28   0.0464768   0.0442927 0.000567449
          29   0.0437032   0.0442723  0.00054791
          30    0.042776   0.0442225 0.000531676
          31   0.0433924   0.0441957 0.000514936
          32   0.0434496   0.0441724 0.000499129
          33   0.0454504   0.0442111 0.000485315
          34   0.0475848   0.0443103 0.000481168
          35    0.042982   0.0442724 0.000468757
          36   0.0453392    0.044302 0.000456512
          37    0.046056   0.0443494 0.000446526
          38   0.0411188   0.0442644 0.000442854
          39    0.046462   0.0443207 0.000435014
          40    0.044816   0.0443331  0.00042418
          41   0.0396056   0.0442178 0.000429473
          42   0.0437568   0.0442068 0.000419266
          43   0.0429752   0.0441782 0.000410401
          44   0.0465232   0.0442315 0.000404491
          45   0.0491688   0.0443412 0.000410341
          46    0.044852   0.0443523 0.000401475
          47    0.044308   0.0443514 0.000392841
          48   0.0438924   0.0443418 0.000384689
          49   0.0428364   0.0443111 0.000378007
          50   0.0449948   0.0443248 0.000370622
          51   0.0470984   0.0443791  0.00036733
          52    0.044686    0.044385 0.000360245
          53   0.0477324   0.0444482 0.000358982
          54   0.0448984   0.0444565  0.00035237
          55   0.0437044   0.0444429 0.000346175
          56   0.0446392   0.0444464 0.000339955
          57   0.0423496   0.0444096 0.000335957
          58   0.0443008   0.0444077  0.00033012
          59   0.0437348   0.0443963 0.000324676
          60    0.044766   0.0444025 0.000319279
          61    0.041922   0.0443618 0.000316623
          62   0.0427152   0.0443352 0.000312605
          63    0.044044   0.0443306 0.000307637
          64   0.0472196   0.0443758 0.000306139
          65   0.0404784   0.0443158 0.000307298
          66   0.0427828   0.0442926 0.000303497
          67   0.0470124   0.0443332 0.000301676
          68   0.0397872   0.0442663 0.000304633
          69   0.0425732   0.0442418 0.000301186
          70   0.0444652    0.044245  0.00029687
          71    0.047054   0.0442845 0.000295321
          72   0.0413524   0.0442438 0.000294024
          73     0.04685   0.0442795 0.000292158
          74   0.0453076   0.0442934 0.000288518
          75   0.0426372   0.0442713   0.0002855
          76   0.0425408   0.0442486 0.000282637
          77   0.0453968   0.0442635 0.000279341
          78   0.0416032   0.0442294 0.000277837
          79   0.0479868   0.0442769 0.000278391
          80    0.048344   0.0443278 0.000279551
          81   0.0435688   0.0443184 0.000276237
          82    0.044456   0.0443201 0.000272852
          83   0.0439692   0.0443158 0.000269578
          84    0.044122   0.0443135 0.000266359
          85   0.0446448   0.0443174 0.000263236
          86   0.0434228    0.044307 0.000260365
          87   0.0423704   0.0442848 0.000258316
          88   0.0447688   0.0442903 0.000255423
          89   0.0447532   0.0442955  0.00025259
          90   0.0449536   0.0443028 0.000249875
          91   0.0443972   0.0443038 0.000247116
          92   0.0407544   0.0442652 0.000247441
          93    0.043342   0.0442553 0.000244967
          94   0.0483164   0.0442985 0.000246168
          95   0.0455552   0.0443117 0.000243922
          96   0.0447004   0.0443158 0.000241402
          97    0.043194   0.0443042  0.00023918
          98   0.0446864   0.0443081 0.000236759
          99   0.0435624   0.0443006 0.000234476
         100   0.0428796   0.0442864 0.000232554
