           1     0.31557     0.31557           0
           2    0.339653    0.327611   0.0120415
           3    0.343629     0.33295  0.00876585
           4    0.320654    0.329876  0.00691882
           5    0.329533    0.329808  0.00535973
           6    0.346377    0.332569  0.00517464
           7    0.312357    0.329682  0.00524056
           8    0.329015    0.329598  0.00453923
           9    0.327413    0.329356  0.00401058
          10    0.332401     0.32966  0.00360008
          11    0.278925    0.325048  0.00564602
          12    0.351014    0.327212  0.00558988
          13    0.346781    0.328717  0.00535776
          14    0.355243    0.330612  0.00530988
          15     0.33515    0.330914  0.00495248
          16    0.332072    0.330987  0.00463319
          17    0.354383    0.332363  0.00456454
          18    0.334163    0.332463  0.00430466
          19    0.331939    0.332435  0.00407189
          20    0.300143    0.330821  0.00418679
          21    0.336299    0.331082  0.00399096
          22     0.29127    0.329272  0.00421361
          23    0.336996    0.329608  0.00404022
          24    0.335723    0.329863   0.0038766
          25    0.311879    0.329143  0.00378725
          26    0.284976    0.327445  0.00401568
          27    0.297746    0.326345   0.0040176
          28    0.332637    0.326569  0.00387797
          29    0.286052    0.325172  0.00399418
          30    0.358008    0.326267  0.00401098
          31    0.356015    0.327226  0.00399636
          32     0.33595    0.327499  0.00387905
          33    0.323378    0.327374  0.00376174
          34    0.295587    0.326439  0.00376728
          35    0.313296    0.326064  0.00367728
          36    0.334054    0.326286  0.00358056
          37    0.318372    0.326072    0.003489
          38     0.30496    0.325516  0.00344109
          39     0.35476    0.326266  0.00343455
          40    0.326569    0.326274  0.00334759
          41    0.291324    0.325421  0.00337437
          42    0.323576    0.325377  0.00329334
          43    0.336106    0.325627   0.0032255
          44    0.284789    0.324699  0.00328518
          45    0.291089    0.323952  0.00329706
          46    0.322936     0.32393  0.00322466
          47     0.31669    0.323776  0.00315906
          48    0.303195    0.323347  0.00312213
          49    0.331547    0.323514  0.00306232
          50    0.291354    0.322871  0.00306862
