           1    0.336911    0.336911           0
           2    0.333962    0.335437  0.00147452
           3    0.339613    0.336829  0.00163183
           4    0.333468    0.335989  0.00142742
           5     0.33533    0.335857   0.0011135
           6    0.331477    0.335127  0.00116596
           7    0.339973    0.335819   0.0012043
           8    0.331861    0.335324  0.00115433
           9    0.336533    0.335459  0.00102685
          10     0.33668    0.335581 0.000926532
          11    0.341275    0.336099 0.000985054
          12    0.335346    0.336036  0.00090141
          13    0.339623    0.336312  0.00087388
          14    0.338335    0.336456 0.000821865
          15    0.340067    0.336697 0.000802087
          16    0.338681    0.336821 0.000760462
          17    0.340938    0.337063 0.000754263
          18    0.339874    0.337219 0.000728075
          19    0.339487    0.337339  0.00069895
          20    0.333372     0.33714 0.000692111
          21    0.342903    0.337415  0.00071323
          22    0.336548    0.337375 0.000681178
          23    0.339165    0.337453 0.000655524
          24    0.339706    0.337547 0.000634594
          25    0.339108    0.337609 0.000611874
          26    0.335126    0.337514 0.000595577
          27    0.339651    0.337593 0.000578536
          28    0.338616     0.33763 0.000558686
          29    0.340611    0.337732 0.000548791
          30    0.335086    0.337644  0.00053747
          31    0.338534    0.337673 0.000520635
          32    0.339351    0.337725 0.000506824
          33    0.337666    0.337724 0.000491229
          34    0.335406    0.337655 0.000481413
          35     0.34061     0.33774 0.000475015
          36    0.340148    0.337807 0.000466453
          37    0.331154    0.337627 0.000488004
          38    0.330766    0.337446 0.000508142
          39    0.332748    0.337326 0.000509394
          40    0.334683     0.33726 0.000500875
          41    0.337835    0.337274 0.000488707
          42    0.339058    0.337316 0.000478816
          43    0.336231    0.337291 0.000468229
          44    0.339857    0.337349 0.000461167
          45    0.338341    0.337371 0.000451341
          46     0.33903    0.337407  0.00044289
          47      0.3325    0.337303 0.000445764
          48    0.339663    0.337352 0.000439141
          49    0.341144     0.33743 0.000436992
          50    0.334538    0.337372 0.000432051
