           1    0.282644    0.282644           0
           2    0.277844    0.280244  0.00239964
           3    0.282607    0.281032  0.00159372
           4    0.282792    0.281472  0.00120983
           5    0.283366    0.281851  0.00101081
           6    0.282954    0.282034 0.000845552
           7    0.283205    0.282202 0.000733914
           8    0.281305     0.28209 0.000645385
           9    0.278131     0.28165 0.000719311
          10    0.280745    0.281559 0.000649697
          11    0.277402    0.281181 0.000698721
          12     0.28059    0.281132  0.00063974
          13    0.282538     0.28124  0.00059833
          14    0.276499    0.280902 0.000649265
          15     0.27924    0.280791 0.000614496
          16    0.279346    0.280701 0.000581856
          17    0.281325    0.280737 0.000547792
          18     0.28167    0.280789 0.000519058
          19    0.279759    0.280735 0.000493964
          20     0.28232    0.280814 0.000475273
          21    0.283042     0.28092 0.000464353
          22    0.283089    0.281019 0.000453586
          23    0.280279    0.280987 0.000434609
          24    0.280762    0.280977 0.000416212
          25    0.279057      0.2809 0.000406541
          26    0.280596    0.280889 0.000390767
          27    0.285368    0.281055 0.000410984
          28    0.283257    0.281133 0.000403768
          29     0.28045     0.28111 0.000390309
          30    0.280915    0.281103  0.00037713
          31    0.278664    0.281025 0.000373152
          32    0.281439    0.281038 0.000361535
          33    0.281472    0.281051 0.000350656
          34    0.279622    0.281009 0.000342771
          35    0.284386    0.281105  0.00034654
          36    0.279589    0.281063 0.000339401
          37    0.284738    0.281162 0.000344721
          38    0.281226    0.281164 0.000335531
          39    0.280989     0.28116 0.000326846
          40    0.282998    0.281206 0.000321869
          41    0.279978    0.281176 0.000315346
          42    0.282231    0.281201  0.00030877
          43     0.28194    0.281218 0.000301994
          44    0.282668    0.281251 0.000296886
          45    0.281397    0.281254 0.000290232
          46    0.278125    0.281186 0.000291891
          47    0.279723    0.281155 0.000287305
          48    0.281858     0.28117 0.000281637
          49    0.279406    0.281134 0.000278167
          50    0.284151    0.281194 0.000279149
