           1   -0.948749   -0.948749           0
           2   -0.942006   -0.945378   0.0033712
           3    -0.94387   -0.944875  0.00201016
           4   -0.946867   -0.945373  0.00150611
           5   -0.950774   -0.946453  0.00158995
           6   -0.946344   -0.946435  0.00129832
           7   -0.941952   -0.945795  0.00127051
           8   -0.946027   -0.945824  0.00110068
           9   -0.945222   -0.945757 0.000973006
          10   -0.945043   -0.945686 0.000873205
          11   -0.942835   -0.945426 0.000831264
          12   -0.944853   -0.945379 0.000760342
          13   -0.944682   -0.945325 0.000701465
          14   -0.946642   -0.945419 0.000656204
          15   -0.942965   -0.945255 0.000632424
          16   -0.946326   -0.945322 0.000595353
          17   -0.944192   -0.945256 0.000563176
          18   -0.949955   -0.945517  0.00059168
          19    -0.94371   -0.945422 0.000567693
          20   -0.943158   -0.945309 0.000550324
          21   -0.947659   -0.945421 0.000535295
          22   -0.947829    -0.94553  0.00052199
          23   -0.942502   -0.945398 0.000515857
          24   -0.943605   -0.945324 0.000499518
          25   -0.947328   -0.945404 0.000485782
          26   -0.949238   -0.945551 0.000489471
          27    -0.94615   -0.945574 0.000471516
          28   -0.942901   -0.945478 0.000464283
          29   -0.949597    -0.94562 0.000469961
          30   -0.950581   -0.945785 0.000483199
          31   -0.948038   -0.945858 0.000472969
          32   -0.943886   -0.945797 0.000462077
          33   -0.943544   -0.945728 0.000453028
          34   -0.949534    -0.94584 0.000453534
          35   -0.947061   -0.945875 0.000441764
          36   -0.948811   -0.945957 0.000436996
          37   -0.944955    -0.94593 0.000425882
          38   -0.946571   -0.945946 0.000414867
          39    -0.94149   -0.945832 0.000419938
          40   -0.947235   -0.945867 0.000410805
          41   -0.945026   -0.945847 0.000401186
          42   -0.938573   -0.945674 0.000428112
          43   -0.947365   -0.945713 0.000419884
          44   -0.946626   -0.945734 0.000410754
          45   -0.948656   -0.945799  0.00040674
          46   -0.947987   -0.945846 0.000400635
          47   -0.947931   -0.945891  0.00039452
          48   -0.947613   -0.945926 0.000387877
          49   -0.943205   -0.945871 0.000383918
          50   -0.945222   -0.945858 0.000376385
