           1   -0.527168   -0.527168           0
           2   -0.528394   -0.527781   0.0006128
           3   -0.528469    -0.52801 0.000421626
           4   -0.528502   -0.528133 0.000322536
           5   -0.527267    -0.52796    0.000304
           6   -0.528322    -0.52802 0.000255427
           7   -0.529379   -0.528214 0.000290327
           8    -0.52952   -0.528378 0.000299752
           9   -0.529584   -0.528512 0.000296399
          10   -0.528566   -0.528517 0.000265164
          11   -0.529568   -0.528613 0.000258176
          12   -0.527269   -0.528501 0.000260935
          13   -0.527819   -0.528448 0.000245683
          14   -0.530488   -0.528594  0.00027012
          15   -0.528456   -0.528585 0.000251636
          16   -0.527942   -0.528545 0.000238783
          17   -0.528301    -0.52853 0.000224755
          18   -0.528013   -0.528502 0.000213843
          19   -0.528381   -0.528495 0.000202375
          20   -0.528278   -0.528484 0.000192295
          21   -0.527818   -0.528453 0.000185644
          22   -0.529026   -0.528479 0.000178911
          23   -0.528459   -0.528478 0.000170957
          24   -0.528381   -0.528474 0.000163729
          25   -0.528467   -0.528473 0.000157044
          26   -0.527106   -0.528421 0.000159792
          27   -0.528742   -0.528433  0.00015422
          28     -0.5286   -0.528439  0.00014873
          29    -0.52989   -0.528489 0.000151981
          30   -0.527971   -0.528472 0.000147837
          31   -0.529594   -0.528508 0.000147499
          32   -0.530238   -0.528562 0.000152713
          33   -0.528088   -0.528547 0.000148708
          34   -0.529198   -0.528567 0.000145533
          35   -0.528669    -0.52857 0.000141344
          36   -0.530717   -0.528629 0.000149753
          37   -0.528307    -0.52862 0.000145909
          38   -0.529002    -0.52863 0.000142371
          39    -0.52965   -0.528657 0.000141113
          40   -0.528294   -0.528648 0.000137838
          41   -0.527918    -0.52863 0.000135605
          42   -0.528478   -0.528626 0.000132386
          43   -0.528454   -0.528622 0.000129332
          44   -0.528226   -0.528613  0.00012668
          45   -0.528413   -0.528609 0.000123913
          46   -0.528366   -0.528603 0.000121303
          47   -0.529136   -0.528615 0.000119234
          48   -0.529542   -0.528634 0.000118313
          49   -0.527648   -0.528614 0.000117608
          50    -0.53093    -0.52866  0.00012419
