           1    0.288854    0.288854           0
           2    0.291393    0.290124  0.00126936
           3    0.291239    0.290495  0.00082178
           4    0.290985    0.290618 0.000593851
           5    0.292196    0.290933 0.000557815
           6    0.292507    0.291196 0.000525538
           7    0.290797    0.291139 0.000447793
           8    0.289153    0.290891 0.000460461
           9    0.288599    0.290636 0.000479326
          10    0.290029    0.290575 0.000432992
          11    0.290844      0.2906 0.000392418
          12    0.291423    0.290668 0.000364732
          13    0.291844    0.290759 0.000347482
          14    0.289748    0.290687 0.000329698
          15    0.288138    0.290517 0.000350807
          16    0.290177    0.290495 0.000328837
          17    0.289675    0.290447 0.000312638
          18    0.292818    0.290579 0.000322843
          19    0.291311    0.290617 0.000307799
          20    0.292678     0.29072 0.000309651
          21    0.292286    0.290795 0.000303828
          22    0.290567    0.290785 0.000289873
          23    0.289422    0.290725 0.000283252
          24    0.291451    0.290756 0.000272873
          25    0.289221    0.290694 0.000268835
          26    0.287723     0.29058 0.000282447
          27    0.289687    0.290547 0.000273788
          28    0.290945    0.290561 0.000264212
          29    0.288214     0.29048 0.000267481
          30    0.288091      0.2904 0.000270402
          31    0.289502    0.290371 0.000263135
          32    0.290739    0.290383 0.000255038
          33    0.291126    0.290405 0.000248213
          34    0.288167     0.29034 0.000249642
          35    0.287166    0.290249 0.000258807
          36    0.290714    0.290262 0.000251847
          37    0.289032    0.290229  0.00024719
          38    0.292555     0.29029 0.000248263
          39    0.289654    0.290274 0.000242361
          40    0.288836    0.290238 0.000238943
          41    0.292077    0.290282 0.000237321
          42    0.292782    0.290342 0.000239124
          43     0.29247    0.290391 0.000238684
          44    0.290068    0.290384 0.000233312
          45    0.288643    0.290345 0.000231329
          46    0.290952    0.290359 0.000226628
          47     0.29307    0.290416 0.000229135
          48    0.291138    0.290431 0.000224815
          49    0.289869     0.29042 0.000220478
          50    0.291739    0.290446 0.000217628
          51    0.290522    0.290448 0.000213323
          52    0.289311    0.290426 0.000210319
          53    0.290238    0.290422 0.000206343
          54    0.293653    0.290482  0.00021114
          55     0.29173    0.290505 0.000208504
          56    0.289597    0.290489 0.000205388
          57    0.287957    0.290444 0.000206584
          58    0.292561    0.290481 0.000206247
          59    0.290556    0.290482 0.000202725
          60    0.289614    0.290467 0.000199842
          61    0.291768    0.290489 0.000197692
          62    0.290071    0.290482 0.000194593
          63    0.293588    0.290531 0.000197725
          64    0.288945    0.290507 0.000196183
          65     0.29292    0.290544 0.000196678
          66    0.290556    0.290544 0.000193675
          67    0.293653     0.29059 0.000196327
          68    0.290545     0.29059 0.000193419
          69    0.292559    0.290618 0.000192721
          70    0.290652    0.290619 0.000189949
          71    0.291054    0.290625 0.000187355
          72     0.29015    0.290618 0.000184852
          73    0.287273    0.290572 0.000187973
          74    0.290282    0.290568 0.000185457
          75    0.289256    0.290551 0.000183803
          76    0.289229    0.290534   0.0001822
          77    0.291492    0.290546 0.000180248
          78    0.291315    0.290556 0.000178195
          79    0.289879    0.290547 0.000176134
          80    0.291415    0.290558 0.000174256
          81    0.290406    0.290556 0.000172101
          82     0.28961    0.290545 0.000170381
          83    0.289105    0.290527 0.000169207
          84    0.289737    0.290518 0.000167445
          85     0.28896      0.2905 0.000166475
          86    0.290187    0.290496 0.000164568
          87     0.28838    0.290472 0.000164473
          88    0.290955    0.290477 0.000162686
          89    0.289984    0.290472 0.000160943
          90    0.289245    0.290458 0.000159727
          91    0.291238    0.290467 0.000158195
          92    0.288726    0.290448 0.000157606
          93    0.290262    0.290446 0.000155915
          94    0.291156    0.290453 0.000154432
          95    0.290532    0.290454   0.0001528
          96    0.289331    0.290442 0.000151651
          97    0.288763    0.290425 0.000151075
          98    0.293602    0.290457 0.000152999
          99    0.291921    0.290472 0.000152165
         100    0.289507    0.290463 0.000150945
