           1     3.19726     3.19726           0
           2     3.13159     3.16443   0.0328352
           3     3.19946      3.1761   0.0222645
           4     3.14366     3.16799   0.0177101
           5     3.12554      3.1595   0.0161336
           6     3.20054     3.16634   0.0148429
           7     3.14627     3.16347   0.0128682
           8      3.1709      3.1644   0.0111828
           9     3.16292     3.16424  0.00986368
          10      3.1697     3.16478  0.00883921
          11     3.21337      3.1692  0.00913443
          12     3.17468     3.16966  0.00835104
          13     3.19927     3.17193  0.00801244
          14     3.17147      3.1719  0.00741815
          15      3.1432     3.16999  0.00716606
          16     3.17671     3.17041  0.00671639
          17     3.19698     3.17197  0.00649963
          18     3.20768     3.17396  0.00644097
          19     3.12173     3.17121  0.00668381
          20     3.14815     3.17005  0.00644476
          21     3.23332     3.17307  0.00683052
          22     3.15829     3.17239  0.00654718
          23     3.21676     3.17432  0.00654667
          24     3.23466     3.17684  0.00675336
          25       3.213     3.17828  0.00663716
          26     3.18606     3.17858  0.00638378
          27     3.14111      3.1772  0.00629763
          28     3.16089     3.17661  0.00609642
          29     3.15589      3.1759  0.00592569
          30     3.06932     3.17235  0.00673742
          31     3.18941      3.1729  0.00653966
          32     3.16288     3.17258  0.00633973
          33     3.17891     3.17278  0.00614761
          34     3.20129     3.17361  0.00602275
          35     3.19711     3.17429  0.00588653
          36      3.1796     3.17443  0.00572259
          37     3.14207     3.17356  0.00563409
          38      3.1902       3.174  0.00550129
          39     3.11368     3.17245  0.00557709
          40     3.21496     3.17351  0.00553877
          41     3.15529     3.17307  0.00542025
          42     3.21931     3.17417  0.00540301
          43     3.18774     3.17448   0.0052853
          44     3.22404     3.17561  0.00528519
          45     3.20348     3.17623   0.0052034
          46     3.17183     3.17613  0.00508992
          47     3.16692     3.17594   0.0049843
          48      3.2137     3.17673  0.00494238
          49     3.20018      3.1772  0.00486407
          50     3.18397     3.17734  0.00476772
          51     3.22858     3.17834  0.00478009
          52     3.19443     3.17865  0.00469747
          53     3.09636      3.1771  0.00486257
          54     3.17911     3.17714  0.00477181
          55     3.21341      3.1778  0.00473044
          56     3.15497     3.17739  0.00466305
          57     3.18448     3.17751   0.0045822
          58       3.202     3.17794  0.00452225
          59     3.22634     3.17876  0.00452001
          60     3.25946      3.1801  0.00464312
          61     3.19093     3.18028  0.00456982
          62     3.15521     3.17987  0.00451366
          63     3.17293     3.17976  0.00444281
          64     3.18197      3.1798  0.00437297
          65     3.17978      3.1798  0.00430517
          66     3.19435     3.18002  0.00424517
          67     3.19473     3.18024  0.00418709
          68      3.1909      3.1804  0.00412803
          69     3.21009     3.18083  0.00409046
          70     3.19733     3.18106  0.00403849
          71     3.19418     3.18125  0.00398549
          72     3.23589     3.18201  0.00400236
          73     3.22583     3.18261  0.00399255
          74     3.14667     3.18212  0.00396805
          75     3.11994     3.18129  0.00400161
          76     3.13208     3.18064  0.00400135
          77     3.14889     3.18023  0.00397052
          78     3.19464     3.18042  0.00392364
          79     3.18179     3.18043  0.00387369
          80     3.23029     3.18106   0.0038754
          81     3.14767     3.18064  0.00384939
          82     3.20727     3.18097    0.003816
          83     3.22245     3.18147  0.00380272
          84     3.20719     3.18177  0.00376963
          85     3.13674     3.18125  0.00376251
          86     3.20491     3.18152  0.00372866
          87     3.14783     3.18113  0.00370584
          88      3.1466     3.18074  0.00368444
          89     3.22746     3.18127  0.00368043
          90     3.22233     3.18172   0.0036678
          91     3.22101     3.18215  0.00365287
          92     3.20328     3.18238  0.00362024
          93     3.16773     3.18223  0.00358456
          94     3.20436     3.18246  0.00355404
          95     3.21316     3.18278  0.00353124
          96     3.18106     3.18277  0.00349431
          97     3.17642      3.1827  0.00345871
          98     3.17401     3.18261  0.00342439
          99     3.16073     3.18239  0.00339682
         100     3.19465     3.18251  0.00336491
