           1   0.0980152   0.0980152           0
           2    0.107329    0.102672   0.0046568
           3   0.0891928   0.0981789  0.00523605
           4   0.0832144   0.0944378  0.00526348
           5    0.081032   0.0917566  0.00487967
           6   0.0931544   0.0919896  0.00399104
           7   0.0999304    0.093124  0.00355869
           8   0.0877776   0.0924557  0.00315354
           9   0.0781992   0.0908716  0.00320064
          10   0.0918944   0.0909739  0.00286457
          11   0.0891608   0.0908091  0.00259633
          12   0.0881824   0.0905902   0.0023802
          13    0.103405   0.0915759  0.00240114
          14   0.0931968   0.0916917  0.00222603
          15   0.0836992   0.0911589  0.00213973
          16   0.0943608    0.091359  0.00201151
          17   0.0900368   0.0912812  0.00189109
          18    0.106186   0.0921093  0.00196585
          19   0.0975128   0.0923937  0.00188113
          20   0.0845696   0.0920025  0.00182697
          21   0.0853648   0.0916864   0.0017663
          22   0.0839144   0.0913331  0.00172076
          23   0.0979752   0.0916219  0.00166941
          24    0.085676   0.0913742  0.00161742
          25    0.093076   0.0914422  0.00155287
          26   0.0995824   0.0917553  0.00152445
          27   0.0789456   0.0912809  0.00154171
          28   0.0815352   0.0909328  0.00152586
          29   0.0990104   0.0912114  0.00149842
          30   0.0865416   0.0910557  0.00145596
          31   0.0941184   0.0911545  0.00141167
          32     0.09224   0.0911884  0.00136726
          33   0.0966872   0.0913551  0.00133562
          34   0.0963232   0.0915012  0.00130395
          35    0.111515    0.092073  0.00138929
          36   0.0875768   0.0919481  0.00135591
          37   0.0875672   0.0918297  0.00132406
          38    0.085412   0.0916608  0.00129976
          39     0.09504   0.0917475  0.00126896
          40   0.0837136   0.0915466  0.00125303
          41   0.0747984   0.0911381  0.00128855
          42     0.09052   0.0911234  0.00125758
          43   0.0818248   0.0909072  0.00124688
          44   0.0831888   0.0907317  0.00123078
          45   0.0757824   0.0903995  0.00124814
          46   0.0832832   0.0902448  0.00123047
          47   0.0933656   0.0903112  0.00120584
          48   0.0980232   0.0904719  0.00119133
          49   0.0908704     0.09048  0.00116679
          50    0.100354   0.0906775  0.00116015
