           1    0.410317    0.410317           0
           2    0.415573    0.412945  0.00262804
           3    0.418029     0.41464  0.00227488
           4    0.408876    0.413199  0.00215964
           5    0.395993    0.409757  0.00382617
           6    0.412447    0.410206  0.00315605
           7    0.418915     0.41145  0.00294327
           8    0.430635    0.413848  0.00349978
           9    0.406927    0.413079  0.00318086
          10    0.417542    0.413525  0.00287985
          11    0.418392    0.413968  0.00264222
          12    0.411333    0.413748  0.00242198
          13    0.410428    0.413493  0.00224249
          14     0.41405    0.413533  0.00207653
          15    0.415772    0.413682  0.00193889
          16    0.411948    0.413574   0.0018169
          17    0.412692    0.413522  0.00170747
          18    0.412266    0.413452  0.00161133
          19    0.429943     0.41432  0.00175398
          20    0.406117     0.41391  0.00171378
          21    0.415488    0.413985  0.00163186
          22    0.412013    0.413895   0.0015585
          23    0.425862    0.414416  0.00157746
          24    0.407122    0.414112  0.00154058
          25    0.412958    0.414066  0.00147839
          26    0.410979    0.413947  0.00142535
          27    0.404325     0.41359  0.00141708
          28    0.412034    0.413535  0.00136667
          29     0.39935    0.413046  0.00140649
          30    0.413062    0.413046   0.0013588
          31    0.391214    0.412342  0.00149104
          32    0.423876    0.412702  0.00148801
          33    0.407401    0.412542  0.00145113
          34    0.411309    0.412506  0.00140827
          35    0.423886    0.412831  0.00140557
          36    0.396514    0.412377   0.0014392
          37    0.430345    0.412863   0.0014816
          38    0.405867    0.412679  0.00145379
          39    0.427857    0.413068  0.00146853
          40     0.39998    0.412741  0.00146827
          41     0.41332    0.412755  0.00143208
          42    0.388328    0.412173  0.00151375
          43    0.416583    0.412276  0.00148168
          44    0.422077    0.412499  0.00146465
          45    0.413755    0.412527  0.00143201
          46     0.42804    0.412864  0.00144056
          47    0.412582    0.412858  0.00140959
          48    0.409353    0.412785  0.00138184
          49    0.414328    0.412816  0.00135372
          50    0.416257    0.412885  0.00132815
