           1     1.51336     1.51336           0
           2     1.53515     1.52426   0.0108976
           3     1.53116     1.52656  0.00669942
           4     1.52837     1.52701  0.00475873
           5     1.52859     1.52733  0.00369957
           6     1.50159     1.52304  0.00524655
           7     1.53368     1.52456  0.00468775
           8     1.53989     1.52647  0.00448953
           9     1.54476     1.52851  0.00445009
          10     1.52095     1.52775  0.00405131
          11     1.51739     1.52681  0.00378367
          12     1.51258     1.52562  0.00365199
          13      1.5314     1.52607  0.00338862
          14     1.54338      1.5273  0.00337208
          15     1.50675     1.52593  0.00342521
          16     1.52757     1.52604  0.00320562
          17     1.54222     1.52699  0.00315799
          18     1.51478     1.52631  0.00305361
          19     1.53099     1.52656  0.00289893
          20     1.53106     1.52678  0.00275936
          21     1.52516      1.5267  0.00262581
          22     1.52289     1.52653   0.0025096
          23     1.53052      1.5267  0.00240427
          24     1.52523     1.52664  0.00230273
          25     1.51604     1.52622  0.00224903
          26     1.53349      1.5265  0.00217883
          27     1.52956     1.52661  0.00209964
          28     1.54019      1.5271  0.00208058
          29     1.52257     1.52694  0.00201362
          30     1.53232     1.52712  0.00195359
          31     1.54011     1.52754  0.00193541
          32     1.53226     1.52769  0.00187975
          33     1.50657     1.52705  0.00193103
          34     1.52647     1.52703  0.00187345
          35     1.51539      1.5267  0.00184929
          36     1.51793     1.52645  0.00181362
          37     1.53108     1.52658  0.00176835
          38     1.54422     1.52704  0.00178272
          39     1.52127     1.52689  0.00174271
          40     1.51813     1.52668  0.00171264
          41     1.52569     1.52665  0.00167052
          42     1.54285     1.52704  0.00167527
          43     1.53324     1.52718   0.0016422
          44     1.52081     1.52704  0.00161098
          45     1.53447      1.5272  0.00158342
          46     1.55108     1.52772  0.00163329
          47     1.50867     1.52732  0.00164877
          48     1.53664     1.52751  0.00162571
          49     1.52328     1.52742  0.00159452
          50     1.50927     1.52706  0.00160394
          51     1.52511     1.52702  0.00157264
          52     1.53403     1.52716  0.00154798
          53     1.53232     1.52725  0.00152161
          54     1.54642     1.52761  0.00153478
          55     1.51635      1.5274  0.00152046
          56      1.5139     1.52716   0.0015124
          57     1.53421     1.52729  0.00149077
          58     1.52857     1.52731  0.00146501
          59     1.53048     1.52736  0.00144097
          60     1.54312     1.52763  0.00144089
          61     1.55952     1.52815  0.00151048
          62     1.54077     1.52835   0.0014998
          63     1.53511     1.52846   0.0014797
          64     1.53267     1.52853  0.00145787
          65     1.53827     1.52868  0.00144308
          66     1.52761     1.52866  0.00142113
          67     1.53723     1.52879   0.0014056
          68     1.53002      1.5288  0.00138489
          69     1.50608     1.52848  0.00140385
          70     1.53011      1.5285  0.00138384
          71     1.52946     1.52851  0.00136428
          72     1.51309      1.5283  0.00136214
          73     1.53929     1.52845  0.00135177
          74     1.54307     1.52865  0.00134793
          75     1.52904     1.52865  0.00132985
          76     1.52891     1.52866  0.00131224
          77      1.5152     1.52848  0.00130681
          78     1.53337     1.52854  0.00129147
          79      1.5474     1.52878  0.00129718
          80     1.54076     1.52893  0.00128958
          81     1.52679     1.52891  0.00127383
          82      1.5382     1.52902   0.0012633
          83     1.51864     1.52889  0.00125423
          84     1.51622     1.52874  0.00124836
          85     1.53449     1.52881  0.00123544
          86     1.51691     1.52867  0.00122881
          87     1.51748     1.52854   0.0012214
          88     1.51929     1.52844  0.00121201
          89     1.53362      1.5285  0.00119973
          90     1.54156     1.52864  0.00119517
          91     1.51458     1.52849  0.00119203
          92     1.52805     1.52848  0.00117901
          93     1.54315     1.52864  0.00117688
          94     1.52698     1.52862  0.00116442
          95     1.53816     1.52872  0.00115647
          96     1.55059     1.52895  0.00116681
          97     1.53078     1.52897  0.00115488
          98     1.53077     1.52899  0.00114318
          99     1.53136     1.52901  0.00113183
         100     1.50791      1.5288  0.00114015
