           1     3.94103     3.94103           0
           2     3.87767     3.90935     0.03168
           3     3.92675     3.91515   0.0191876
           4     4.00063     3.93652   0.0253131
           5     3.95733     3.94068   0.0200444
           6     3.95437     3.94296   0.0165244
           7     4.00872     3.95236   0.0168314
           8     3.96478     3.95391   0.0146589
           9     4.06044     3.96575   0.0175281
          10     3.96033      3.9652    0.015687
          11     3.90819     3.96002   0.0151063
          12     3.96464     3.96041   0.0137955
          13     3.88742     3.95479   0.0138766
          14     4.00457     3.95835   0.0133302
          15     3.93343     3.95669   0.0125204
          16     3.99664     3.95918    0.011975
          17     3.94067     3.95809   0.0113012
          18     3.95417     3.95788   0.0106571
          19     4.01225     3.96074   0.0104788
          20     4.03233     3.96432   0.0105659
          21     3.98137     3.96513   0.0100829
          22     3.90237     3.96228    0.010028
          23     3.88405     3.95888   0.0101678
          24     3.93342     3.95782  0.00979251
          25     3.95633     3.95776  0.00939284
          26     3.86988     3.95438  0.00963657
          27     3.84295     3.95025   0.0101497
          28     4.06316     3.95428   0.0105793
          29     3.92543     3.95329   0.0102564
          30     3.89864     3.95146   0.0100746
          31      3.9768     3.95228  0.00977842
          32     4.05146     3.95538  0.00996229
          33     3.97545     3.95599  0.00967482
          34     3.87793     3.95369  0.00966267
          35     3.98292     3.95453  0.00941963
          36     4.03048     3.95664  0.00939422
          37     3.96331     3.95682  0.00913857
          38      3.8733     3.95462  0.00916236
          39     4.01316     3.95612  0.00904966
          40     3.92447     3.95533  0.00885594
          41     3.91853     3.95443  0.00868376
          42     4.04062     3.95648  0.00871939
          43     4.06892      3.9591  0.00890665
          44     3.91688     3.95814  0.00875461
          45     3.84548     3.95564  0.00891653
          46     3.97587     3.95608  0.00873162
          47     3.97986     3.95658  0.00855879
          48     3.91348     3.95568  0.00842657
          49     3.87607     3.95406  0.00841122
          50       4.007     3.95512  0.00830901
