           1     17.3256     17.3256           0
           2     17.9126     17.6191    0.293475
           3     17.8741     17.7041    0.189571
           4     17.9607     17.7683    0.148606
           5      17.539     17.7224    0.123902
           6     18.7276     17.8899    0.195708
           7     18.0418     17.9116    0.166821
           8     17.6056     17.8734    0.149449
           9     17.7133     17.8556    0.132996
          10     17.6372     17.8338    0.120944
          11     17.6556     17.8176     0.11059
          12     18.5313     17.8771    0.117173
          13     18.5002      17.925    0.117961
          14     18.4064     17.9594    0.114497
          15     18.2089      17.976    0.107881
          16     17.4374     17.9423    0.106381
          17     17.7274     17.9297    0.100724
          18     18.0179     17.9346     0.09509
          19     16.9286     17.8817    0.104373
          20     17.8641     17.8808   0.0990206
          21     17.8274     17.8782   0.0942217
          22     18.7168     17.9163    0.097589
          23     18.2192     17.9295   0.0941745
          24     17.6227     17.9167   0.0910672
          25      18.217     17.9287   0.0881707
          26     17.4672      17.911   0.0865519
          27      17.966      17.913   0.0833095
          28     17.6177     17.9025   0.0809688
          29     17.9875     17.9054   0.0781818
          30     18.3521     17.9203   0.0769846
          31     18.9636      17.954   0.0817123
          32      18.087     17.9581   0.0792267
          33     19.0283     17.9905    0.083355
          34      18.483      18.005   0.0821531
          35      17.337     17.9859   0.0820233
          36     18.4094     17.9977   0.0805756
          37     17.5837     17.9865   0.0791624
          38     17.8267     17.9823   0.0771656
          39     18.3434     17.9916   0.0757291
          40     18.3847     18.0014   0.0744632
          41     17.9522     18.0002   0.0726342
          42     17.6788     17.9925   0.0712956
          43     17.9019     17.9904   0.0696497
          44     18.4719     18.0014   0.0689227
          45     17.3735     17.9874   0.0688031
          46     17.6049     17.9791   0.0678027
          47     17.3552     17.9658   0.0676592
          48     18.5315     17.9776   0.0672749
          49     18.6108     17.9905   0.0671429
          50     18.1228     17.9932   0.0658395
          51     17.5639     17.9848   0.0650823
          52     17.8109     17.9814    0.063906
          53     18.7315     17.9956   0.0642664
          54     17.4674     17.9858   0.0638191
          55      17.928     17.9847   0.0626568
          56     17.8515     17.9824   0.0615737
          57     17.8046     17.9793   0.0605642
          58     17.6401     17.9734   0.0597974
          59     18.1387     17.9762    0.058842
          60     18.1075     17.9784   0.0578943
          61     18.1453     17.9811    0.057003
          62     18.7518     17.9936   0.0574373
          63     17.8067     17.9906    0.056596
          64      18.439     17.9976   0.0561435
          65     18.1451     17.9999   0.0553196
          66     17.8702     17.9979   0.0545103
          67     18.3014     18.0024   0.0538814
          68      18.191     18.0052   0.0531555
          69     18.2383     18.0086   0.0524883
          70     17.9444     18.0077   0.0517411
          71     18.1496     18.0097   0.0510463
          72      18.154     18.0117   0.0503723
          73       17.93     18.0106   0.0496901
          74     18.8378     18.0217   0.0502726
          75     18.5963     18.0294   0.0501859
          76     19.1686     18.0444     0.05174
          77     18.0717     18.0447   0.0510648
          78     18.3187     18.0483   0.0505281
          79     17.7293     18.0442   0.0500475
          80      17.602     18.0387   0.0497262
          81     18.0126     18.0384   0.0491095
          82     17.8905     18.0366   0.0485405
          83     18.1117     18.0375   0.0479606
          84     18.5026      18.043   0.0477087
          85     17.7693     18.0398   0.0472539
          86     18.2284      18.042   0.0467527
          87     17.8743       18.04   0.0462524
          88     17.2322     18.0309   0.0466363
          89     18.3539     18.0345   0.0462519
          90      17.934     18.0334   0.0457488
          91     18.3154     18.0365   0.0453492
          92      17.819     18.0341   0.0449159
          93     17.8427     18.0321   0.0444779
          94     18.1959     18.0338   0.0440367
          95     18.3879     18.0375   0.0437299
          96     17.9859      18.037   0.0432753
          97     18.0765     18.0374   0.0428288
          98     18.5767     18.0429   0.0427452
          99     17.9598     18.0421   0.0423196
         100     17.9176     18.0408   0.0419127
