           1    0.374037    0.374037           0
           2    0.367732    0.370885  0.00315265
           3    0.364805    0.368858  0.00272388
           4    0.370079    0.369163  0.00195012
           5    0.370162    0.369363  0.00152369
           6     0.36373    0.368424  0.00155862
           7    0.364752      0.3679   0.0014179
           8    0.367698    0.367874   0.0012282
           9    0.365798    0.367644  0.00110747
          10    0.366346    0.367514 0.000999014
          11    0.367428    0.367506 0.000903676
          12    0.364417    0.367249 0.000864173
          13      0.3661     0.36716 0.000799819
          14    0.368672    0.367268 0.000748323
          15    0.365104    0.367124  0.00071143
          16    0.364161    0.366939 0.000690771
          17    0.371616    0.367214 0.000704783
          18    0.367452    0.367227 0.000664608
          19    0.368856    0.367313 0.000634471
          20    0.365772    0.367236 0.000606823
          21    0.365052    0.367132 0.000586498
          22    0.363591    0.366971 0.000581906
          23    0.367422     0.36699 0.000556376
          24    0.369001    0.367074 0.000539237
          25    0.371356    0.367246 0.000544838
          26    0.369116    0.367317 0.000528383
          27    0.366982    0.367305 0.000508588
          28     0.37147    0.367454 0.000512164
          29    0.365375    0.367382 0.000499361
          30    0.368256    0.367411 0.000483306
          31    0.365908    0.367363 0.000469964
          32    0.364091     0.36726 0.000466388
          33    0.362316    0.367111 0.000476224
          34    0.369255    0.367174 0.000466289
          35    0.364004    0.367083 0.000461741
          36    0.375056    0.367305 0.000500414
          37     0.36454     0.36723 0.000492403
          38     0.36755    0.367238 0.000479344
          39    0.368573    0.367273 0.000468145
          40    0.366589    0.367255 0.000456611
          41    0.367198    0.367254 0.000445337
          42    0.368688    0.367288 0.000435943
          43    0.371916    0.367396 0.000439081
          44    0.367985    0.367409 0.000429194
          45    0.368963    0.367444 0.000420967
          46    0.369981    0.367499 0.000415391
          47    0.368574    0.367522   0.0004071
          48    0.367827    0.367528 0.000398579
          49    0.369504    0.367568 0.000392438
          50    0.366979    0.367557 0.000384689
          51    0.368506    0.367575  0.00037753
          52    0.373791    0.367695  0.00038902
          53    0.372727     0.36779 0.000393244
          54    0.366234    0.367761 0.000386967
          55     0.36613    0.367731 0.000381022
          56    0.369225    0.367758 0.000375105
          57    0.369049    0.367781 0.000369161
          58    0.368583    0.367794 0.000363004
          59     0.36867    0.367809 0.000357107
          60    0.365938    0.367778 0.000352487
          61    0.369914    0.367813 0.000348423
          62    0.365712    0.367779 0.000344428
          63    0.368797    0.367795 0.000339302
          64    0.366595    0.367777 0.000334484
          65    0.364936    0.367733 0.000332186
          66    0.369986    0.367767 0.000328891
          67    0.367304     0.36776 0.000324019
          68    0.367766     0.36776 0.000319219
          69    0.369479    0.367785 0.000315543
          70     0.36528    0.367749 0.000313054
          71    0.367267    0.367743 0.000308689
          72    0.369411    0.367766 0.000305252
          73    0.371402    0.367816 0.000305135
          74    0.369802    0.367842 0.000302179
          75    0.366043    0.367818 0.000299086
          76    0.370314    0.367851 0.000296946
          77    0.368004    0.367853 0.000293071
          78    0.372414    0.367912 0.000295139
          79    0.368104    0.367914 0.000291389
          80    0.368724    0.367924 0.000287902
          81    0.365544    0.367895  0.00028584
          82    0.364155    0.367849 0.000285992
          83    0.369629    0.367871 0.000283338
          84    0.367005     0.36786 0.000280134
          85    0.367448    0.367856 0.000276861
          86    0.364753    0.367819 0.000275991
          87    0.367683    0.367818 0.000272805
          88    0.369355    0.367835 0.000270252
          89    0.368835    0.367847 0.000267434
          90    0.368752    0.367857 0.000264638
          91    0.367297     0.36785 0.000261786
          92    0.366556    0.367836 0.000259306
          93    0.367282     0.36783 0.000256572
          94    0.367499    0.367827 0.000253852
          95    0.365305      0.3678 0.000252565
          96    0.370157    0.367825 0.000251123
          97    0.364168    0.367787 0.000251363
          98    0.366352    0.367773 0.000249216
          99    0.371134    0.367807 0.000249012
         100    0.369104     0.36782  0.00024685
