           1      2.6038      2.6038           0
           2     2.64282     2.62331   0.0195092
           3     2.62354     2.62339   0.0112639
           4     2.63077     2.62523  0.00817593
           5     2.69323     2.63883    0.015002
           6     2.65664      2.6418   0.0126033
           7     2.58542     2.63375   0.0133541
           8     2.64669     2.63536   0.0116776
           9     2.64093     2.63598   0.0103172
          10     2.64054     2.63644  0.00923926
          11     2.58864     2.63209   0.0094193
          12     2.60877     2.63015  0.00881548
          13     2.65455     2.63203  0.00832347
          14     2.61607     2.63089  0.00778988
          15     2.58185     2.62762  0.00795477
          16     2.63605     2.62815  0.00745965
          17     2.61872     2.62759    0.007029
          18     2.65638     2.62919  0.00681732
          19     2.68532     2.63215  0.00709307
          20      2.6027     2.63067  0.00688822
          21     2.62963     2.63062  0.00655219
          22     2.57563     2.62812  0.00672884
          23     2.59943     2.62688  0.00654952
          24     2.64233     2.62752  0.00630366
          25      2.5654     2.62504  0.00653696
          26     2.62651     2.62509  0.00628076
          27     2.69679     2.62775   0.0066013
          28     2.56711     2.62558  0.00671973
          29     2.62741     2.62564  0.00648418
          30     2.58858     2.62441    0.006385
          31     2.61266     2.62403  0.00618723
          32     2.65969     2.62514  0.00609354
          33     2.63368      2.6254  0.00591166
          34     2.63934     2.62581  0.00574979
          35     2.71087     2.62824  0.00608909
          36     2.61363     2.62784  0.00593144
          37     2.68117     2.62928  0.00594622
          38     2.60031     2.62852  0.00583761
          39     2.55827     2.62672  0.00596439
          40     2.63997     2.62705   0.0058228
          41     2.63795     2.62731  0.00568523
          42     2.64286     2.62768  0.00556055
          43     2.68337     2.62898  0.00558202
          44     2.65375     2.62954  0.00548266
          45      2.6033     2.62896  0.00539106
          46     2.60568     2.62845  0.00529678
          47     2.67046     2.62935  0.00525936
          48     2.64453     2.62966  0.00515834
          49     2.64523     2.62998  0.00506196
          50     2.59327     2.62925  0.00501373
