           1   0.0955404   0.0955404           0
           2    0.086566   0.0910532   0.0044872
           3   0.0855956    0.089234  0.00316562
           4   0.0918032   0.0898763  0.00232876
           5    0.086266   0.0891542    0.001943
           6   0.0898924   0.0892773  0.00159121
           7    0.088336   0.0891428  0.00135153
           8   0.0771792   0.0876473  0.00189904
           9   0.0808656   0.0868938   0.0018365
          10   0.0791168   0.0861161  0.00181742
          11     0.08902   0.0863801  0.00166498
          12   0.0873868    0.086464  0.00152222
          13   0.0836212   0.0862453  0.00141721
          14   0.0873944   0.0863274  0.00131465
          15   0.0810824   0.0859777  0.00127284
          16     0.09102   0.0862929  0.00123164
          17    0.084672   0.0861975  0.00116084
          18   0.0899136    0.086404  0.00111376
          19   0.0818408   0.0861638  0.00108054
          20   0.0883076    0.086271  0.00103067
          21   0.0820348   0.0860693  0.00100091
          22   0.0893128   0.0862167 0.000965648
          23   0.0859256   0.0862041 0.000922795
          24   0.0812744   0.0859987 0.000907071
          25   0.0848688   0.0859535 0.000871205
          26   0.0900396   0.0861106 0.000851653
          27   0.0829028   0.0859918 0.000828071
          28     0.08718   0.0860342 0.000799077
          29   0.0844556   0.0859798 0.000772949
          30   0.0858704   0.0859762 0.000746749
          31   0.0851392   0.0859492 0.000722763
          32   0.0846584   0.0859088 0.000700974
          33    0.086802   0.0859359 0.000679939
          34   0.0848548   0.0859041 0.000660404
          35    0.085606   0.0858956 0.000641314
          36   0.0759388    0.085619 0.000681858
          37   0.0875276   0.0856706 0.000665176
          38   0.0887436   0.0857515 0.000652466
          39    0.090112   0.0858633 0.000645276
          40    0.085638   0.0858576 0.000628963
          41    0.090596   0.0859732 0.000624222
          42   0.0844312   0.0859365 0.000610284
          43   0.0851704   0.0859187 0.000596188
          44   0.0881304   0.0859689 0.000584646
          45    0.081464   0.0858688 0.000580208
          46   0.0890748   0.0859385 0.000571719
          47    0.084392   0.0859056 0.000560389
          48    0.084302   0.0858722 0.000549606
          49   0.0902144   0.0859608 0.000545519
          50   0.0800308   0.0858422 0.000547497
          51   0.0805856   0.0857392 0.000546463
          52   0.0878088    0.085779 0.000537327
          53   0.0867896    0.085798 0.000527436
          54     0.08605   0.0858027 0.000517598
          55   0.0809208   0.0857139 0.000515795
          56   0.0795648   0.0856041 0.000518266
          57    0.080042   0.0855065  0.00051836
          58   0.0874864   0.0855407 0.000510487
          59   0.0880592   0.0855834 0.000503573
          60   0.0834696   0.0855481  0.00049636
          61   0.0856404   0.0855496 0.000488158
          62   0.0813536    0.085482 0.000484965
          63     0.08763   0.0855161 0.000478422
          64   0.0906388   0.0855961 0.000477642
          65   0.0924368   0.0857013 0.000481869
          66   0.0783036   0.0855893  0.00048757
          67    0.080648   0.0855155 0.000485868
          68   0.0768656   0.0853883 0.000495283
          69   0.0861172   0.0853989 0.000488167
          70   0.0765024   0.0852718 0.000497645
          71   0.0845608   0.0852618 0.000490688
          72   0.0901756     0.08533 0.000488615
          73    0.085932   0.0853383 0.000481945
          74     0.08351   0.0853136  0.00047603
          75    0.087108   0.0853375 0.000470249
          76    0.076696   0.0852238 0.000477748
          77   0.0867168   0.0852432 0.000471901
          78   0.0847868   0.0852373 0.000465849
          79    0.080264   0.0851744 0.000464202
          80   0.0840956   0.0851609 0.000458562
          81    0.087868   0.0851943 0.000454096
          82    0.085282   0.0851954 0.000448526
          83   0.0859792   0.0852048  0.00044319
          84   0.0893076   0.0852537 0.000440597
          85   0.0856924   0.0852588 0.000435414
          86   0.0891084   0.0853036 0.000432643
          87   0.0805164   0.0852486 0.000431166
          88   0.0827424   0.0852201 0.000427189
          89   0.0879584   0.0852508 0.000423481
          90   0.0838388   0.0852352 0.000419043
          91   0.0878192   0.0852635 0.000415384
          92   0.0746636   0.0851483 0.000426694
          93   0.0913528    0.085215 0.000427321
          94   0.0904964   0.0852712 0.000426468
          95   0.0877832   0.0852977 0.000422783
          96   0.0837516   0.0852816 0.000418665
          97   0.0831748   0.0852598 0.000414896
          98   0.0806184   0.0852125 0.000413362
          99    0.088134    0.085242 0.000410229
         100   0.0861696   0.0852513 0.000406212
