           1     5.18258     5.18258           0
           2        5.03     5.10629   0.0762905
           3     5.12447     5.11235    0.044461
           4     5.14666     5.12093   0.0325878
           5      5.0182     5.10038   0.0325462
           6     5.11493     5.10281   0.0266842
           7     5.06735     5.09774   0.0231141
           8     5.05708     5.09266   0.0206525
           9     5.07956      5.0912   0.0182719
          10     5.18729     5.10081   0.0189585
          11      5.0802     5.09894   0.0172506
          12        5.18     5.10569   0.0171354
          13     5.13178      5.1077   0.0158895
          14     5.10159     5.10726   0.0147173
          15     5.11365     5.10769   0.0137077
          16     4.98597     5.10008   0.0149093
          17     5.16322      5.1038    0.014489
          18     5.13179     5.10535   0.0137486
          19     5.02088     5.10091   0.0137438
          20     5.07682      5.0997   0.0130941
          21     5.12047     5.10069   0.0124942
          22     5.07742     5.09963   0.0119596
          23     5.14652     5.10167   0.0116082
          24     5.15078     5.10372   0.0113008
          25      5.1841     5.10693   0.0113062
          26     5.08756     5.10619   0.0108882
          27     5.10148     5.10601   0.0104786
          28     5.05891     5.10433   0.0102366
          29     5.16167     5.10631   0.0100733
          30     5.12988     5.10709  0.00976337
          31       4.939     5.10167   0.0108892
          32     5.09326     5.10141   0.0105467
          33     5.15589     5.10306   0.0103546
          34     5.26313     5.10777   0.0110939
          35      4.9494     5.10324    0.011684
          36     5.14796     5.10449   0.0114225
          37     5.08724     5.10402   0.0111193
          38     5.06549       5.103   0.0108701
          39     5.01471     5.10074   0.0108271
          40     5.12617     5.10138   0.0105721
          41     5.06338     5.10045   0.0103526
          42     5.08326     5.10004   0.0101113
          43     5.16913     5.10165   0.0100033
          44     5.06219     5.10075  0.00981433
          45     5.07569     5.10019   0.0096099
          46     5.12152     5.10066   0.0094101
          47     5.25531     5.10395    0.009778
          48     5.06791      5.1032  0.00960152
          49     5.13135     5.10377  0.00942106
          50     4.99215     5.10154  0.00949682
          51     5.11022     5.10171   0.0093103
          52     5.00257      5.0998  0.00932644
          53     5.02342     5.09836   0.0092616
          54     5.05082     5.09748  0.00913102
          55     5.12959     5.09807  0.00898246
          56     5.11819     5.09842  0.00882792
          57     5.06393     5.09782  0.00869275
          58     5.14592     5.09865  0.00858174
          59     5.07904     5.09832  0.00844157
          60     5.08942     5.09817  0.00830101
          61     5.07255     5.09775  0.00817459
          62     5.13131     5.09829  0.00805987
          63     5.05583     5.09762  0.00795948
          64     5.18864     5.09904  0.00796218
          65     5.16695     5.10008  0.00790805
          66     5.08871     5.09991  0.00778921
          67     5.06838     5.09944  0.00768649
          68     5.17374     5.10053  0.00765104
          69     5.11125     5.10069  0.00754094
          70     5.13024     5.10111  0.00744441
          71     5.00919     5.09982  0.00745212
          72     5.09762     5.09978  0.00734796
          73     5.08848     5.09963  0.00724826
          74     5.05234     5.09899  0.00717814
          75     5.18961      5.1002  0.00718411
          76     5.17461     5.10118  0.00715625
          77     5.12373     5.10147  0.00706878
          78     5.09064     5.10133  0.00697894
          79     4.96399     5.09959  0.00710598
          80     5.19494     5.10079   0.0071171
          81     5.05502     5.10022  0.00705136
          82      5.0332      5.0994  0.00701263
          83      5.0311     5.09858  0.00697634
          84     5.08143     5.09838  0.00689581
          85      5.2085     5.09967  0.00693628
          86     5.10139     5.09969  0.00685518
          87     5.16868     5.10048  0.00682216
          88     5.27575     5.10248  0.00703213
          89     5.20228      5.1036  0.00704252
          90     5.11152     5.10369  0.00696439
          91     5.14273     5.10411  0.00690078
          92      5.1639     5.10476  0.00685622
          93     5.20363     5.10583  0.00686491
          94     5.04239     5.10515  0.00682494
          95     5.06838     5.10477  0.00676381
          96     5.07759     5.10448  0.00669896
          97     5.09585     5.10439  0.00663014
          98     5.09778     5.10433  0.00656248
          99     5.15324     5.10482  0.00651462
         100     5.08783     5.10465  0.00645139
