           1     6.21751     6.21751           0
           2     6.05956     6.13853   0.0789768
           3     6.35331     6.21012   0.0848788
           4     6.30827     6.23466   0.0648398
           5     6.13265     6.21426   0.0542102
           6     6.20198     6.21221   0.0443097
           7     6.25313     6.21806    0.037902
           8     6.19823     6.21558   0.0329175
           9     6.14703     6.20796    0.030013
          10     6.04641     6.19181   0.0313309
          11     6.20411     6.19293    0.028362
          12     6.26935     6.19929   0.0266627
          13     6.08317     6.19036   0.0261022
          14      6.1898     6.19032    0.024166
          15      6.1513     6.18772   0.0226472
          16     6.30042     6.19476   0.0223247
          17     6.29016     6.20038   0.0217082
          18     6.22641     6.20182   0.0205178
          19     6.16924     6.20011   0.0194834
          20     6.01145     6.19067   0.0207514
          21     6.24379      6.1932      0.0199
          22     6.06768      6.1875   0.0198131
          23     6.20529     6.18827   0.0189479
          24      6.2773     6.19198   0.0185166
          25     6.21035     6.19272   0.0177757
          26     6.00482     6.18549   0.0185443
          27     6.24648     6.18775   0.0179867
          28     6.22663     6.18914    0.017388
          29     6.12771     6.18702   0.0169109
          30     6.22566     6.18831   0.0163881
          31     6.18256     6.18812   0.0158518
          32     6.22555     6.18929   0.0153929
          33     6.18507     6.18916   0.0149197
          34     6.18912     6.18916   0.0144743
          35     6.27765     6.19169   0.0142802
          36     6.32094     6.19528   0.0143348
          37     6.12334     6.19334   0.0140769
          38     6.45564     6.20024    0.015342
          39      6.0955     6.19755   0.0151828
          40     6.17958      6.1971   0.0148052
          41     6.25284     6.19846   0.0145035
          42      6.1341     6.19693   0.0142367
          43     6.14088     6.19563   0.0139626
          44     6.13359     6.19422   0.0137142
          45     6.10173     6.19216   0.0135627
          46     6.14288     6.19109   0.0133077
          47     6.16098     6.19045   0.0130373
          48      6.0944     6.18845   0.0129187
          49     6.12278     6.18711   0.0127231
          50     6.12906     6.18595     0.01252
          51     6.14057     6.18506   0.0123042
          52     6.17593     6.18488   0.0120666
          53     6.32368      6.1875   0.0121229
          54     6.36117     6.19072   0.0123234
          55     6.27522     6.19225   0.0121944
          56     6.14513     6.19141   0.0120042
          57     6.05598     6.18904   0.0120287
          58     6.30481     6.19103   0.0119869
          59     6.33785     6.19352   0.0120419
          60     6.25862     6.19461   0.0118891
          61     6.14639     6.19382   0.0117192
          62     6.16752     6.19339   0.0115365
          63     6.24291     6.19418   0.0113791
          64      6.3119     6.19602   0.0113499
          65     6.23763     6.19666   0.0111922
          66     6.09958     6.19519   0.0111191
          67     6.20508     6.19533   0.0109529
          68      6.0412     6.19307   0.0110261
          69     6.26905     6.19417   0.0109208
          70     6.30082     6.19569   0.0108709
          71     6.21114     6.19591   0.0107189
          72      6.0687     6.19414   0.0107157
          73     6.24627     6.19486    0.010592
          74     6.28922     6.19613   0.0105254
          75     6.16579     6.19573    0.010392
          76     6.24219     6.19634   0.0102725
          77     6.07183     6.19472   0.0102664
          78     6.26661     6.19564   0.0101757
          79     6.30695     6.19705   0.0101444
          80     6.18381     6.19689   0.0100182
          81     6.22749     6.19726  0.00990091
          82     6.22573     6.19761  0.00978558
          83     6.10469     6.19649  0.00973158
          84     6.14375     6.19586  0.00963551
          85      6.2065     6.19599   0.0095223
          86     6.22182     6.19629  0.00941571
          87     6.06262     6.19475  0.00943283
          88     6.14953     6.19424  0.00933917
          89     6.32977     6.19576  0.00935838
          90     6.20414     6.19586  0.00925428
          91     6.20528     6.19596   0.0091526
          92     6.20586     6.19607  0.00905321
          93     6.22745      6.1964  0.00896169
          94     6.13081     6.19571  0.00889327
          95     6.11516     6.19486  0.00883991
          96     6.11512     6.19403  0.00878668
          97     6.23385     6.19444  0.00870532
          98     6.03429      6.1928  0.00876962
          99     6.09288     6.19179  0.00873907
         100     6.18057     6.19168  0.00865197
