           1    0.196993    0.196993           0
           2    0.172934    0.184964   0.0120292
           3    0.171778    0.180568  0.00821905
           4    0.164051    0.176439  0.00712932
           5    0.196188    0.180389   0.0067895
           6    0.167225    0.178195  0.00596198
           7    0.164198    0.176195  0.00542101
           8    0.153198    0.173321  0.00550495
           9     0.16381    0.172264  0.00496859
          10    0.170911    0.172129   0.0044461
          11     0.16277    0.171278  0.00411065
          12    0.168228    0.171024  0.00376109
          13     0.17285    0.171164  0.00346255
          14    0.171268    0.171172  0.00320571
          15    0.181251    0.171844  0.00305907
          16    0.169702     0.17171  0.00286463
          17    0.163352    0.171218  0.00273539
          18    0.163536    0.170791  0.00261403
          19    0.173558    0.170937  0.00247691
          20    0.166994     0.17074  0.00235806
          21     0.18177    0.171265  0.00230363
          22    0.155269    0.170538  0.00231365
          23    0.167034    0.170386  0.00221601
          24    0.155241    0.169755  0.00221352
          25    0.160622    0.169389  0.00215433
          26    0.152986    0.168758  0.00216383
          27    0.181242    0.169221  0.00213287
          28    0.179527    0.169589  0.00208799
          29    0.172516     0.16969  0.00201723
          30    0.172639    0.169788   0.0019513
          31    0.168455    0.169745   0.0018878
          32    0.162794    0.169528  0.00184071
          33    0.176318    0.169734  0.00179589
          34    0.166405    0.169636  0.00174502
          35    0.168415    0.169601  0.00169478
          36    0.164432    0.169457  0.00165328
          37    0.182186    0.169801  0.00164437
          38    0.173517    0.169899  0.00160349
          39    0.170602    0.169917  0.00156194
          40    0.162876    0.169741  0.00153254
          41    0.158546    0.169468  0.00151942
          42    0.192192    0.170009  0.00157843
          43    0.170241    0.170014   0.0015413
          44    0.154889    0.169671   0.0015446
          45    0.158702    0.169427  0.00152943
          46    0.167781    0.169391  0.00149624
          47    0.162631    0.169247  0.00147111
          48    0.175498    0.169378  0.00144601
          49    0.170589    0.169402  0.00141641
          50     0.16139    0.169242  0.00139701
