           1   -0.750072   -0.750072           0
           2   -0.750445   -0.750258   0.0001864
           3   -0.751136   -0.750551 0.000311701
           4   -0.751179   -0.750708 0.000270645
           5   -0.752437   -0.751054  0.00040435
           6   -0.750512   -0.750963 0.000342275
           7   -0.752086   -0.751124 0.000330779
           8   -0.750192   -0.751007 0.000309241
           9    -0.75088   -0.750993 0.000273092
          10   -0.752707   -0.751165 0.000298395
          11   -0.752056   -0.751246  0.00028181
          12   -0.751893     -0.7513 0.000262848
          13   -0.751744   -0.751334 0.000244189
          14   -0.750262   -0.751257 0.000238677
          15   -0.750382   -0.751199 0.000229723
          16   -0.753136    -0.75132 0.000246644
          17   -0.751955   -0.751357 0.000234675
          18   -0.750712   -0.751322  0.00022414
          19   -0.750803   -0.751294 0.000213763
          20   -0.748699   -0.751164  0.00024075
          21   -0.751803   -0.751195  0.00023101
          22   -0.751141   -0.751192 0.000220273
          23   -0.752358   -0.751243 0.000216497
          24    -0.74963   -0.751176   0.0002179
          25   -0.750218   -0.751138 0.000212489
          26   -0.751043   -0.751134 0.000204185
          27   -0.748293   -0.751029 0.000222882
          28   -0.752555   -0.751083 0.000221585
          29   -0.751515   -0.751098 0.000214326
          30   -0.749907   -0.751058  0.00021083
          31   -0.750034   -0.751025 0.000206578
          32   -0.750731   -0.751016  0.00020023
          33   -0.750419   -0.750998 0.000194909
          34   -0.752426    -0.75104 0.000193694
          35   -0.752032   -0.751068 0.000190202
          36   -0.751053   -0.751068 0.000184844
          37   -0.750296   -0.751047 0.000180985
          38   -0.750128   -0.751023 0.000177811
          39     -0.7524   -0.751058 0.000176754
          40   -0.750515   -0.751045 0.000172813
          41    -0.75069   -0.751036 0.000168767
          42   -0.750277   -0.751018 0.000165689
          43   -0.753166   -0.751068 0.000169329
          44   -0.751594    -0.75108 0.000165867
          45   -0.751595   -0.751091 0.000162543
          46   -0.750856   -0.751086 0.000159053
          47   -0.753032   -0.751128 0.000161044
          48   -0.751269   -0.751131 0.000157681
          49   -0.753112   -0.751171 0.000159636
          50   -0.753309   -0.751214 0.000162149
