           1     25.7182     25.7182           0
           2     27.1761     26.4472     0.72895
           3     26.3361     26.4102    0.422485
           4     27.3905     26.6552    0.386411
           5     26.8776     26.6997    0.302597
           6     27.0459     26.7574    0.253718
           7     27.0219     26.7952    0.217733
           8     26.2673     26.7292    0.199773
           9     27.3292     26.7959    0.188376
          10      26.163     26.7326    0.179985
          11     26.2467     26.6884    0.168688
          12     25.5099     26.5902    0.182641
          13      24.826     26.4545    0.215969
          14     26.6802     26.4706    0.200597
          15     26.8481     26.4958    0.188434
          16     25.2994      26.421    0.191468
          17     26.8108     26.4439    0.181309
          18     26.7582     26.4614    0.171829
          19     26.1082     26.4428    0.163593
          20     27.4583     26.4936    0.163293
          21      26.082      26.474    0.156555
          22     26.9805      26.497    0.151034
          23      26.043     26.4773    0.145662
          24     26.9675     26.4977    0.140949
          25     26.9181     26.5145    0.136235
          26     26.0411     26.4963    0.132151
          27     26.5599     26.4987    0.127184
          28     25.9223     26.4781    0.124274
          29     25.5889     26.4474     0.12377
          30     25.7995     26.4258    0.121508
          31      27.081     26.4469    0.119409
          32     25.8862     26.4294    0.116937
          33     27.7611     26.4698    0.120308
          34     27.0592     26.4871    0.117997
          35     24.9624     26.4436    0.122578
          36     26.1943     26.4366    0.119325
          37     26.3223     26.4335    0.116096
          38     26.0922     26.4246    0.113357
          39     25.7562     26.4074    0.111734
          40     27.0497     26.4235    0.110082
          41     26.7534     26.4315    0.107665
          42     25.9303     26.4196    0.105746
          43     25.8291     26.4059    0.104166
          44     27.4187     26.4289    0.104342
          45     26.0619     26.4207    0.102322
          46     25.5678     26.4022    0.101776
          47     26.3287     26.4006   0.0995997
          48     25.0252      26.372    0.101626
          49     27.1065      26.387    0.100653
          50     26.3091     26.3854   0.0986314
          51      27.392     26.4051   0.0986721
          52     28.4451     26.4444    0.104407
          53     26.8188     26.4514    0.102661
          54        25.9     26.4412    0.101258
          55     25.9024     26.4314   0.0998819
          56     25.4346     26.4136   0.0996843
          57     26.3358     26.4123   0.0979293
          58     26.8508     26.4198   0.0965227
          59     26.0792      26.414   0.0950481
          60     26.2889      26.412   0.0934738
          61     26.2598     26.4095   0.0919626
          62     26.5002     26.4109    0.090479
          63     25.2285     26.3922   0.0909881
          64     26.5723      26.395   0.0895994
          65     25.9337     26.3879   0.0884951
          66     26.8932     26.3955   0.0874796
          67     26.8755     26.4027   0.0864613
          68     27.9238     26.4251   0.0880685
          69     26.3111     26.4234   0.0867985
          70     25.8222     26.4148   0.0859796
          71     26.1976     26.4118   0.0848152
          72     26.2776     26.4099   0.0836496
          73     26.5374     26.4116   0.0825143
          74      27.297     26.4236   0.0822662
          75     25.8196     26.4156   0.0815605
          76     25.1079     26.3984    0.082299
          77     26.0298     26.3936    0.081364
          78     26.3181     26.3926   0.0803199
          79     26.2456     26.3907   0.0793185
          80     26.8624     26.3966   0.0785424
          81     25.9569     26.3912   0.0777564
          82     26.7614     26.3957   0.0769349
          83     26.3942     26.3957   0.0760023
          84     26.6793     26.3991   0.0751679
          85     24.8663      26.381    0.076436
          86     25.8006     26.3743   0.0758428
          87     26.4559     26.3752   0.0749719
          88     25.4204     26.3644   0.0749051
          89     26.6085     26.3671   0.0741095
          90     26.7556     26.3714   0.0734084
          91     25.8949     26.3662   0.0727858
          92      26.309     26.3656    0.071993
          93     26.1848     26.3636   0.0712412
          94     25.8195     26.3579   0.0707166
          95     27.0693     26.3653   0.0703679
          96     25.3754      26.355   0.0703905
          97     25.9451     26.3508   0.0697891
          98     26.1175     26.3484   0.0691143
          99      26.488     26.3498   0.0684271
         100     25.1586     26.3379   0.0687788
