           1     2.23244     2.23244           0
           2     2.21156       2.222   0.0104423
           3     2.23582     2.22661  0.00758633
           4     2.25716     2.23424  0.00933346
           5      2.2167     2.23074  0.00803579
           6     2.19481     2.22475  0.00888253
           7     2.22692     2.22506  0.00751351
           8      2.2166       2.224  0.00659218
           9     2.24272     2.22608  0.00617468
          10     2.21584     2.22506  0.00561693
          11     2.22187     2.22477  0.00508895
          12     2.23119      2.2253  0.00467629
          13     2.18951     2.22255  0.00510739
          14     2.18324     2.21974  0.00549938
          15     2.25045     2.22179   0.0055138
          16     2.18167     2.21928  0.00573489
          17     2.21015     2.21874  0.00541369
          18     2.24743     2.22034  0.00534704
          19     2.28316     2.22364  0.00604264
          20     2.24593     2.22476  0.00583985
          21     2.21881     2.22448  0.00556203
          22     2.20693     2.22368  0.00536284
          23     2.21918     2.22348   0.0051281
          24     2.20914     2.22288  0.00494602
          25     2.24991     2.22397  0.00486563
          26     2.19005     2.22266  0.00485334
          27     2.19763     2.22173  0.00476124
          28     2.23145     2.22208  0.00460113
          29     2.21355     2.22179  0.00444938
          30     2.21674     2.22162  0.00430181
          31     2.20547      2.2211  0.00419319
          32      2.2063     2.22064  0.00408629
          33     2.21958      2.2206  0.00396066
          34     2.23036     2.22089  0.00385311
          35     2.27088     2.22232  0.00400471
          36     2.21873     2.22222  0.00389316
          37     2.19075     2.22137  0.00388081
          38     2.23842     2.22182  0.00380387
          39     2.21949     2.22176  0.00370554
          40      2.2241     2.22182  0.00361219
          41     2.20822     2.22148  0.00353856
          42     2.20289     2.22104  0.00348154
          43     2.22836     2.22121  0.00340386
          44     2.21773     2.22113  0.00332654
          45     2.24532     2.22167   0.0032959
          46     2.19963     2.22119  0.00325887
          47     2.22568     2.22129   0.0031902
          48     2.19569     2.22075  0.00316823
          49     2.23281       2.221  0.00311263
          50     2.19112      2.2204  0.00310774
          51     2.20864     2.22017  0.00305491
          52     2.19415     2.21967  0.00303709
          53      2.2448     2.22015  0.00301673
          54     2.22806     2.22029  0.00296397
          55     2.19432     2.21982  0.00294764
          56     2.22583     2.21993  0.00289651
          57      2.2203     2.21993  0.00284525
          58     2.20636      2.2197  0.00280554
          59     2.26808     2.22052  0.00287692
          60     2.18923        2.22  0.00287624
          61     2.22445     2.22007  0.00282964
          62     2.20665     2.21985  0.00279203
          63     2.23991     2.22017  0.00276573
          64      2.1919     2.21973  0.00275779
          65     2.18955     2.21927  0.00275443
          66     2.21968     2.21927  0.00271239
          67     2.23295     2.21948  0.00267939
          68     2.22122      2.2195  0.00263982
          69     2.20256     2.21926  0.00261284
          70      2.2237     2.21932  0.00257602
          71     2.16927     2.21862  0.00263552
          72     2.23815     2.21889  0.00261278
          73     2.24886      2.2193  0.00260926
          74     2.21631     2.21926  0.00257407
          75     2.21198     2.21916  0.00254138
          76     2.24896     2.21955  0.00253818
          77     2.23636     2.21977  0.00251449
          78     2.22046     2.21978  0.00248206
          79     2.21986     2.21978  0.00245044
          80     2.22911      2.2199  0.00242242
          81     2.23244     2.22005  0.00239734
          82     2.21927     2.22004  0.00236794
          83     2.23959     2.22028  0.00235106
          84     2.22694     2.22036  0.00232426
          85     2.22897     2.22046  0.00229899
          86     2.23611     2.22064  0.00227938
          87     2.22389     2.22068  0.00225334
          88     2.20802     2.22053  0.00223222
          89     2.21269     2.22045  0.00220876
          90     2.20714      2.2203  0.00218907
          91     2.21584     2.22025  0.00216544
          92     2.23403      2.2204    0.002147
          93     2.20867     2.22027  0.00212753
          94     2.22117     2.22028  0.00210479
          95      2.2369     2.22046  0.00208985
          96     2.19395     2.22018  0.00208633
          97     2.20636     2.22004  0.00206962
          98     2.25107     2.22036  0.00207273
          99     2.23719     2.22053  0.00205872
         100     2.23816      2.2207  0.00204564
