           1    0.388422    0.388422           0
           2    0.387363    0.387893  0.00052955
           3    0.384865    0.386883  0.00105469
           4    0.387217    0.386967 0.000750432
           5     0.38235    0.386044  0.00109104
           6    0.390416    0.386772   0.0011509
           7    0.389709    0.387192   0.0010593
           8    0.387499     0.38723 0.000918185
           9    0.384018    0.386873 0.000884946
          10    0.386127    0.386799 0.000795027
          11    0.388077    0.386915 0.000728464
          12    0.386346    0.386867 0.000666681
          13    0.388423    0.386987 0.000624824
          14    0.386544    0.386956  0.00057934
          15    0.383762    0.386743 0.000579825
          16    0.387797    0.386809 0.000546364
          17    0.383825    0.386633  0.00054239
          18    0.387336    0.386672 0.000512858
          19     0.39048    0.386872 0.000524881
          20    0.391704    0.387114 0.000553445
          21    0.386868    0.387102 0.000526561
          22    0.385563    0.387032 0.000506907
          23    0.386641    0.387015 0.000484665
          24    0.392324    0.387237 0.000514049
          25    0.390684    0.387374 0.000511981
          26    0.388847    0.387431 0.000495144
          27    0.387811    0.387445 0.000476661
          28    0.387874    0.387461 0.000459577
          29    0.386505    0.387428 0.000444668
          30    0.388556    0.387465 0.000431232
          31    0.385807    0.387412 0.000420506
          32    0.385595    0.387355 0.000411091
          33     0.38855    0.387391 0.000400081
          34    0.389631    0.387457 0.000393684
          35    0.388598     0.38749 0.000383659
          36    0.386859    0.387472  0.00037326
          37    0.387695    0.387478 0.000363082
          38    0.382885    0.387357 0.000373496
          39    0.389877    0.387422 0.000369486
          40    0.384938     0.38736 0.000365445
          41     0.38823    0.387381 0.000357051
          42    0.388474    0.387407 0.000349417
          43    0.389482    0.387455 0.000344589
          44    0.387628    0.387459 0.000336689
          45     0.38783    0.387467 0.000329225
          46    0.387407    0.387466 0.000321991
          47    0.389192    0.387503   0.0003172
          48    0.387359      0.3875 0.000310536
          49    0.387339    0.387497  0.00030415
          50     0.38381    0.387423 0.000306991
          51    0.390387    0.387481 0.000306472
          52    0.394189     0.38761 0.000327038
          53    0.381888    0.387502 0.000338486
          54    0.390742    0.387562 0.000337533
          55    0.383941    0.387496 0.000337817
          56    0.389343    0.387529 0.000333365
          57    0.384074    0.387468 0.000333027
          58    0.385488    0.387434 0.000329011
          59    0.384618    0.387387 0.000326891
          60    0.384691    0.387342 0.000324522
          61    0.391438    0.387409 0.000326145
          62    0.386741    0.387398 0.000321022
          63    0.383899    0.387343  0.00032073
          64     0.39109    0.387401 0.000321064
          65    0.390568     0.38745 0.000319818
          66    0.386046    0.387429 0.000315653
          67    0.388565    0.387445 0.000311368
          68    0.388736    0.387464 0.000307341
          69     0.38529    0.387433  0.00030449
          70    0.387443    0.387433 0.000300108
          71     0.38191    0.387355 0.000305906
          72    0.386384    0.387342 0.000301929
          73    0.393604    0.387428 0.000309874
          74    0.387015    0.387422 0.000305709
          75    0.389308    0.387447 0.000302651
          76    0.388176    0.387457 0.000298796
          77    0.389212     0.38748  0.00029577
          78    0.389347    0.387503 0.000292933
          79    0.388952    0.387522 0.000289782
          80    0.387213    0.387518 0.000286163
          81    0.387132    0.387513 0.000282648
          82    0.384496    0.387476 0.000281595
          83    0.381128      0.3874 0.000288505
          84    0.391912    0.387454 0.000290065
          85    0.389607    0.387479  0.00028775
          86    0.389386    0.387501 0.000285248
          87    0.388451    0.387512 0.000282161
          88    0.386142    0.387496 0.000279371
          89     0.39139     0.38754 0.000279657
          90    0.392341    0.387594 0.000281629
          91    0.388808    0.387607 0.000278837
          92    0.388869    0.387621  0.00027613
          93      0.3818    0.387558 0.000280224
          94    0.387316    0.387555 0.000277239
          95    0.385175     0.38753 0.000275448
          96    0.386063    0.387515 0.000272992
          97    0.386671    0.387506 0.000270303
          98    0.387185    0.387503 0.000267551
          99     0.39088    0.387537 0.000267022
         100    0.387487    0.387537 0.000264339
