           1    0.251386    0.251386           0
           2     0.25289    0.252138 0.000751831
           3    0.251333     0.25187 0.000510274
           4     0.24943     0.25126 0.000708683
           5    0.248137    0.250635 0.000831506
           6    0.250641    0.250636 0.000678923
           7    0.246506    0.250046 0.000823057
           8    0.250021    0.250043 0.000712796
           9    0.250907    0.250139 0.000635923
          10     0.25128    0.250253 0.000580121
          11    0.250603    0.250285 0.000525701
          12    0.248095    0.250102 0.000513436
          13    0.250307    0.250118 0.000472555
          14    0.251375    0.250208 0.000446621
          15     0.25221    0.250341  0.00043667
          16    0.249177    0.250269 0.000414895
          17    0.250339    0.250273 0.000389748
          18    0.246222    0.250048 0.000430908
          19    0.249474    0.250018 0.000408714
          20    0.248025    0.249918  0.00040034
          21    0.250053    0.249924 0.000380853
          22    0.252126    0.250024 0.000376666
          23    0.250362    0.250039 0.000360215
          24    0.248624     0.24998 0.000349883
          25    0.248838    0.249934 0.000338692
          26    0.250695    0.249964 0.000326717
          27    0.249615    0.249951 0.000314649
          28    0.253119    0.250064 0.000323632
          29     0.24795    0.249991 0.000320668
          30     0.25502    0.250159 0.000352245
          31    0.247627    0.250077 0.000350346
          32    0.249556    0.250061 0.000339612
          33    0.248028    0.249999 0.000334876
          34    0.249968    0.249998 0.000324879
          35    0.252171     0.25006  0.00032151
          36    0.251125     0.25009 0.000313849
          37    0.250962    0.250113 0.000306157
          38    0.247822    0.250053 0.000304033
          39    0.244258    0.249904 0.000331329
          40    0.249552    0.249896 0.000323059
          41     0.24951    0.249886 0.000315222
          42    0.253448    0.249971 0.000319097
          43    0.250861    0.249992 0.000312275
          44    0.249805    0.249988 0.000305125
          45     0.24869    0.249959 0.000299658
          46    0.247474    0.249905 0.000298006
          47    0.249657    0.249899 0.000291644
          48    0.249991    0.249901  0.00028551
          49    0.249509    0.249893 0.000279737
          50    0.251663    0.249929 0.000276362
