           1   0.0332496   0.0332496           0
           2    0.035866   0.0345578   0.0013082
           3   0.0319132   0.0336763  0.00116085
           4   0.0324764   0.0333763 0.000873935
           5   0.0353548    0.033772 0.000784114
           6   0.0350648   0.0339875 0.000675512
           7   0.0338788   0.0339719 0.000571123
           8   0.0311892   0.0336241 0.000604674
           9   0.0331524   0.0335717 0.000535842
          10   0.0315376   0.0333683  0.00052065
          11    0.030832   0.0331377 0.000524359
          12   0.0316792   0.0330162 0.000493862
          13   0.0307548   0.0328422 0.000486452
          14   0.0327344   0.0328345 0.000450433
          15   0.0363912   0.0330716 0.000481726
          16     0.03323   0.0330815 0.000450722
          17   0.0334764   0.0331048 0.000424017
          18   0.0324876   0.0330705 0.000401234
          19   0.0329324   0.0330632 0.000379599
          20   0.0326912   0.0330446 0.000360599
          21    0.033484   0.0330655 0.000343636
          22   0.0345616   0.0331335 0.000334627
          23   0.0333808   0.0331443 0.000319928
          24   0.0316792   0.0330832 0.000312331
          25   0.0361584   0.0332062 0.000323848
          26   0.0338064   0.0332293 0.000311998
          27   0.0337348    0.033248 0.000300803
          28   0.0298676   0.0331273 0.000313999
          29    0.034116   0.0331614  0.00030489
          30   0.0312392   0.0330973  0.00030144
          31      0.0314   0.0330426 0.000296651
          32   0.0360744   0.0331373 0.000302453
          33    0.032758   0.0331258  0.00029337
          34    0.035716    0.033202  0.00029463
          35   0.0351436   0.0332575 0.000291417
          36   0.0372356    0.033368 0.000304002
          37   0.0316668    0.033322 0.000299225
          38   0.0333224    0.033322 0.000291244
          39   0.0334432   0.0333251 0.000283695
          40    0.033052   0.0333183 0.000276596
          41   0.0314504   0.0332727 0.000273585
          42   0.0350916    0.033316 0.000270481
          43     0.03155    0.033275  0.00026729
          44   0.0323568   0.0332541 0.000261977
          45   0.0309456   0.0332028 0.000261177
          46   0.0365936   0.0332765 0.000265859
          47   0.0355588   0.0333251 0.000264635
          48   0.0343996   0.0333475 0.000260028
          49   0.0314988   0.0333097 0.000257446
          50   0.0313288   0.0332701 0.000255337
          51   0.0341696   0.0332878 0.000250901
          52   0.0333496   0.0332889 0.000246031
          53   0.0338172   0.0332989  0.00024155
          54   0.0364832   0.0333579  0.00024426
          55     0.03329   0.0333566 0.000239781
          56   0.0323836   0.0333393   0.0002361
          57   0.0317072   0.0333106 0.000233682
          58   0.0333488   0.0333113 0.000229618
          59   0.0353548   0.0333459 0.000228335
          60   0.0334532   0.0333477 0.000224505
          61   0.0342608   0.0333627   0.0002213
          62   0.0348576   0.0333868 0.000219033
          63    0.034854   0.0334101 0.000216783
          64   0.0357508   0.0334467  0.00021648
          65    0.035924   0.0334848 0.000216505
          66    0.037326    0.033543 0.000221001
          67   0.0304804   0.0334973 0.000222425
          68   0.0339708   0.0335042  0.00021924
          69    0.030868    0.033466 0.000219391
          70   0.0336356   0.0334684 0.000216248
          71   0.0320244   0.0334481 0.000214149
          72   0.0371172   0.0334991 0.000217216
          73   0.0346956   0.0335155 0.000214846
          74   0.0327496   0.0335051 0.000212175
          75   0.0345536   0.0335191 0.000209793
          76   0.0337956   0.0335227 0.000207046
          77   0.0313112    0.033494 0.000206348
          78   0.0309264   0.0334611 0.000206328
          79   0.0314156   0.0334352 0.000205339
          80   0.0329924   0.0334297 0.000202831
          81   0.0331488   0.0334262 0.000200342
          82   0.0311652   0.0333986 0.000199795
          83   0.0309792   0.0333695 0.000199514
          84   0.0351128   0.0333902 0.000198214
          85   0.0318408    0.033372 0.000196715
          86   0.0341244   0.0333807 0.000194611
          87   0.0334404   0.0333814 0.000192362
          88   0.0356808   0.0334076  0.00019195
          89   0.0348028   0.0334232 0.000190428
          90    0.032488   0.0334128 0.000188587
          91   0.0325984   0.0334039 0.000186717
          92   0.0353416    0.033425 0.000185874
          93   0.0370224   0.0334636 0.000187889
          94   0.0305308   0.0334324  0.00018848
          95   0.0359692   0.0334591 0.000188388
          96    0.034576   0.0334708 0.000186778
          97   0.0321728   0.0334574 0.000185326
          98   0.0366032   0.0334895 0.000186212
          99    0.033196   0.0334865 0.000184346
         100   0.0339936   0.0334916 0.000182563
