           1    0.157207    0.157207           0
           2    0.151284    0.154245   0.0029614
           3    0.153726    0.154072  0.00171852
           4    0.144924    0.151785  0.00258991
           5    0.151886    0.151805  0.00200624
           6    0.139706    0.149789  0.00259809
           7    0.144336     0.14901  0.00232988
           8    0.153118    0.149523  0.00208207
           9    0.152592    0.149864   0.0018676
          10    0.153837    0.150261  0.00171702
          11    0.162264    0.151353  0.00189806
          12    0.145192    0.150839  0.00180715
          13    0.156976    0.151311  0.00172807
          14    0.143066    0.150722  0.00170484
          15    0.161812    0.151462  0.00175085
          16    0.167216    0.152446  0.00191097
          17     0.15315    0.152488  0.00179552
          18     0.15142    0.152428  0.00169387
          19    0.153727    0.152497  0.00160369
          20    0.160246    0.152884  0.00156996
          21    0.149872    0.152741   0.0015002
          22    0.153432    0.152772  0.00143073
          23     0.14829    0.152577  0.00138093
          24     0.14793    0.152384  0.00133624
          25     0.15722    0.152577  0.00129619
          26    0.154315    0.152644  0.00124714
          27    0.154835    0.152725   0.0012028
          28    0.147786    0.152549  0.00117239
          29    0.164909    0.152975  0.00120887
          30    0.153329    0.152987  0.00116794
          31    0.160498    0.153229  0.00115533
          32    0.154074    0.153255  0.00111896
          33    0.138623    0.152812  0.00117166
          34    0.146826    0.152636  0.00115023
          35    0.151454    0.152602  0.00111739
          36    0.146077    0.152421  0.00110093
          37    0.155092    0.152493  0.00107319
          38    0.150351    0.152437  0.00104609
          39     0.14403    0.152221  0.00104146
          40    0.156282    0.152323  0.00102016
          41    0.152068    0.152316 0.000994985
          42    0.156896    0.152426 0.000977108
          43    0.142274    0.152189 0.000982888
          44    0.152348    0.152193 0.000960296
          45    0.157598    0.152313 0.000946367
          46    0.141594     0.15208  0.00095445
          47    0.148591    0.152006 0.000936868
          48     0.14828    0.151928 0.000920421
          49     0.15091    0.151907 0.000901681
          50    0.138087    0.151631 0.000925695
          51    0.146153    0.151524 0.000913698
          52      0.1549    0.151589 0.000898304
          53    0.152937    0.151614  0.00088156
          54    0.151745    0.151616 0.000865084
          55    0.157454    0.151723 0.000855816
          56    0.160479    0.151879 0.000854817
          57    0.135322    0.151588 0.000888506
          58    0.145224    0.151479 0.000879921
          59    0.151525     0.15148 0.000864879
          60    0.154817    0.151535  0.00085216
          61    0.159984    0.151674 0.000849442
          62    0.158612    0.151786  0.00084309
          63    0.148485    0.151733 0.000831252
          64    0.157478    0.151823  0.00082307
          65    0.146897    0.151747 0.000813845
          66    0.148176    0.151693 0.000803244
          67    0.139802    0.151516 0.000810825
          68    0.155074    0.151568 0.000800524
          69    0.142457    0.151436 0.000799812
          70    0.163562    0.151609 0.000807112
          71    0.158744     0.15171 0.000801983
          72    0.163484    0.151873 0.000807499
          73    0.134477    0.151635 0.000831252
          74     0.15588    0.151692 0.000821946
          75    0.148966    0.151656 0.000811727
          76    0.144134    0.151557 0.000807068
          77    0.154869      0.1516 0.000797678
          78    0.139862    0.151449 0.000801636
          79    0.164069    0.151609 0.000807385
          80    0.159171    0.151704 0.000802813
          81    0.151314    0.151699 0.000792854
          82    0.150764    0.151687 0.000783208
          83    0.150145    0.151669 0.000773938
          84    0.164524    0.151822 0.000779833
          85    0.156664    0.151879 0.000772707
          86    0.152843     0.15189 0.000763751
          87    0.158116    0.151962 0.000758306
          88    0.149934    0.151939 0.000749993
          89    0.151796    0.151937  0.00074152
          90    0.140487     0.15181 0.000744189
          91    0.128466    0.151553 0.000779392
          92     0.14844    0.151519 0.000771616
          93    0.150671     0.15151 0.000763328
          94    0.145058    0.151442 0.000758277
          95    0.143435    0.151357 0.000754972
          96    0.149394    0.151337 0.000747346
          97    0.141949     0.15124 0.000745907
          98    0.147966    0.151207 0.000739012
          99    0.147242    0.151167 0.000732604
         100    0.155156    0.151207 0.000726337
