           1   -0.578982   -0.578982           0
           2   -0.579715   -0.579349   0.0003664
           3   -0.579767   -0.579488 0.000253378
           4   -0.580122   -0.579647 0.000239234
           5   -0.579819   -0.579681 0.000188491
           6   -0.578623   -0.579505  0.00023406
           7   -0.578808   -0.579405 0.000221459
           8   -0.581025   -0.579608 0.000278855
           9   -0.579358    -0.57958 0.000247494
          10   -0.580122   -0.579634 0.000227894
          11   -0.579881   -0.579657 0.000207354
          12   -0.579514   -0.579645 0.000189658
          13   -0.578872   -0.579585 0.000184308
          14   -0.579202   -0.579558 0.000172823
          15   -0.579687   -0.579567  0.00016112
          16    -0.57878   -0.579517 0.000158528
          17   -0.579422   -0.579512 0.000149018
          18   -0.579509   -0.579512 0.000140495
          19   -0.579798   -0.579527 0.000133745
          20   -0.578439   -0.579472 0.000138041
          21   -0.579662   -0.579481 0.000131615
          22   -0.578686   -0.579445 0.000130598
          23   -0.579453   -0.579445 0.000124791
          24   -0.579471   -0.579447 0.000119483
          25   -0.578215   -0.579397  0.00012474
          26   -0.579858   -0.579415 0.000121147
          27   -0.579134   -0.579405 0.000117036
          28   -0.579382   -0.579404 0.000112781
          29   -0.578261   -0.579364  0.00011574
          30   -0.579276   -0.579361 0.000111854
          31   -0.577994   -0.579317 0.000116828
          32   -0.580275   -0.579347 0.000117012
          33   -0.578362   -0.579317 0.000117278
          34   -0.579319   -0.579317 0.000113776
          35   -0.579238   -0.579315 0.000110501
          36   -0.580074   -0.579336 0.000109439
          37   -0.579499   -0.579341 0.000106531
          38   -0.578488   -0.579318  0.00010609
          39   -0.579629   -0.579326  0.00010364
          40   -0.578475   -0.579305 0.000103232
          41   -0.579314   -0.579305 0.000100683
          42   -0.578898   -0.579295 9.87323e-05
          43   -0.579474     -0.5793 9.64978e-05
          44   -0.580122   -0.579318 9.61159e-05
          45   -0.578812   -0.579307 9.46269e-05
          46   -0.579165   -0.579304 9.25986e-05
          47   -0.578888   -0.579295 9.10382e-05
          48   -0.579447   -0.579298 8.91777e-05
          49   -0.579158   -0.579295 8.73854e-05
          50   -0.579393   -0.579297  8.5642e-05
          51   -0.578577   -0.579283 8.51266e-05
          52   -0.578624   -0.579271 8.44308e-05
          53   -0.579539   -0.579276 8.29774e-05
          54   -0.579431   -0.579279 8.14772e-05
          55   -0.578618   -0.579267 8.08776e-05
          56    -0.57968   -0.579274 7.97627e-05
          57   -0.579342   -0.579275 7.83601e-05
          58   -0.578236   -0.579257 7.90539e-05
          59   -0.579316   -0.579258 7.77089e-05
          60   -0.579718   -0.579266 7.67868e-05
          61   -0.579582   -0.579271 7.56947e-05
          62   -0.579678   -0.579278 7.47521e-05
          63    -0.57928   -0.579278  7.3556e-05
          64    -0.57835   -0.579263 7.38329e-05
          65   -0.579458   -0.579266 7.27497e-05
          66   -0.579339   -0.579267 7.16475e-05
          67   -0.578115    -0.57925 7.26345e-05
          68   -0.578518   -0.579239 7.23645e-05
          69   -0.578548   -0.579229 7.20083e-05
          70   -0.579496   -0.579233 7.10744e-05
          71   -0.580168   -0.579246 7.12929e-05
          72   -0.578846   -0.579241 7.05147e-05
          73   -0.578543   -0.579231 7.01953e-05
          74   -0.579292   -0.579232 6.92452e-05
          75   -0.578787   -0.579226 6.85725e-05
          76   -0.579984   -0.579236 6.83953e-05
          77   -0.579442   -0.579239 6.75544e-05
          78   -0.578665   -0.579231 6.70874e-05
          79   -0.578679   -0.579224 6.66004e-05
          80   -0.578655   -0.579217 6.61463e-05
          81   -0.579738   -0.579224 6.56397e-05
          82   -0.578834   -0.579219 6.50086e-05
          83   -0.580138    -0.57923 6.51691e-05
          84   -0.579653   -0.579235 6.45851e-05
          85   -0.578878   -0.579231 6.39585e-05
          86   -0.580354   -0.579244 6.45466e-05
          87   -0.578709   -0.579238 6.40961e-05
          88   -0.579118   -0.579236 6.33782e-05
          89   -0.579204   -0.579236 6.26631e-05
          90   -0.579344   -0.579237 6.19746e-05
          91   -0.579716   -0.579242 6.15152e-05
          92   -0.579266   -0.579243 6.08434e-05
          93    -0.57813   -0.579231 6.13625e-05
          94   -0.579934   -0.579238  6.1166e-05
          95   -0.579241   -0.579238 6.05187e-05
          96   -0.579915   -0.579245 6.02987e-05
          97   -0.580028   -0.579253  6.0217e-05
          98   -0.578823   -0.579249 5.97607e-05
          99   -0.579426   -0.579251 5.91809e-05
         100   -0.577773   -0.579236 6.04216e-05
