           1    0.234331    0.234331           0
           2    0.233659    0.233995 0.000335924
           3    0.232447    0.233479 0.000551096
           4    0.236031    0.234117 0.000747652
           5    0.233414    0.233976 0.000595938
           6    0.231909    0.233632 0.000596212
           7     0.23445    0.233749 0.000517258
           8     0.23326    0.233688   0.0004521
           9     0.23479     0.23381 0.000417098
          10    0.236677    0.234097 0.000470464
          11    0.235962    0.234266 0.000458093
          12     0.23392    0.234237 0.000419176
          13    0.234262    0.234239  0.00038559
          14    0.230089    0.233943 0.000464034
          15    0.235102     0.23402 0.000438852
          16    0.234058    0.234023 0.000410516
          17    0.234341    0.234041 0.000386068
          18     0.23319    0.233994 0.000367049
          19    0.231815    0.233879 0.000365636
          20    0.234098     0.23389 0.000347045
          21    0.234473    0.233918 0.000331268
          22     0.23273    0.233864 0.000320438
          23    0.232566    0.233808 0.000311346
          24    0.234773    0.233848 0.000300792
          25    0.233267    0.233825 0.000289443
          26    0.233964     0.23383  0.00027814
          27     0.23357     0.23382 0.000267813
          28    0.231809    0.233748 0.000267881
          29    0.235771    0.233818 0.000267719
          30    0.234273    0.233833 0.000259085
          31    0.233885    0.233835 0.000250594
          32    0.235898    0.233899 0.000251052
          33     0.23557     0.23395 0.000248536
          34    0.233662    0.233942 0.000241264
          35    0.236186    0.234006 0.000242886
          36    0.234216    0.234012 0.000236114
          37    0.232903    0.233982 0.000231592
          38    0.237609    0.234077  0.00024479
          39    0.235752     0.23412  0.00024227
          40    0.235926    0.234165 0.000240412
          41     0.23372    0.234154 0.000234726
          42    0.232988    0.234127 0.000230745
          43    0.236567    0.234183 0.000232351
          44    0.234451    0.234189 0.000227091
          45    0.232667    0.234156 0.000224549
          46    0.231459    0.234097 0.000227303
          47    0.236917    0.234157 0.000230365
          48    0.234623    0.234167 0.000225723
          49    0.234531    0.234174 0.000221194
          50    0.235304    0.234197   0.0002179
