           1    0.101032    0.101032           0
           2   0.0966952   0.0988634   0.0021682
           3   0.0986008   0.0987759  0.00125487
           4   0.0981544   0.0986205 0.000900825
           5    0.100031   0.0989026 0.000752658
           6    0.109416    0.100655  0.00185693
           7    0.105509    0.101348  0.00171575
           8    0.101148    0.101323   0.0014861
           9    0.102501    0.101454  0.00131713
          10   0.0975932    0.101068  0.00123974
          11    0.101008    0.101063   0.0011214
          12    0.100096    0.100982  0.00102686
          13     0.10613    0.101378  0.00102422
          14   0.0989044    0.101201 0.000964565
          15     0.10019    0.101134 0.000900487
          16    0.102203    0.101201 0.000844973
          17    0.105902    0.101477  0.00084051
          18    0.100784    0.101439 0.000793377
          19     0.10076    0.101403 0.000751311
          20    0.104259    0.101546 0.000726922
          21    0.110456     0.10197 0.000811233
          22    0.109783    0.102325 0.000851107
          23    0.108536    0.102595 0.000856914
          24      0.1074    0.102795 0.000844509
          25    0.109242    0.103053 0.000850078
          26    0.097958    0.102857 0.000839912
          27    0.104894    0.102933 0.000811716
          28    0.104299    0.102982 0.000783709
          29    0.103519       0.103 0.000756429
          30    0.100416    0.102914 0.000735839
          31    0.103256    0.102925 0.000711792
          32   0.0944856    0.102661 0.000737927
          33    0.107992    0.102823 0.000733229
          34    0.102295    0.102807 0.000711506
          35   0.0970264    0.102642 0.000710347
          36    0.102399    0.102635 0.000690366
          37     0.10602    0.102727 0.000677651
          38   0.0986204    0.102619 0.000668371
          39    0.103544    0.102642  0.00065144
          40    0.101356     0.10261 0.000635759
          41   0.0942096    0.102405 0.000653035
          42   0.0971792    0.102281 0.000649331
          43    0.096408    0.102144 0.000648594
          44     0.10383    0.102183 0.000634838
          45    0.108427    0.102321 0.000635894
          46   0.0959384    0.102183 0.000637209
          47   0.0994768    0.102125 0.000626156
          48    0.103363    0.102151 0.000613515
          49     0.10052    0.102118 0.000601785
          50     0.11247    0.102325 0.000624925
          51    0.101805    0.102314 0.000612634
          52    0.100744    0.102284 0.000601495
          53    0.108659    0.102405 0.000602172
          54    0.104344     0.10244 0.000592006
          55    0.104364    0.102475 0.000582195
          56   0.0967528    0.102373 0.000580765
          57    0.100767    0.102345 0.000571181
          58   0.0961968    0.102239 0.000571169
          59    0.101367    0.102224   0.0005616
          60    0.106204    0.102291 0.000556131
          61    0.103421    0.102309 0.000547252
          62   0.0984944    0.102248 0.000541857
          63    0.102893    0.102258 0.000533285
          64    0.087964    0.102035 0.000570428
          65   0.0984196    0.101979  0.00056433
          66    0.110859    0.102113 0.000571771
          67    0.102046    0.102112 0.000563173
          68    0.101721    0.102107 0.000554859
          69    0.100601    0.102085 0.000547194
          70    0.101929    0.102083 0.000539325
          71    0.117912    0.102306 0.000576527
          72    0.102251    0.102305 0.000568464
          73   0.0936188    0.102186 0.000573111
          74   0.0988024     0.10214 0.000567159
          75    0.105996    0.102192 0.000561903
          76    0.101281     0.10218  0.00055459
          77    0.100023    0.102152 0.000548056
          78    0.095234    0.102063 0.000548205
          79   0.0979256    0.102011  0.00054375
          80    0.102974    0.102023 0.000537045
          81    0.105868     0.10207 0.000532494
          82    0.100216    0.102047 0.000526446
          83    0.108528    0.102126 0.000525892
          84   0.0985428    0.102083 0.000521342
          85    0.100952     0.10207 0.000515343
          86    0.096926     0.10201 0.000512815
          87    0.105194    0.102046 0.000508206
          88    0.101705    0.102042 0.000502413
          89    0.098626    0.102004 0.000498217
          90    0.104448    0.102031 0.000493398
          91    0.105384    0.102068 0.000489335
          92    0.104668    0.102096 0.000484811
          93   0.0994196    0.102068 0.000480433
          94    0.102387    0.102071 0.000475306
          95    0.098336    0.102032 0.000471917
          96    0.103755     0.10205  0.00046732
          97    0.102383    0.102053  0.00046249
          98    0.107009    0.102104 0.000460532
          99   0.0978108     0.10206 0.000457914
         100   0.0960544       0.102 0.000457273
