           1   0.0313936   0.0313936           0
           2   0.0308136   0.0311036     0.00029
           3    0.030072   0.0307597 0.000382463
           4   0.0320092   0.0310721 0.000413173
           5   0.0285668    0.030571 0.000594549
           6   0.0269588    0.029969 0.000773376
           7   0.0310876   0.0301288 0.000672873
           8   0.0322276   0.0303911 0.000639059
           9    0.029528   0.0302952 0.000571699
          10   0.0289728    0.030163 0.000528167
          11   0.0309452   0.0302341 0.000483008
          12   0.0308668   0.0302868 0.000444065
          13    0.031846   0.0304068 0.000425724
          14   0.0278272   0.0302225 0.000435085
          15    0.030518   0.0302422 0.000405521
          16   0.0337536   0.0304617 0.000438241
          17     0.03264   0.0305898 0.000431137
          18    0.029982    0.030556  0.00040788
          19     0.02879   0.0304631 0.000396855
          20   0.0285536   0.0303676 0.000388407
          21   0.0283376    0.030271 0.000381886
          22   0.0328424   0.0303878 0.000382414
          23    0.029068   0.0303305 0.000369888
          24    0.031596   0.0303832 0.000358045
          25   0.0289204   0.0303247 0.000348373
          26   0.0312328   0.0303596 0.000336524
          27    0.031458   0.0304003 0.000326366
          28   0.0299396   0.0303838 0.000314924
          29    0.029604   0.0303569 0.000305058
          30   0.0319876   0.0304113 0.000299685
          31   0.0279752   0.0303327  0.00030032
          32    0.031622    0.030373 0.000293561
          33   0.0304488   0.0303753 0.000284536
          34   0.0323904   0.0304346 0.000282331
          35   0.0286576   0.0303838 0.000278808
          36   0.0290504   0.0303468 0.000273472
          37   0.0292788   0.0303179  0.00026754
          38   0.0321768   0.0303668 0.000264959
          39   0.0296632   0.0303488 0.000258706
          40   0.0342228   0.0304456 0.000270115
          41   0.0292176   0.0304157 0.000265142
          42   0.0325668   0.0304669 0.000263772
          43   0.0316112   0.0304935 0.000258936
          44    0.030732   0.0304989 0.000253041
          45    0.028266   0.0304493 0.000252282
          46    0.027944   0.0303948 0.000252676
          47   0.0310648   0.0304091 0.000247652
          48   0.0326884   0.0304566 0.000247044
          49   0.0283424   0.0304134 0.000245767
          50   0.0300492   0.0304061 0.000240912
          51    0.031208   0.0304219 0.000236664
          52   0.0300088   0.0304139 0.000232204
          53   0.0281172   0.0303706 0.000231866
          54   0.0290732   0.0303466 0.000228796
          55   0.0286464   0.0303157 0.000226715
          56   0.0301212   0.0303122 0.000222657
          57   0.0297292    0.030302 0.000218955
          58   0.0299628   0.0302961 0.000215226
          59   0.0282688   0.0302617 0.000214319
          60   0.0269856   0.0302071 0.000217677
          61   0.0305016    0.030212 0.000214133
          62   0.0278692   0.0301742 0.000214013
          63   0.0314232    0.030194  0.00021152
          64    0.027488   0.0301517 0.000212439
          65   0.0303144   0.0301542  0.00020916
          66   0.0280876   0.0301229 0.000208333
          67    0.031822   0.0301483 0.000206761
          68   0.0345324   0.0302127 0.000213657
          69   0.0303548   0.0302148 0.000210548
          70   0.0292908   0.0302016 0.000207938
          71   0.0277168   0.0301666 0.000207954
          72    0.031334   0.0301828 0.000205686
          73   0.0311344   0.0301959 0.000203267
          74   0.0320688   0.0302212 0.000202092
          75   0.0326396   0.0302534  0.00020197
          76    0.032846   0.0302875 0.000202194
          77   0.0292312   0.0302738 0.000200021
          78    0.032618   0.0303039 0.000199715
          79   0.0307204   0.0303091 0.000197241
          80   0.0281488   0.0302821 0.000196623
          81   0.0300616   0.0302794 0.000194199
          82   0.0284344   0.0302569 0.000193132
          83   0.0333624   0.0302943 0.000194425
          84   0.0280224   0.0302673 0.000193991
          85    0.031626   0.0302833  0.00019236
          86   0.0304868   0.0302856 0.000190125
          87   0.0305576   0.0302888 0.000187953
          88   0.0300992   0.0302866 0.000185818
          89   0.0296428   0.0302794  0.00018386
          90   0.0326608   0.0303058 0.000183721
          91   0.0304696   0.0303076   0.0001817
          92     0.02871   0.0302903 0.000180551
          93   0.0313844    0.030302 0.000178986
          94   0.0307964   0.0303073  0.00017715
          95    0.029822   0.0303022  0.00017535
          96    0.029068   0.0302893 0.000173989
          97   0.0325276   0.0303124 0.000173726
          98    0.029372   0.0303028 0.000172211
          99    0.029812   0.0302978 0.000170535
         100   0.0292488   0.0302874 0.000169147
