           1      0.2463      0.2463           0
           2    0.247629    0.246964   0.0006646
           3    0.225726    0.239885  0.00708992
           4    0.271028    0.247671  0.00926028
           5    0.258984    0.249933  0.00752142
           6    0.244715    0.249064  0.00620249
           7    0.245102    0.248498  0.00527252
           8    0.243648    0.247891  0.00460621
           9    0.259866    0.249222  0.00427462
          10    0.258182    0.250118  0.00392691
          11    0.234881    0.248733  0.00381256
          12    0.259019     0.24959  0.00358438
          13    0.271552    0.251279  0.00370477
          14    0.238675    0.250379  0.00354615
          15    0.249183    0.250299  0.00330225
          16    0.233232    0.249233  0.00326795
          17    0.241811    0.248796   0.0031006
          18     0.24133    0.248381  0.00295255
          19    0.243684    0.248134  0.00280375
          20    0.243107    0.247883  0.00267172
          21    0.246168    0.247801  0.00254262
          22    0.257432    0.248239  0.00246351
          23      0.2416     0.24795   0.0023716
          24    0.234562    0.247392  0.00233815
          25    0.268504    0.248237  0.00239639
          26    0.243613    0.248059  0.00230924
          27    0.264908    0.248683  0.00230803
          28    0.250273     0.24874   0.0022248
          29    0.279075    0.249786    0.002388
          30    0.250794    0.249819  0.00230727
          31    0.240164    0.249508  0.00225323
          32    0.256517    0.249727  0.00219265
          33    0.243807    0.249548  0.00213273
          34     0.25435    0.249689  0.00207387
          35    0.250044    0.249699  0.00201377
          36    0.242619    0.249502  0.00196689
          37    0.225167    0.248845   0.0020229
          38    0.247123    0.248799  0.00196946
          39    0.261124    0.249115  0.00194416
          40    0.256912     0.24931  0.00190493
          41    0.261771    0.249614  0.00188258
          42    0.245871    0.249525  0.00183937
          43     0.24876    0.249507  0.00179617
          44    0.244433    0.249392  0.00175866
          45     0.24774    0.249355  0.00171953
          46    0.230783    0.248952  0.00172952
          47    0.242419    0.248813  0.00169802
          48    0.249622    0.248829  0.00166235
          49    0.265586    0.249171   0.0016636
          50    0.244687    0.249082  0.00163245
          51    0.259718     0.24929  0.00161366
          52    0.246755    0.249241  0.00158307
          53    0.249596    0.249248  0.00155293
          54    0.265856    0.249556  0.00155463
          55    0.230176    0.249203  0.00156625
          56    0.242175    0.249078  0.00154314
          57    0.246628    0.249035  0.00151643
          58    0.254686    0.249132  0.00149324
          59     0.24703    0.249097  0.00146814
          60    0.232874    0.248826  0.00146857
          61    0.261006    0.249026  0.00145803
          62    0.266256    0.249304    0.001461
          63    0.252732    0.249358  0.00143865
          64    0.255945    0.249461  0.00141973
          65    0.251747    0.249496  0.00139816
          66    0.229106    0.249187  0.00141105
          67    0.263342    0.249399  0.00140579
          68    0.246556    0.249357   0.0013856
          69     0.26209    0.249541  0.00137778
          70    0.239346    0.249396  0.00136575
          71    0.269948    0.249685  0.00137714
          72    0.243589    0.249601  0.00136051
          73    0.256106     0.24969   0.0013447
          74    0.243799     0.24961  0.00132879
          75    0.267767    0.249852  0.00133312
          76     0.24925    0.249844  0.00131549
          77    0.245883    0.249793  0.00129931
          78    0.233719    0.249587    0.001299
          79    0.261463    0.249737  0.00129123
          80    0.229468    0.249484  0.00129992
          81     0.25251    0.249521  0.00128431
          82     0.24536     0.24947  0.00126957
          83    0.255814    0.249547  0.00125651
          84    0.237498    0.249403  0.00124972
          85    0.257962    0.249504  0.00123902
          86    0.254884    0.249567  0.00122613
          87    0.275414    0.249864  0.00124784
          88    0.255126    0.249923  0.00123502
          89    0.257067    0.250004   0.0012237
          90    0.265008     0.25017  0.00122146
          91    0.246745    0.250133  0.00120855
          92    0.253948    0.250174  0.00119606
          93    0.247606    0.250147  0.00118345
          94    0.237606    0.250013  0.00117837
          95    0.246275    0.249974  0.00116656
          96     0.24192     0.24989  0.00115739
          97    0.253692    0.249929  0.00114607
          98     0.25474    0.249978  0.00113538
          99    0.244244     0.24992  0.00112534
         100    0.260107    0.250022  0.00111868
