           1     65.6196     65.6196           0
           2     62.5668     64.0932     1.52642
           3     63.4864     63.8909    0.904191
           4     63.9104     63.8958    0.639378
           5     65.6494     64.2465    0.606861
           6     65.4233     64.4426    0.532902
           7     62.8914      64.221    0.501953
           8     63.1378     64.0856    0.455303
           9      64.834     64.1688    0.410058
          10     64.2283     64.1747    0.366816
          11     65.8368     64.3258    0.364583
          12     63.2481      64.236    0.344722
          13     65.3122     64.3188    0.327727
          14     65.2906     64.3882    0.311255
          15     66.1102      64.503    0.311675
          16     65.7248     64.5794    0.301379
          17      64.318      64.564    0.283514
          18     66.9195     64.6949    0.297612
          19     64.2241     64.6701    0.282601
          20     62.7574     64.5745    0.284645
          21      61.052     64.4067    0.318498
          22     64.7087     64.4205    0.303986
          23     65.3235     64.4597     0.29311
          24     66.8506     64.5593     0.29779
          25     65.6256      64.602    0.288796
          26     65.5982     64.6403      0.2801
          27     62.6601      64.567    0.279326
          28     65.8596     64.6131    0.273096
          29      65.124     64.6307    0.264099
          30      62.719      64.567    0.262981
          31     64.6111     64.5684    0.254361
          32     62.9958     64.5193    0.251139
          33     64.7346     64.5258    0.243497
          34     63.4109      64.493    0.238492
          35      62.297     64.4303    0.239927
          36     64.2282     64.4247    0.233235
          37     64.5704     64.4286    0.226878
          38     67.0915     64.4987    0.231679
          39     63.6136      64.476    0.226799
          40     64.6869     64.4813    0.221119
          41     64.4985     64.4817    0.215659
          42     66.9445     64.5403    0.218477
          43     62.0458     64.4823    0.221083
          44     63.6974     64.4645    0.216735
          45     64.8202     64.4724    0.212012
          46     65.2641     64.4896    0.208064
          47     62.4834     64.4469    0.208016
          48     67.7046     64.5148    0.214648
          49     64.6548     64.5176    0.210241
          50     64.6013     64.5193       0.206
          51     64.9363     64.5275    0.202086
          52     63.8899     64.5152    0.198541
          53      62.645     64.4799     0.19793
          54     64.5309     64.4809    0.194232
          55     65.1543     64.4931    0.191061
          56     66.3167     64.5257    0.190423
          57     63.2822     64.5039     0.18832
          58     66.4502     64.5374    0.188063
          59     62.1297     64.4966    0.189299
          60     64.7791     64.5013    0.186177
          61     63.2292     64.4805    0.184283
          62       63.94     64.4717    0.181496
          63     66.8646     64.5097    0.182586
          64     66.3354     64.5383     0.18196
          65     62.8652     64.5125    0.180979
          66     63.0435     64.4903      0.1796
          67     64.8844     64.4961    0.176997
          68     66.1008     64.5197    0.175964
          69     65.2484     64.5303    0.173716
          70     59.6733     64.4609    0.184742
          71     63.3233     64.4449    0.182825
          72     65.7919     64.4636    0.181236
          73     64.7483     64.4675    0.178778
          74     63.9785     64.4609     0.17647
          75     62.8416     64.4393    0.175435
          76     65.5202     64.4535    0.173694
          77     64.0582     64.4484      0.1715
          78     66.4877     64.4745    0.171295
          79     62.0473     64.4438    0.171881
          80      64.873     64.4492    0.169803
          81     66.9138     64.4796    0.170432
          82     66.0916     64.4993    0.169485
          83     64.3075     64.4969    0.167446
          84     64.1588     64.4929     0.16549
          85     65.8071     64.5084     0.16426
          86     64.1682     64.5044    0.162387
          87      63.951     64.4981    0.160636
          88      63.152     64.4828    0.159535
          89     65.5144     64.4944    0.158158
          90     63.0725     64.4786    0.157187
          91     63.7558     64.4706    0.155652
          92       65.47     64.4815    0.154334
          93     66.4383     64.5025    0.154109
          94     63.0355     64.4869    0.153257
          95     66.6305     64.5095    0.153305
          96     66.3408     64.5286    0.152894
          97     66.9936      64.554    0.153429
          98     64.6192     64.5546    0.151857
          99     66.1277     64.5705    0.151153
         100     64.4453     64.5693    0.149639
