           1   -0.766675   -0.766675           0
           2   -0.766467   -0.766571    0.000104
           3   -0.766796   -0.766646 9.60226e-05
           4   -0.767373   -0.766828 0.000193941
           5   -0.768414   -0.767145 0.000350939
           6   -0.767295    -0.76717 0.000287633
           7   -0.765944   -0.766995 0.000299616
           8   -0.766202   -0.766896 0.000277776
           9   -0.765718   -0.766765 0.000277755
          10   -0.766196   -0.766708  0.00025486
          11   -0.767705   -0.766799 0.000247703
          12   -0.765238   -0.766669 0.000260833
          13   -0.766576   -0.766661 0.000240037
          14   -0.766126   -0.766623 0.000225502
          15   -0.766288   -0.766601 0.000211117
          16   -0.767439   -0.766653 0.000204316
          17   -0.765747     -0.7666 0.000199183
          18   -0.768492   -0.766705  0.00021521
          19    -0.76599   -0.766667 0.000207013
          20   -0.766634   -0.766666 0.000196397
          21   -0.768056   -0.766732 0.000198194
          22   -0.767059   -0.766747 0.000189555
          23   -0.767502    -0.76678 0.000184075
          24   -0.766073    -0.76675 0.000178683
          25   -0.767094   -0.766764 0.000171938
          26   -0.767014   -0.766774 0.000165474
          27    -0.76624   -0.766754 0.000160449
          28   -0.767103   -0.766766 0.000155115
          29   -0.766838   -0.766769 0.000149691
          30   -0.766348   -0.766755 0.000145294
          31   -0.767388   -0.766775 0.000142006
          32   -0.767322   -0.766792 0.000138556
          33   -0.766891   -0.766795 0.000134325
          34   -0.766745   -0.766794 0.000130323
          35   -0.766756   -0.766793 0.000126549
          36   -0.766734   -0.766791 0.000122995
          37   -0.766375    -0.76678 0.000120151
          38   -0.766331   -0.766768 0.000117541
          39   -0.766138   -0.766752 0.000115623
          40   -0.766217   -0.766738 0.000113487
          41   -0.766414   -0.766731 0.000110967
          42   -0.767191   -0.766742 0.000108847
          43   -0.766449   -0.766735 0.000106503
          44   -0.765843   -0.766714 0.000106009
          45   -0.765723   -0.766692 0.000105942
          46   -0.766767   -0.766694 0.000103626
          47   -0.767746   -0.766716  0.00010384
          48   -0.766046   -0.766702 0.000102608
          49   -0.766688   -0.766702 0.000100492
          50   -0.766835   -0.766705 9.84978e-05
          51   -0.767072   -0.766712 9.68152e-05
          52   -0.765357   -0.766686 9.84476e-05
          53   -0.766749   -0.766687 9.65795e-05
          54    -0.76797   -0.766711 9.77079e-05
          55   -0.766834   -0.766713 9.59409e-05
          56    -0.76807   -0.766737 9.72795e-05
          57   -0.767062   -0.766743 9.57267e-05
          58   -0.766567    -0.76674 9.41106e-05
          59   -0.766835   -0.766742 9.25158e-05
          60   -0.765731   -0.766725 9.25068e-05
          61   -0.767333   -0.766735 9.15219e-05
          62   -0.767094   -0.766741 9.02195e-05
          63   -0.766433   -0.766736 8.89102e-05
          64   -0.767998   -0.766755 8.97037e-05
          65    -0.76556   -0.766737 9.02075e-05
          66   -0.765798   -0.766723 8.99615e-05
          67   -0.765402   -0.766703 9.07763e-05
          68   -0.766623   -0.766702 8.94391e-05
          69   -0.767804   -0.766718  8.9569e-05
          70   -0.767898   -0.766735 8.98744e-05
          71   -0.765197   -0.766713  9.1209e-05
          72    -0.76662   -0.766712 8.99426e-05
          73    -0.76649   -0.766709 8.87542e-05
          74   -0.767622   -0.766721 8.84114e-05
          75   -0.767294   -0.766729  8.7558e-05
          76   -0.766575   -0.766727 8.64219e-05
          77   -0.766965    -0.76673 8.53481e-05
          78   -0.766955   -0.766733 8.42964e-05
          79   -0.767481   -0.766742 8.37596e-05
          80   -0.765886   -0.766731 8.33948e-05
          81    -0.76613   -0.766724 8.26933e-05
          82   -0.767654   -0.766735 8.24629e-05
          83   -0.766694   -0.766735 8.14648e-05
          84   -0.766784   -0.766735 8.04913e-05
          85   -0.765469   -0.766721 8.09226e-05
          86   -0.767593   -0.766731 8.06167e-05
          87   -0.766677    -0.76673 7.96871e-05
          88   -0.767155   -0.766735 7.89243e-05
          89    -0.76763   -0.766745 7.86785e-05
          90   -0.766941   -0.766747 7.78298e-05
          91   -0.767589   -0.766756 7.75235e-05
          92   -0.766929   -0.766758 7.66991e-05
          93   -0.766303   -0.766753 7.60275e-05
          94   -0.767626   -0.766763 7.57856e-05
          95   -0.766507    -0.76676 7.50318e-05
          96    -0.76683   -0.766761 7.42498e-05
          97   -0.766841   -0.766762 7.34849e-05
          98   -0.767222   -0.766766 7.28831e-05
          99   -0.766923   -0.766768 7.21606e-05
         100   -0.767682   -0.766777 7.20174e-05
