           1   -0.720558   -0.720558           0
           2   -0.721459   -0.721009   0.0004504
           3   -0.721413   -0.721143  0.00029284
           4   -0.719805   -0.720809 0.000393547
           5   -0.719915    -0.72063 0.000353367
           6   -0.720189   -0.720557 0.000297749
           7   -0.721522   -0.720694 0.000286936
           8   -0.721462    -0.72079 0.000266393
           9   -0.721451   -0.720864 0.000246142
          10   -0.719499   -0.720727 0.000259019
          11    -0.72069   -0.720724 0.000234316
          12   -0.719384   -0.720612 0.000241291
          13   -0.721147   -0.720653 0.000225738
          14   -0.720275   -0.720626 0.000210731
          15   -0.721038   -0.720654 0.000198094
          16   -0.722114   -0.720745 0.000206542
          17   -0.720003   -0.720701  0.00019886
          18   -0.723006    -0.72083 0.000227044
          19   -0.720603   -0.720818 0.000215092
          20    -0.72023   -0.720788 0.000206155
          21    -0.72164   -0.720829 0.000200244
          22    -0.72108    -0.72084 0.000191266
          23   -0.720229   -0.720814 0.000184684
          24   -0.720117   -0.720785  0.00017919
          25   -0.721587   -0.720817 0.000174845
          26   -0.722464    -0.72088 0.000179537
          27   -0.720653   -0.720872 0.000172964
          28   -0.723293   -0.720958 0.000187768
          29   -0.722416   -0.721008 0.000188023
          30   -0.719949   -0.720973 0.000185049
          31   -0.721661   -0.720995  0.00018035
          32    -0.72081   -0.720989 0.000174719
          33   -0.720323   -0.720969 0.000170541
          34   -0.721434   -0.720983 0.000166012
          35   -0.720522    -0.72097 0.000161737
          36   -0.721546   -0.720986 0.000157992
          37   -0.721341   -0.720995 0.000153962
          38   -0.721018   -0.720996 0.000149857
          39   -0.720762    -0.72099 0.000146087
          40   -0.720224   -0.720971  0.00014367
          41   -0.720992   -0.720971 0.000140123
          42   -0.720226   -0.720954 0.000137894
          43   -0.719861   -0.720928 0.000137026
          44   -0.721506   -0.720941 0.000134517
          45   -0.720957   -0.720942 0.000131494
          46   -0.720795   -0.720938 0.000128643
          47   -0.721578   -0.720952 0.000126609
          48   -0.720821   -0.720949 0.000123974
          49   -0.721778   -0.720966 0.000122588
          50   -0.721866   -0.720984 0.000121451
