           1     0.78129     0.78129           0
           2    0.836722    0.809006   0.0277158
           3    0.846295    0.821436   0.0202621
           4    0.785011     0.81233   0.0169765
           5    0.834077    0.816679   0.0138505
           6    0.859741    0.823856   0.0133941
           7    0.789217    0.818908   0.0123544
           8    0.855765    0.823515    0.011649
           9    0.806238    0.821595   0.0104512
          10    0.796546     0.81909  0.00967766
          11    0.818218    0.819011  0.00875413
          12     0.76822    0.814778  0.00904309
          13    0.768257      0.8112  0.00905551
          14    0.802593    0.810585  0.00840628
          15    0.845016     0.81288  0.00815551
          16    0.840871     0.81463   0.0078268
          17    0.763532    0.811624  0.00794271
          18    0.836896    0.813028  0.00761894
          19    0.771241    0.810829  0.00753492
          20    0.852784    0.812927   0.0074497
          21     0.80434    0.812518  0.00709787
          22    0.824938    0.813082  0.00679106
          23    0.840586    0.814278  0.00659835
          24    0.802151    0.813773  0.00633761
          25    0.795968    0.813061   0.0061204
          26    0.802804    0.812666  0.00589351
          27    0.761417    0.810768  0.00598026
          28    0.824206    0.811248  0.00578267
          29    0.781863    0.810235  0.00567096
          30    0.812555    0.810312  0.00547922
          31    0.806084    0.810176  0.00530127
          32    0.841502    0.811155  0.00522545
          33    0.796714    0.810717   0.0050835
          34    0.774108     0.80964  0.00504789
          35    0.776563    0.808695  0.00499182
          36    0.875452     0.81055  0.00519351
          37    0.825079    0.810942  0.00506644
          38    0.807353    0.810848  0.00493221
          39    0.808921    0.810798  0.00480433
          40    0.801645    0.810569  0.00468827
          41    0.809328    0.810539   0.0045726
          42    0.835356     0.81113  0.00450135
          43    0.825618    0.811467  0.00440831
          44    0.783606    0.810834  0.00435326
          45    0.816205    0.810953  0.00425709
          46    0.834283     0.81146  0.00419429
          47    0.829793     0.81185  0.00412258
          48    0.809326    0.811798  0.00403612
          49    0.804124    0.811641  0.00395599
          50    0.845225    0.812313  0.00393383
          51    0.848699    0.813026  0.00392138
          52    0.778533    0.812363  0.00390202
          53    0.822269     0.81255  0.00383225
          54    0.813044    0.812559  0.00376063
          55    0.805373    0.812428  0.00369393
          56    0.852209    0.813139  0.00369627
          57    0.845402    0.813705   0.0036747
          58    0.802775    0.813516   0.0036157
          59    0.817132    0.813578  0.00355442
          60     0.79912    0.813337  0.00350297
          61    0.817469    0.813404  0.00344573
          62    0.753187    0.812433   0.0035261
          63     0.82332    0.812606  0.00347398
          64    0.829295    0.812867   0.0034292
          65    0.831375    0.813151  0.00338802
          66    0.843802    0.813616  0.00336846
          67    0.730652    0.812378  0.00354135
          68    0.796356    0.812142  0.00349682
          69    0.866517     0.81293  0.00353474
          70    0.807968    0.812859   0.0034846
          71    0.796702    0.812632   0.0034427
          72    0.787649    0.812285  0.00341223
          73    0.814349    0.812313  0.00336528
          74    0.876056    0.813174  0.00342944
          75    0.782384    0.812764  0.00340822
          76    0.829237    0.812981  0.00337005
          77    0.830046    0.813202  0.00333337
          78     0.86263    0.813836  0.00335083
          79    0.779648    0.813403  0.00333632
          80    0.829038    0.813599  0.00330015
          81    0.805574    0.813499  0.00326066
          82    0.862661    0.814099  0.00327597
          83    0.803793    0.813975  0.00323864
          84     0.80738    0.813896  0.00320082
          85     0.81033    0.813854  0.00316322
          86    0.802948    0.813728  0.00312879
          87     0.82754    0.813886  0.00309669
          88    0.824325    0.814005   0.0030636
          89    0.841063    0.814309   0.0030442
          90    0.785235    0.813986  0.00302747
          91    0.844404     0.81432  0.00301262
          92    0.851196    0.814721  0.00300653
          93     0.81578    0.814732  0.00297404
          94    0.791448    0.814485  0.00295265
          95    0.848028    0.814838  0.00294266
          96    0.837005    0.815069  0.00292099
          97    0.785652    0.814765  0.00290658
          98    0.853923    0.815165  0.00290439
          99    0.801809     0.81503  0.00287806
         100    0.803329    0.814913  0.00285154
