           1    0.433122    0.433122           0
           2    0.432759    0.432941 0.000181722
           3    0.436776    0.434219  0.00128284
           4    0.435063     0.43443 0.000931294
           5     0.43576    0.434696 0.000768851
           6    0.438298    0.435296 0.000868616
           7    0.438604    0.435769 0.000873028
           8     0.42538     0.43447  0.00150269
           9     0.43753     0.43481  0.00136815
          10    0.425462    0.433875  0.00153989
          11    0.437049    0.434164  0.00142245
          12    0.444107    0.434992  0.00154038
          13    0.437984    0.435223  0.00143551
          14    0.441986    0.435706  0.00141409
          15    0.429826    0.435314  0.00137357
          16    0.429431    0.434946  0.00133643
          17     0.43985    0.435234  0.00128807
          18    0.439137    0.435451   0.0012336
          19    0.428696    0.435096  0.00121984
          20    0.440158    0.435349  0.00118459
          21    0.440215     0.43558  0.00115035
          22    0.436346    0.435615  0.00109737
          23    0.433793    0.435536  0.00105156
          24    0.437858    0.435633  0.00101143
          25    0.439182    0.435775 0.000980466
          26    0.431235      0.4356 0.000958047
          27    0.443587    0.435896 0.000968173
          28    0.437399     0.43595 0.000934497
          29    0.433297    0.435858 0.000906325
          30    0.438586    0.435949 0.000880303
          31    0.450568    0.436421 0.000973299
          32    0.442247    0.436603 0.000959819
          33    0.431412    0.436445 0.000943486
          34    0.443382    0.436649 0.000937777
          35    0.437773    0.436682 0.000911155
          36     0.43317    0.436584 0.000890839
          37    0.431437    0.436445 0.000877525
          38    0.444129    0.436647 0.000877733
          39    0.449623     0.43698 0.000917389
          40    0.442865    0.437127 0.000906183
          41    0.435593     0.43709 0.000884596
          42    0.436489    0.437075 0.000863396
          43    0.444568    0.437249 0.000860896
          44    0.439926     0.43731   0.0008433
          45    0.434274    0.437243 0.000827103
          46    0.433732    0.437167 0.000812515
          47    0.442591    0.437282 0.000803373
          48    0.446542    0.437475 0.000809772
          49    0.445865    0.437646 0.000811348
          50    0.437836     0.43765 0.000794964
          51    0.427432     0.43745 0.000804565
          52    0.437483     0.43745 0.000788941
          53    0.444853     0.43759 0.000786416
          54    0.437152    0.437582 0.000771758
          55    0.441168    0.437647 0.000760397
          56    0.430959    0.437528 0.000756186
          57    0.427958     0.43736 0.000761539
          58    0.431199    0.437253 0.000755794
          59    0.439888    0.437298 0.000744214
          60    0.439195     0.43733 0.000732388
          61    0.438021    0.437341 0.000720371
          62    0.445389    0.437471 0.000720447
          63    0.440707    0.437522 0.000710778
          64    0.439318     0.43755 0.000700146
          65    0.436456    0.437533 0.000689496
          66    0.433148    0.437467 0.000682212
          67    0.438684    0.437485 0.000672198
          68    0.444032    0.437581 0.000669201
          69    0.426219    0.437417 0.000679682
          70    0.440861    0.437466 0.000671707
          71    0.439995    0.437502 0.000663136
          72    0.427667    0.437365 0.000667976
          73    0.442297    0.437433 0.000662218
          74    0.442184    0.437497 0.000656356
          75    0.450492     0.43767 0.000670328
          76    0.450136    0.437834 0.000681485
          77    0.432186    0.437761 0.000676564
          78    0.442905    0.437827 0.000671082
          79    0.440193    0.437857 0.000663209
          80    0.438171    0.437861 0.000654879
          81    0.442728    0.437921 0.000649529
          82    0.439892    0.437945 0.000642009
          83    0.438541    0.437952 0.000634268
          84    0.441891    0.437999 0.000628424
          85    0.441407    0.438039  0.00062228
          86     0.44602    0.438132 0.000621963
          87    0.438629    0.438137 0.000614799
          88    0.435795    0.438111 0.000608355
          89    0.438047     0.43811 0.000601481
          90    0.435461    0.438081 0.000595489
          91    0.439193    0.438093 0.000589035
          92    0.437252    0.438084 0.000582669
          93    0.432447    0.438023 0.000579548
          94    0.434159    0.437982 0.000574821
          95    0.453882    0.438149 0.000592855
          96    0.440988    0.438179 0.000587391
          97    0.435379     0.43815  0.00058202
          98    0.436865    0.438137   0.0005762
          99    0.439413     0.43815 0.000570495
         100    0.434961    0.438118 0.000565661
