           1     21.2459     21.2459           0
           2      20.285     20.7654    0.480442
           3     21.9589     21.1632    0.484968
           4     21.0903      21.145    0.343409
           5     21.6444     21.2449    0.284138
           6     21.1444     21.2281    0.232601
           7     21.6906     21.2942    0.207388
           8     22.0716     21.3914    0.204206
           9     21.3544     21.3873     0.18014
          10     21.6019     21.4087    0.162546
          11     20.4617     21.3226    0.170383
          12     21.3299     21.3233    0.155539
          13     20.9295      21.293    0.146245
          14     20.3778     21.2276    0.150352
          15     21.2872     21.2316    0.140027
          16     22.4271     21.3063    0.150797
          17     21.1043     21.2944    0.142146
          18     21.0439     21.2805    0.134737
          19     22.9253     21.3671    0.154069
          20     20.9793     21.3477    0.147443
          21     22.5277     21.4039    0.151084
          22     22.0225      21.432    0.146772
          23      22.744      21.489    0.151403
          24     21.6046     21.4938    0.145038
          25     22.3686     21.5288    0.143448
          26     21.1995     21.5162    0.138401
          27     21.1937     21.5042    0.133711
          28     22.4643     21.5385    0.133331
          29     21.7758     21.5467    0.128912
          30     22.7915     21.5882    0.131271
          31     22.0838     21.6042    0.127968
          32     21.2848     21.5942    0.124306
          33     20.5281     21.5619    0.124737
          34     21.9668     21.5738    0.121597
          35     22.6453     21.6044    0.121976
          36     21.9902     21.6151    0.119023
          37      21.956     21.6243    0.116127
          38     21.4592       21.62    0.113114
          39      21.458     21.6158    0.110253
          40     21.6572     21.6169    0.107467
          41     20.8637     21.5985     0.10641
          42     21.9257     21.6063    0.104138
          43     22.1147     21.6181    0.102372
          44     21.8933     21.6244    0.100214
          45     20.5739      21.601    0.100704
          46     22.7307     21.6256    0.101507
          47      21.386     21.6205    0.099454
          48     22.6548      21.642   0.0997159
          49      21.582     21.6408   0.0976673
          50     22.7897     21.6638   0.0984142
