           1     0.31629     0.31629           0
           2     0.32317     0.31973  0.00344019
           3    0.321882    0.320447  0.00211172
           4    0.317615    0.319739  0.00165258
           5     0.32066    0.319923  0.00129326
           6    0.317912    0.319588  0.00110787
           7    0.315714    0.319035  0.00108766
           8    0.316654    0.318737 0.000987848
           9    0.310024    0.317769   0.0013024
          10    0.318271    0.317819  0.00116598
          11    0.320962    0.318105  0.00109269
          12    0.323451     0.31855  0.00109245
          13    0.320392    0.318692  0.00101484
          14    0.313722    0.318337  0.00100438
          15    0.315494    0.318148 0.000954042
          16    0.314098    0.317894 0.000927616
          17    0.320252    0.318033 0.000882315
          18    0.317506    0.318004 0.000832369
          19    0.318031    0.318005 0.000787344
          20    0.318147    0.318012 0.000746974
          21    0.317507    0.317988 0.000710922
          22    0.318626    0.318017 0.000678456
          23    0.319465     0.31808 0.000651336
          24    0.318566      0.3181 0.000623935
          25    0.321306    0.318229 0.000612035
          26    0.321684    0.318362 0.000602854
          27    0.317321    0.318323 0.000581377
          28    0.321959    0.318453 0.000575083
          29     0.31867     0.31846 0.000554949
          30     0.31921    0.318485 0.000536714
          31    0.318204    0.318476 0.000519192
          32    0.322259    0.318594 0.000516414
          33    0.313322    0.318435 0.000525406
          34    0.316805    0.318387 0.000511969
          35    0.320086    0.318435 0.000499491
          36    0.317429    0.318407 0.000486222
          37    0.319362    0.318433 0.000473602
          38    0.319116    0.318451  0.00046132
          39    0.316345    0.318397 0.000452568
          40    0.316652    0.318354 0.000443261
          41    0.319604    0.318384 0.000433389
          42    0.316636    0.318342 0.000424988
          43    0.315835    0.318284 0.000419064
          44    0.324782    0.318432 0.000435251
          45    0.318689    0.318437 0.000425507
          46    0.317618     0.31842 0.000416535
          47     0.31651    0.318379 0.000409598
          48    0.321867    0.318452 0.000407506
          49    0.316304    0.318408 0.000401503
          50    0.319568    0.318431 0.000394075
