           1   0.0308576   0.0308576           0
           2   0.0321792   0.0315184   0.0006608
           3   0.0316968   0.0315779  0.00038612
           4   0.0303224    0.031264 0.000416001
           5    0.035768   0.0321648   0.0009567
           6    0.032428   0.0322087 0.000782373
           7   0.0261984   0.0313501  0.00108371
           8   0.0318352   0.0314107 0.000940479
           9   0.0305184   0.0313116 0.000835329
          10    0.032868   0.0314672  0.00076318
          11   0.0324824   0.0315595 0.000696465
          12    0.031736   0.0315742 0.000635952
          13    0.032412   0.0316386  0.00058853
          14   0.0314456   0.0316249 0.000545048
          15   0.0276744   0.0313615 0.000571688
          16   0.0282584   0.0311676 0.000568848
          17   0.0267704   0.0309089 0.000593651
          18   0.0291048   0.0308087 0.000568603
          19    0.028116   0.0306669 0.000556202
          20   0.0353064   0.0308989 0.000576399
          21   0.0289024   0.0308038 0.000556447
          22    0.033616   0.0309317 0.000545733
          23   0.0295464   0.0308714 0.000524932
          24   0.0335072   0.0309813 0.000514444
          25   0.0254528   0.0307601 0.000540724
          26    0.033128   0.0308512 0.000527433
          27   0.0312352   0.0308654 0.000507722
          28   0.0279776   0.0307623 0.000500006
          29   0.0306944   0.0307599 0.000482462
          30    0.029172    0.030707 0.000469098
          31   0.0326152   0.0307686  0.00045787
          32   0.0315312   0.0307924 0.000443971
          33    0.030748   0.0307911 0.000430309
          34    0.031296   0.0308059 0.000417725
          35    0.028372   0.0307364 0.000411533
          36   0.0295792   0.0307042 0.000401228
          37     0.03494   0.0308187 0.000406679
          38   0.0327544   0.0308696 0.000399096
          39   0.0303752    0.030857 0.000388935
          40   0.0349296   0.0309588 0.000392522
          41   0.0301768   0.0309397 0.000383303
          42    0.038048    0.031109 0.000410572
          43   0.0299856   0.0310828  0.00040176
          44   0.0334648    0.031137 0.000396238
          45    0.026484   0.0310336 0.000400897
          46   0.0322824   0.0310607 0.000393024
          47   0.0307568   0.0310542 0.000384625
          48    0.029496   0.0310218 0.000377923
          49    0.035128   0.0311056 0.000379498
          50   0.0314056   0.0311116 0.000371879
