           1    0.416819    0.416819           0
           2    0.420681     0.41875  0.00193107
           3    0.430289    0.422596  0.00400465
           4    0.427289    0.423769   0.0030651
           5    0.420592    0.423134  0.00245778
           6    0.420523    0.422699  0.00205342
           7     0.43287    0.424152  0.00226344
           8    0.422383    0.423931  0.00197263
           9    0.441668    0.425901   0.0026288
          10    0.433998    0.426711  0.00248676
          11    0.430071    0.427017  0.00227001
          12    0.439177     0.42803  0.00230674
          13    0.410837    0.426707  0.00250031
          14    0.418451    0.426118  0.00238878
          15    0.430722    0.426425  0.00224492
          16      0.4158    0.425761  0.00220242
          17    0.423892    0.425651  0.00207173
          18    0.420368    0.425357  0.00197517
          19    0.428822     0.42554   0.0018772
          20    0.429607    0.425743  0.00179244
          21    0.423468    0.425635  0.00170839
          22    0.425046    0.425608   0.0016291
          23    0.420803    0.425399  0.00157062
          24    0.404357    0.424522  0.00174068
          25     0.43271     0.42485  0.00170142
          26    0.430894    0.425082  0.00165112
          27    0.429777    0.425256  0.00159827
          28    0.422279     0.42515   0.0015438
          29    0.433359    0.425433  0.00151628
          30     0.42796    0.425517  0.00146728
          31    0.429851    0.425657  0.00142603
          32    0.422796    0.425567  0.00138364
          33    0.424428    0.425533   0.0013415
          34     0.42154    0.425415  0.00130673
          35    0.414149    0.425094  0.00130904
          36    0.421201    0.424985  0.00127675
          37    0.430329     0.42513  0.00125013
          38    0.439811    0.425516  0.00127665
          39    0.422063    0.425428  0.00124663
          40     0.42439    0.425402  0.00121534
          41    0.413307    0.425107  0.00122149
          42    0.420978    0.425008   0.0011961
          43    0.421071    0.424917  0.00117153
          44    0.425338    0.424926  0.00114464
          45    0.438178    0.425221  0.00115702
          46    0.410198    0.424894  0.00117777
          47    0.432629    0.425059  0.00116413
          48     0.42424    0.425042  0.00113975
          49    0.428746    0.425117   0.0011188
          50    0.428002    0.425175  0.00109771
          51    0.419108    0.425056  0.00108253
          52      0.4367     0.42528  0.00108487
          53    0.418478    0.425152  0.00107191
          54    0.436822    0.425368  0.00107385
          55    0.418726    0.425247  0.00106104
          56    0.436513    0.425448  0.00106116
          57    0.423538    0.425415  0.00104292
          58    0.433065    0.425547  0.00103323
          59    0.428986    0.425605  0.00101724
          60    0.416082    0.425446  0.00101266
          61    0.417121     0.42531  0.00100523
          62    0.417938    0.425191 0.000996001
          63     0.41261    0.424991   0.0010002
          64    0.426802     0.42502 0.000984856
          65    0.425499    0.425027 0.000969614
          66    0.433317    0.425152 0.000963038
          67    0.441131    0.425391 0.000978074
          68    0.428519    0.425437  0.00096468
          69    0.423136    0.425404 0.000951181
          70    0.424055    0.425384 0.000937693
          71    0.424352     0.42537 0.000924506
          72    0.424157    0.425353  0.00091173
          73    0.427915    0.425388 0.000899839
          74    0.439129    0.425574 0.000906811
          75    0.435619    0.425708 0.000904608
          76    0.427464    0.425731 0.000892925
          77    0.436173    0.425866 0.000891626
          78    0.414798    0.425725 0.000891486
          79    0.426497    0.425734 0.000880183
          80    0.431415    0.425805 0.000872008
          81    0.425885    0.425806 0.000861175
          82    0.427951    0.425832  0.00085101
          83    0.409076    0.425631 0.000864595
          84    0.421236    0.425578 0.000855841
          85    0.424295    0.425563 0.000845847
          86    0.421056    0.425511 0.000837595
          87    0.415549    0.425396 0.000835792
          88    0.427338    0.425418 0.000826534
          89    0.418267    0.425338 0.000821136
          90    0.434773    0.425443   0.0008187
          91    0.433095    0.425527 0.000814009
          92    0.419843    0.425465 0.000807479
          93     0.43132    0.425528 0.000801226
          94    0.429092    0.425566 0.000793563
          95    0.429365    0.425606 0.000786183
          96     0.41941    0.425541 0.000780623
          97     0.42482    0.425534 0.000772569
          98    0.423785    0.425516 0.000764854
          99      0.4161    0.425421 0.000763039
         100    0.429625    0.425463 0.000756539
