           1    0.225752    0.225752           0
           2    0.228629     0.22719  0.00143837
           3    0.226133    0.226838  0.00090214
           4    0.226985    0.226875 0.000638963
           5    0.228932    0.227286  0.00064368
           6    0.228547    0.227496 0.000566032
           7    0.227678    0.227522 0.000479087
           8    0.229289    0.227743 0.000470029
           9    0.227826    0.227752 0.000414628
          10    0.228185    0.227796 0.000373364
          11    0.230511    0.228042 0.000418294
          12    0.228143    0.228051 0.000381941
          13    0.227927    0.228041 0.000351463
          14    0.227976    0.228037 0.000325425
          15    0.228691     0.22808 0.000306078
          16    0.226394    0.227975 0.000305097
          17    0.227936    0.227973 0.000286598
          18     0.22631     0.22788 0.000285554
          19     0.22585    0.227773 0.000290473
          20    0.228846    0.227827 0.000280734
          21    0.227971    0.227834 0.000267119
          22    0.226279    0.227763 0.000264313
          23    0.228276    0.227785 0.000253542
          24    0.227675    0.227781 0.000242792
          25    0.230379    0.227885  0.00025502
          26    0.227776    0.227881 0.000245051
          27    0.229164    0.227928 0.000240545
          28    0.226128    0.227864 0.000240544
          29    0.228259    0.227877 0.000232501
          30    0.226824    0.227842 0.000227346
          31    0.230139    0.227916 0.000232036
          32    0.226963    0.227887 0.000226635
          33    0.228385    0.227902  0.00022018
          34    0.227245    0.227882 0.000214478
          35    0.226669    0.227848 0.000211127
          36    0.227229    0.227831 0.000205898
          37    0.228961    0.227861 0.000202572
          38    0.227202    0.227844  0.00019793
          39     0.22735    0.227831 0.000193203
          40     0.22796    0.227834 0.000188339
          41    0.227279    0.227821 0.000184187
          42    0.228676    0.227841 0.000180897
          43    0.227522    0.227834 0.000176796
          44     0.22777    0.227832 0.000172737
          45    0.226909    0.227812 0.000170096
          46    0.227442    0.227804 0.000166551
          47    0.227454    0.227796 0.000163138
          48    0.226855    0.227777 0.000160904
          49    0.228058    0.227782  0.00015769
          50    0.227529    0.227777 0.000154588
          51    0.226735    0.227757 0.000152898
          52      0.2269     0.22774 0.000150832
          53    0.227737     0.22774 0.000147959
          54    0.227961    0.227744  0.00014525
          55    0.229681     0.22778 0.000146867
          56    0.229861    0.227817 0.000148934
          57    0.228183    0.227823 0.000146438
          58    0.227926    0.227825 0.000143902
          59    0.229938    0.227861 0.000145908
          60    0.227734    0.227859 0.000143471
          61    0.228634    0.227871 0.000141671
          62    0.228499    0.227882 0.000139734
          63    0.227804     0.22788 0.000137504
          64    0.225494    0.227843 0.000140381
          65    0.228885    0.227859 0.000139131
          66     0.22875    0.227873 0.000137669
          67    0.229613    0.227899 0.000138064
          68    0.229349     0.22792 0.000137682
          69    0.229966    0.227949 0.000138875
          70    0.229255    0.227968 0.000138141
          71    0.225377    0.227932 0.000140985
          72    0.229521    0.227954 0.000140754
          73    0.227992    0.227954 0.000138814
          74    0.228015    0.227955 0.000136927
          75    0.229804     0.22798  0.00013732
          76    0.226417    0.227959 0.000137051
          77    0.229513    0.227979 0.000136756
          78    0.227822    0.227977 0.000135007
          79    0.226801    0.227962 0.000134117
          80    0.226994     0.22795 0.000132982
          81    0.227835    0.227949 0.000131338
          82    0.226103    0.227926 0.000131664
          83     0.23026    0.227954 0.000133071
          84    0.227978    0.227955 0.000131478
          85    0.228213    0.227958 0.000129957
          86    0.230009    0.227982 0.000130633
          87    0.225579    0.227954 0.000132042
          88    0.228485     0.22796 0.000130673
          89    0.228482    0.227966 0.000129329
          90    0.226772    0.227953 0.000128571
          91    0.228649     0.22796  0.00012738
          92    0.227767    0.227958 0.000126005
          93     0.22784    0.227957 0.000124649
          94    0.227309     0.22795 0.000123509
          95    0.228456    0.227955 0.000122318
          96    0.230156    0.227978 0.000123188
          97    0.228366    0.227982 0.000121977
          98    0.226764     0.22797 0.000121364
          99    0.225064    0.227941 0.000123667
         100    0.226543    0.227927  0.00012322
