           1     2.79175     2.79175           0
           2     2.81504     2.80339   0.0116466
           3     2.75932      2.7887   0.0161555
           4       2.773     2.78478   0.0120792
           5     2.84824     2.79747   0.0157683
           6     2.80326     2.79844   0.0129108
           7     2.76847     2.79415   0.0117215
           8     2.80443     2.79544   0.0102321
           9     2.82495     2.79872  0.00960111
          10     2.76207     2.79505   0.0093369
          11     2.78861     2.79447   0.0084658
          12     2.80913     2.79569   0.0078242
          13     2.80998     2.79679  0.00728069
          14     2.80671      2.7975  0.00677779
          15      2.8391     2.80027  0.00689252
          16     2.81396     2.80113  0.00650384
          17     2.76277     2.79887  0.00651258
          18     2.85122     2.80178  0.00679396
          19      2.7485     2.79897  0.00701165
          20     2.80153      2.7991  0.00665307
          21     2.82278     2.80023  0.00642797
          22     2.79033     2.79978  0.00614533
          23     2.79688     2.79965  0.00587342
          24     2.80557      2.7999  0.00562876
          25     2.80883     2.80026  0.00541072
          26     2.80644      2.8005  0.00520389
          27     2.79072     2.80013  0.00502051
          28     2.79033     2.79978  0.00485054
          29     2.77894     2.79906  0.00473518
          30     2.79684     2.79899  0.00457522
          31     2.76635     2.79794  0.00454869
          32     2.83381     2.79906  0.00454469
          33     2.76468     2.79802  0.00452632
          34     2.77845     2.79744  0.00442871
          35     2.80075     2.79754  0.00430135
          36     2.80134     2.79764  0.00418149
          37     2.83959     2.79878  0.00422201
          38     2.81752     2.79927  0.00413891
          39     2.82556     2.79994  0.00408738
          40     2.81121     2.80022  0.00399382
          41     2.74913     2.79898  0.00408966
          42     2.80473     2.79912  0.00399345
          43     2.85285     2.80036  0.00409483
          44     2.82243     2.80087  0.00403198
          45     2.83408      2.8016  0.00400986
          46     2.76369     2.80078  0.00400741
          47     2.79353     2.80063  0.00392425
          48     2.78939     2.80039  0.00384875
          49     2.80232     2.80043  0.00376959
          50     2.81268     2.80068  0.00370155
          51     2.77607     2.80019  0.00366018
          52     2.78552     2.79991  0.00360018
          53     2.75549     2.79907  0.00362968
          54     2.81307     2.79933  0.00357125
          55     2.80303      2.7994  0.00350636
          56     2.81937     2.79976  0.00346159
          57     2.77713     2.79936  0.00342341
          58     2.76546     2.79877  0.00341428
          59     2.81736     2.79909  0.00337066
          60     2.78058     2.79878  0.00332834
          61     2.81638     2.79907  0.00328602
          62     2.75684     2.79839  0.00330356
          63     2.73806     2.79743   0.0033888
          64      2.8032     2.79752  0.00333665
          65     2.83319     2.79807  0.00333045
          66     2.85746     2.79897   0.0034008
          67     2.80948     2.79913  0.00335333
          68     2.81158     2.79931  0.00330871
          69     2.81071     2.79948   0.0032646
          70     2.75853     2.79889  0.00327035
          71     2.79751     2.79887  0.00322402
          72     2.78011     2.79861  0.00318958
          73     2.80882     2.79875  0.00314869
          74     2.81787     2.79901  0.00311659
          75      2.7864     2.79884  0.00307934
          76     2.83996     2.79938  0.00308635
          77     2.74548     2.79868   0.0031254
          78     2.75898     2.79817  0.00312677
          79     2.79996      2.7982  0.00308702
          80     2.78544     2.79804  0.00305236
          81     2.75176     2.79746  0.00306811
          82     2.84265     2.79802  0.00308015
          83     2.75405     2.79749  0.00308858
          84     2.76514      2.7971   0.0030758
          85     2.79844     2.79712  0.00303944
          86     2.82829     2.79748  0.00302568
          87     2.79965      2.7975   0.0029908
          88     2.84653     2.79806  0.00300866
          89     2.77637     2.79782  0.00298463
          90      2.7788     2.79761  0.00295883
          91     2.80576      2.7977  0.00292751
          92      2.8067     2.79779  0.00289717
          93     2.78043     2.79761  0.00287192
          94     2.82025     2.79785   0.0028514
          95     2.76939     2.79755  0.00283708
          96     2.81421     2.79772  0.00281273
          97     2.82262     2.79798  0.00279539
          98     2.79383     2.79794  0.00276705
          99     2.78717     2.79783  0.00274111
         100     2.79611     2.79781  0.00271361
