           1   -0.548992   -0.548992           0
           2   -0.546891   -0.547942   0.0010504
           3   -0.547819   -0.547901  0.00060782
           4   -0.546773   -0.547619 0.000514049
           5   -0.548306   -0.547756 0.000421207
           6    -0.54887   -0.547942  0.00039085
           7   -0.548333   -0.547998 0.000335017
           8   -0.548965   -0.548119 0.000314309
           9   -0.548994   -0.548216  0.00029375
          10   -0.548002   -0.548194  0.00026361
          11   -0.548141    -0.54819 0.000238494
          12   -0.548085   -0.548181 0.000217889
          13   -0.548213   -0.548183 0.000200444
          14   -0.547859    -0.54816 0.000187013
          15   -0.548523   -0.548184 0.000175774
          16   -0.549917   -0.548293 0.000196873
          17   -0.548029   -0.548277  0.00018558
          18   -0.547898   -0.548256 0.000176232
          19   -0.547757    -0.54823 0.000168757
          20   -0.547206   -0.548179 0.000168074
          21   -0.546037   -0.548077 0.000189632
          22   -0.547742   -0.548061 0.000181444
          23   -0.548382   -0.548075 0.000173937
          24   -0.546979    -0.54803 0.000172681
          25   -0.549224   -0.548077 0.000172382
          26   -0.546285   -0.548008 0.000179398
          27   -0.548499   -0.548027 0.000173579
          28   -0.547144   -0.547995  0.00017021
          29   -0.548709    -0.54802 0.000166069
          30   -0.548171   -0.548025 0.000160518
          31   -0.548328   -0.548035 0.000155561
          32   -0.547838   -0.548028 0.000150746
          33   -0.547102      -0.548 0.000148777
          34   -0.549253   -0.548037 0.000148961
          35   -0.549058   -0.548066 0.000147551
          36   -0.549106   -0.548095 0.000146271
          37   -0.548776   -0.548114 0.000143448
          38   -0.548251   -0.548117 0.000139669
          39    -0.54659   -0.548078 0.000141562
          40   -0.548203   -0.548081 0.000138013
          41   -0.547125   -0.548058 0.000136611
          42   -0.548579    -0.54807 0.000133895
          43   -0.546283   -0.548029 0.000137191
          44    -0.54873   -0.548045  0.00013498
          45   -0.548162   -0.548047 0.000131972
          46   -0.548102   -0.548048 0.000129076
          47   -0.548138    -0.54805 0.000126315
          48   -0.550637   -0.548104 0.000134885
          49    -0.54888    -0.54812 0.000133049
          50   -0.546661   -0.548091 0.000133588
