           1   -0.707313   -0.707313           0
           2   -0.705486     -0.7064   0.0009132
           3   -0.706831   -0.706543 0.000546512
           4   -0.707446   -0.706769 0.000447541
           5    -0.70618   -0.706651 0.000366145
           6   -0.707404   -0.706777 0.000324207
           7    -0.70584   -0.706643  0.00030494
           8   -0.706212   -0.706589 0.000269525
           9   -0.706088   -0.706533 0.000244132
          10   -0.706355   -0.706516 0.000219085
          11   -0.706046   -0.706473 0.000202724
          12   -0.705728   -0.706411 0.000195193
          13   -0.706036   -0.706382 0.000181852
          14   -0.705778   -0.706339 0.000173808
          15   -0.705442   -0.706279  0.00017249
          16   -0.706153   -0.706271 0.000161542
          17   -0.705842   -0.706246 0.000153824
          18    -0.70611   -0.706238 0.000145222
          19   -0.705575   -0.706203 0.000141732
          20   -0.706508   -0.706219 0.000135318
          21   -0.705285   -0.706174 0.000136179
          22   -0.705858    -0.70616 0.000130637
          23   -0.707681   -0.706226 0.000141262
          24   -0.706307   -0.706229  0.00013529
          25    -0.70647   -0.706239 0.000130121
          26   -0.705606   -0.706215 0.000127368
          27   -0.705855   -0.706201 0.000123281
          28   -0.705665   -0.706182 0.000120331
          29   -0.705878   -0.706172 0.000116582
          30   -0.705921   -0.706163 0.000112939
          31   -0.704942   -0.706124 0.000116118
          32   -0.706957    -0.70615 0.000115404
          33   -0.706406   -0.706158  0.00011212
          34   -0.706995   -0.706182 0.000111527
          35   -0.706204   -0.706183 0.000108295
          36   -0.706322   -0.706187 0.000105315
          37   -0.705095   -0.706157 0.000106594
          38   -0.706494   -0.706166 0.000104129
          39   -0.705894   -0.706159 0.000101663
          40   -0.705366   -0.706139 0.000101052
          41   -0.706013   -0.706136 9.86047e-05
          42   -0.705283   -0.706116 9.83487e-05
          43   -0.705647   -0.706105 9.66511e-05
          44   -0.706432   -0.706113 9.47208e-05
          45   -0.705914   -0.706108 9.26974e-05
          46   -0.705293    -0.70609  9.2376e-05
          47   -0.707091   -0.706112 9.28637e-05
          48   -0.705316   -0.706095 9.24073e-05
          49   -0.705491   -0.706083 9.13371e-05
          50   -0.704582   -0.706053 9.43885e-05
          51   -0.705616   -0.706044 9.29148e-05
          52   -0.704992   -0.706024 9.33303e-05
          53   -0.705803    -0.70602 9.16471e-05
          54   -0.705294   -0.706006 9.09338e-05
          55   -0.707267   -0.706029 9.21619e-05
          56   -0.705854   -0.706026 9.05555e-05
          57   -0.706639   -0.706037 8.96005e-05
          58   -0.706387   -0.706043 8.82491e-05
          59   -0.706467    -0.70605  8.7038e-05
          60   -0.705428    -0.70604 8.62009e-05
          61   -0.705856   -0.706037 8.48295e-05
          62   -0.705122   -0.706022 8.47454e-05
          63    -0.70531   -0.706011 8.41525e-05
          64   -0.706217   -0.706014 8.28898e-05
          65   -0.706706   -0.706025 8.22956e-05
          66   -0.706042   -0.706025 8.10395e-05
          67   -0.705094   -0.706011 8.10197e-05
          68   -0.706893   -0.706024 8.08661e-05
          69   -0.707136    -0.70604 8.12992e-05
          70   -0.705971   -0.706039 8.01354e-05
          71   -0.706014   -0.706039 7.89994e-05
          72   -0.705579   -0.706032 7.81555e-05
          73   -0.705358   -0.706023 7.76295e-05
          74   -0.705283   -0.706013 7.72232e-05
          75   -0.707048   -0.706027 7.74263e-05
          76   -0.705831   -0.706024 7.64441e-05
          77   -0.705748   -0.706021   7.553e-05
          78   -0.705994    -0.70602 7.45562e-05
          79   -0.705759   -0.706017 7.36806e-05
          80   -0.705833   -0.706015 7.27902e-05
          81   -0.705813   -0.706012 7.19292e-05
          82   -0.705143   -0.706002 7.18327e-05
          83   -0.706385   -0.706006 7.11119e-05
          84   -0.704842   -0.705992 7.16152e-05
          85   -0.705476   -0.705986  7.1028e-05
          86   -0.706364   -0.705991 7.03344e-05
          87   -0.706438   -0.705996 6.97115e-05
          88   -0.707217    -0.70601 7.02975e-05
          89   -0.705898   -0.706008 6.95144e-05
          90   -0.706036   -0.706009 6.87384e-05
          91   -0.705589   -0.706004 6.81353e-05
          92    -0.70707   -0.706016 6.83785e-05
          93   -0.707153   -0.706028 6.87353e-05
          94    -0.70485   -0.706015  6.9146e-05
          95   -0.706222   -0.706018 6.84487e-05
          96   -0.705151   -0.706009 6.83306e-05
          97    -0.70489   -0.705997  6.8598e-05
          98   -0.706454   -0.706002 6.80541e-05
          99   -0.706876   -0.706011 6.79396e-05
         100   -0.706099   -0.706011 6.72626e-05
