           1     80.3023     80.3023           0
           2     77.2381     78.7702     1.53208
           3     75.9465      77.829     1.29163
           4     81.0758     78.6407      1.2219
           5     76.6719     78.2469     1.02512
           6     76.7814     78.0027     0.87192
           7     80.7572     78.3962    0.835393
           8     80.8325     78.7007    0.784955
           9     77.8473     78.6059    0.698729
          10     77.9392     78.5392    0.628508
          11     83.6915     79.0076    0.736605
          12     76.2078     78.7743    0.711752
          13     78.2152     78.7313    0.656128
          14     77.8571     78.6688    0.610658
          15     78.1198     78.6322    0.569668
          16     78.6013     78.6303    0.532879
          17     75.1017     78.4227    0.541882
          18     79.9255     78.5062    0.517668
          19     78.4858     78.5052    0.489666
          20     84.0297     78.7814    0.540461
          21      78.419     78.7641    0.514371
          22      81.632     78.8945    0.507462
          23     77.5244     78.8349    0.488542
          24     77.3442     78.7728    0.471849
          25     80.2062     78.8301    0.456199
          26     84.1216     79.0337    0.483247
          27     82.9032      79.177     0.48659
          28     78.3255     79.1466    0.469875
          29     84.2862     79.3238    0.486792
          30     76.9495     79.2447    0.476899
          31     74.7587     79.0999    0.483425
          32     79.5204     79.1131    0.468259
          33     80.1356     79.1441    0.454904
          34     80.9219     79.1964    0.444409
          35     80.8177     79.2427    0.434004
          36     78.9008     79.2332    0.421883
          37     79.7143     79.2462    0.410528
          38     81.6311      79.309    0.404478
          39     74.7296     79.1915    0.411096
          40     79.6864     79.2039    0.400878
          41     82.3912     79.2816    0.398631
          42     78.7119     79.2681    0.389261
          43     76.3689     79.2007    0.386034
          44     82.9278     79.2854    0.386554
          45     81.1956     79.3278    0.380243
          46     78.7722     79.3157    0.372081
          47       79.56     79.3209    0.364115
          48     80.5405     79.3463    0.357353
          49      79.424     79.3479    0.349988
          50      83.053      79.422    0.350832
