           1   -0.613098   -0.613098           0
           2   -0.614933   -0.614015   0.0009176
           3   -0.613832   -0.613954 0.000533285
           4   -0.611846   -0.613427 0.000647962
           5   -0.613208   -0.613383  0.00050382
           6   -0.613531   -0.613408 0.000412105
           7   -0.613197   -0.613378 0.000349597
           8   -0.613698   -0.613418 0.000305387
           9   -0.614608    -0.61355 0.000300042
          10    -0.61551   -0.613746  0.00033234
          11   -0.615045   -0.613864 0.000322967
          12   -0.612614    -0.61376 0.000312681
          13    -0.61432   -0.613803 0.000290832
          14   -0.614965   -0.613886 0.000281755
          15   -0.614642   -0.613936 0.000267092
          16   -0.614232   -0.613955 0.000250524
          17   -0.612723   -0.613882 0.000246227
          18   -0.612758    -0.61382 0.000240398
          19   -0.611904   -0.613719 0.000248751
          20   -0.612656   -0.613666 0.000241899
          21    -0.61308   -0.613638 0.000231777
          22   -0.612699   -0.613595 0.000225074
          23   -0.613414   -0.613588  0.00021521
          24   -0.613034   -0.613564 0.000207336
          25   -0.611666   -0.613489 0.000212881
          26   -0.613821   -0.613501 0.000204929
          27   -0.612738   -0.613473 0.000199211
          28   -0.613666    -0.61348 0.000192088
          29   -0.612802   -0.613456 0.000186815
          30   -0.615462   -0.613523 0.000192468
          31   -0.613534   -0.613524 0.000186157
          32   -0.612421   -0.613489 0.000183511
          33     -0.6132    -0.61348 0.000178079
          34   -0.613461    -0.61348 0.000172763
          35   -0.613734   -0.613487 0.000167912
          36   -0.614024   -0.613502 0.000163861
          37   -0.615427   -0.613554 0.000167649
          38   -0.612587   -0.613529 0.000165149
          39   -0.613024   -0.613516 0.000161379
          40   -0.612312   -0.613486 0.000160145
          41   -0.613445   -0.613485 0.000156194
          42   -0.612328   -0.613457 0.000154897
          43   -0.611294   -0.613407 0.000159395
          44   -0.612077   -0.613377 0.000158637
          45   -0.614138   -0.613393 0.000155991
          46   -0.614138    -0.61341 0.000153417
          47   -0.615128   -0.613446 0.000154506
          48    -0.61172    -0.61341 0.000155469
          49   -0.612603   -0.613394 0.000153152
          50    -0.61433   -0.613413  0.00015122
