           1   -0.625474   -0.625474           0
           2   -0.625422   -0.625448    2.56e-05
           3   -0.626168   -0.625688 0.000240455
           4   -0.624423   -0.625372 0.000359015
           5   -0.625435   -0.625384 0.000278381
           6   -0.625934   -0.625476  0.00024503
           7   -0.626798   -0.625665 0.000280311
           8   -0.625011   -0.625583  0.00025614
           9    -0.62581   -0.625608 0.000227301
          10   -0.625186   -0.625566 0.000207655
          11   -0.626834   -0.625681 0.000220355
          12   -0.626469   -0.625747 0.000211588
          13   -0.624309   -0.625636 0.000223877
          14   -0.625282   -0.625611 0.000208813
          15   -0.625284   -0.625589 0.000195613
          16   -0.625194   -0.625564 0.000184643
          17   -0.625951   -0.625587 0.000174927
          18   -0.627018   -0.625667 0.000183068
          19    -0.62425   -0.625592 0.000188528
          20   -0.625396   -0.625582 0.000179122
          21   -0.625504   -0.625579  0.00017042
          22   -0.625235   -0.625563 0.000163237
          23   -0.625378   -0.625555 0.000156185
          24   -0.626432   -0.625592 0.000153936
          25   -0.625268   -0.625579 0.000148216
          26   -0.625418   -0.625572 0.000142535
          27   -0.624846   -0.625546 0.000139765
          28   -0.626751   -0.625589 0.000141397
          29   -0.625042    -0.62557 0.000137728
          30    -0.62486   -0.625546 0.000135145
          31    -0.62508   -0.625531 0.000131575
          32   -0.625007   -0.625515 0.000128444
          33   -0.625402   -0.625511 0.000124538
          34   -0.625874   -0.625522  0.00012129
          35   -0.624995   -0.625507 0.000118732
          36   -0.625117   -0.625496 0.000115894
          37   -0.625551   -0.625498 0.000112728
          38   -0.625702   -0.625503 0.000109853
          39   -0.625177   -0.625495 0.000107325
          40   -0.625428   -0.625493 0.000104621
          41   -0.625299   -0.625488 0.000102147
          42    -0.62664   -0.625516 0.000103389
          43   -0.625072   -0.625505 0.000101481
          44   -0.625624   -0.625508 9.91848e-05
          45    -0.62567   -0.625512 9.70221e-05
          46   -0.625646   -0.625515 9.49342e-05
          47   -0.624818     -0.6255 9.40657e-05
          48   -0.625683   -0.625504 9.21645e-05
          49   -0.624331    -0.62548 9.33808e-05
          50    -0.62479   -0.625466  9.2529e-05
          51   -0.625481   -0.625466  9.0697e-05
          52   -0.624832   -0.625454 8.97678e-05
          53   -0.625599   -0.625457 8.81005e-05
          54   -0.625303   -0.625454 8.65003e-05
          55   -0.625421   -0.625453 8.49151e-05
          56   -0.625346   -0.625451 8.34071e-05
          57   -0.625126   -0.625446 8.21288e-05
          58   -0.624891   -0.625436 8.12644e-05
          59   -0.626448   -0.625453  8.1696e-05
          60   -0.625071   -0.625447 8.05748e-05
          61   -0.625263   -0.625444    7.93e-05
          62   -0.624741   -0.625432 7.88302e-05
          63   -0.625087   -0.625427 7.77622e-05
          64   -0.625019   -0.625421 7.68022e-05
          65   -0.624409   -0.625405 7.71971e-05
          66    -0.62617   -0.625417 7.68979e-05
          67    -0.62535   -0.625416 7.57479e-05
          68    -0.62439   -0.625401 7.61358e-05
          69   -0.625322   -0.625399  7.5033e-05
          70   -0.625626   -0.625403 7.40244e-05
          71   -0.625822   -0.625409 7.32125e-05
          72   -0.625403   -0.625408 7.21886e-05
          73   -0.625098   -0.625404 7.13194e-05
          74   -0.625787   -0.625409 7.05391e-05
          75   -0.625037   -0.625404 6.97694e-05
          76   -0.625475   -0.625405 6.88515e-05
          77   -0.625051   -0.625401  6.8107e-05
          78   -0.626074   -0.625409 6.77806e-05
          79   -0.625311   -0.625408 6.69286e-05
          80   -0.625945   -0.625415 6.64263e-05
          81   -0.624756   -0.625407 6.61035e-05
          82   -0.624695   -0.625398 6.58664e-05
          83   -0.625646   -0.625401 6.51368e-05
          84   -0.625311     -0.6254 6.43655e-05
          85   -0.625794   -0.625405 6.37722e-05
          86   -0.626386   -0.625416 6.40518e-05
          87   -0.624978   -0.625411 6.35108e-05
          88   -0.625068   -0.625407 6.29058e-05
          89    -0.62535   -0.625406 6.21984e-05
          90   -0.625571   -0.625408 6.15306e-05
          91   -0.626327   -0.625418 6.16829e-05
          92   -0.626447    -0.62543 6.20252e-05
          93   -0.625703   -0.625433 6.14251e-05
          94   -0.625892   -0.625437 6.09644e-05
          95   -0.626579   -0.625449 6.15051e-05
          96   -0.625909   -0.625454 6.10488e-05
          97   -0.625649   -0.625456 6.04495e-05
          98   -0.625599   -0.625458 5.98473e-05
          99   -0.625894   -0.625462 5.94037e-05
         100   -0.626566   -0.625473 5.98346e-05
