           1   0.0269576   0.0269576           0
           2   0.0319064    0.029432   0.0024744
           3   0.0311608   0.0300083  0.00154044
           4   0.0303592    0.030096  0.00109279
           5   0.0266032   0.0293974  0.00109749
           6   0.0279472   0.0291557 0.000928126
           7   0.0334008   0.0297622 0.000991497
           8   0.0362696   0.0305756  0.00118278
           9    0.030576   0.0305756  0.00104311
          10    0.030956   0.0306137 0.000933763
          11   0.0305448   0.0306074 0.000844644
          12   0.0279072   0.0303824 0.000803214
          13   0.0252376   0.0299866 0.000838164
          14    0.031384   0.0300865 0.000782382
          15   0.0279944    0.029947 0.000741591
          16   0.0330832    0.030143 0.000720857
          17    0.028708   0.0300586 0.000682368
          18    0.028124   0.0299511 0.000652259
          19   0.0295728   0.0299312 0.000617296
          20   0.0259672    0.029733 0.000618249
          21    0.024012   0.0294606  0.00064811
          22    0.029916   0.0294813 0.000618295
          23   0.0313152    0.029561 0.000596158
          24   0.0245768   0.0293533 0.000607385
          25   0.0300728   0.0293821 0.000583293
          26   0.0338128   0.0295525 0.000585747
          27   0.0270448   0.0294596 0.000571237
          28   0.0262832   0.0293462 0.000562026
          29   0.0306432   0.0293909  0.00054414
          30   0.0264776   0.0292938 0.000534584
          31   0.0343856   0.0294581 0.000542514
          32   0.0298216   0.0294694 0.000525409
          33   0.0304672   0.0294997 0.000510136
          34   0.0325928   0.0295906 0.000503197
          35   0.0306088   0.0296197 0.000489473
          36   0.0257432    0.029512 0.000487718
          37   0.0325848   0.0295951 0.000481569
          38     0.02476   0.0294679 0.000485688
          39   0.0279968   0.0294301 0.000474571
          40   0.0342664    0.029551 0.000478096
          41   0.0262312   0.0294701 0.000473267
          42   0.0286544   0.0294506  0.00046227
          43   0.0351288   0.0295827  0.00047031
          44   0.0264416   0.0295113 0.000465009
          45   0.0238248   0.0293849 0.000471796
          46   0.0304272   0.0294076 0.000461982
          47      0.0314     0.02945 0.000454029
          48   0.0303992   0.0294698 0.000444909
          49   0.0298544   0.0294776 0.000435805
          50   0.0277024   0.0294421 0.000428474
