           1      4.5598      4.5598           0
           2     4.77889     4.66935    0.109545
           3       4.589     4.64256   0.0686826
           4     4.65512      4.6457   0.0486673
           5     4.78046     4.67265   0.0463406
           6     4.83768     4.70016   0.0467772
           7     4.58628     4.68389   0.0427504
           8     4.69601     4.68541    0.037054
           9     4.73116     4.69049   0.0330717
          10     4.74963      4.6964   0.0301655
          11      4.7585     4.70205   0.0278636
          12     4.65836     4.69841   0.0256951
          13     4.63159     4.69327   0.0241885
          14     4.52334     4.68113    0.025472
          15     4.67526     4.68074   0.0237164
          16     4.63819     4.67808   0.0223434
          17     4.76497     4.68319   0.0216014
          18     4.73024      4.6858    0.020533
          19     4.77787     4.69065   0.0200175
          20     4.63775     4.68801   0.0191736
          21     4.71107      4.6891   0.0182708
          22     4.67158     4.68831   0.0174387
          23     4.88626     4.69691   0.0187547
          24     4.70344     4.69719   0.0179583
          25     4.67498      4.6963   0.0172479
          26     4.79912     4.70025   0.0170366
          27     4.66318     4.69888   0.0164509
          28     4.63265     4.69651   0.0160279
          29     4.68597     4.69615   0.0154697
          30     4.61134     4.69332   0.0152102
          31     4.57216     4.68941   0.0152217
          32     4.71779      4.6903    0.014765
          33     4.64103     4.68881   0.0143882
          34     4.65885     4.68793   0.0139864
          35     4.63211     4.68633   0.0136742
          36     4.52082     4.68174   0.0140618
          37     4.70512     4.68237   0.0136911
          38     4.64069     4.68127    0.013371
          39     4.64394     4.68031   0.0130587
          40     4.70531     4.68094   0.0127434
          41     4.69662     4.68132   0.0124346
          42     4.71681     4.68217   0.0121643
          43     4.68298     4.68218   0.0118781
          44      4.6986     4.68256    0.011611
          45     4.61112     4.68097   0.0114605
          46     4.67171     4.68077   0.0112104
          47     4.74247     4.68208   0.0110476
          48     4.71819     4.68283   0.0108411
          49     4.65407     4.68225   0.0106337
          50     4.82755     4.68515   0.0108166
