           1   0.0379508   0.0379508           0
           2   0.0360948   0.0370228    0.000928
           3   0.0364976   0.0368477 0.000563657
           4   0.0381876   0.0371827 0.000520632
           5   0.0342576   0.0365977 0.000710551
           6   0.0400756   0.0371773 0.000820114
           7   0.0351136   0.0368825 0.000753218
           8     0.03701   0.0368984   0.0006525
           9   0.0342532   0.0366045 0.000646167
          10   0.0339808   0.0363422 0.000634716
          11    0.038356   0.0365252 0.000602606
          12    0.037734    0.036626 0.000559248
          13   0.0343444   0.0364505 0.000543547
          14   0.0356704   0.0363947 0.000506302
          15   0.0351728   0.0363133 0.000478329
          16   0.0343324   0.0361895 0.000464249
          17    0.036922   0.0362326 0.000438209
          18   0.0371612   0.0362842 0.000416356
          19   0.0355892   0.0362476 0.000395529
          20    0.034886   0.0361795 0.000381357
          21    0.035784   0.0361607 0.000363232
          22   0.0362768   0.0361659 0.000346368
          23   0.0336256   0.0360555 0.000348909
          24   0.0336312   0.0359545 0.000348993
          25   0.0335544   0.0358585 0.000348237
          26    0.038728   0.0359688 0.000352309
          27    0.031872   0.0358171 0.000371417
          28    0.031462   0.0356616 0.000390243
          29   0.0326152   0.0355565 0.000390925
          30   0.0332676   0.0354802 0.000385299
          31   0.0399068    0.035623 0.000399083
          32     0.03648   0.0356498 0.000387337
          33   0.0399224   0.0357793 0.000397115
          34   0.0348748   0.0357527 0.000386176
          35   0.0355316   0.0357464 0.000375033
          36   0.0354324   0.0357376 0.000364571
          37   0.0375532   0.0357867  0.00035796
          38    0.036224   0.0357982 0.000348603
          39   0.0377836   0.0358491 0.000343342
          40   0.0360716   0.0358547 0.000334694
          41   0.0390636   0.0359329 0.000335681
          42   0.0333868   0.0358723 0.000333153
          43    0.040066   0.0359699 0.000339617
          44   0.0344032   0.0359342 0.000333714
          45   0.0373368   0.0359654 0.000327699
          46   0.0397624    0.036048 0.000330955
          47   0.0382348   0.0360945 0.000327162
          48   0.0370868   0.0361152 0.000320941
          49   0.0344428    0.036081  0.00031617
          50   0.0362948   0.0360853 0.000309812
          51   0.0356064   0.0360759 0.000303821
          52   0.0372396   0.0360983 0.000298761
          53   0.0355976   0.0360888 0.000293222
          54   0.0369456   0.0361047 0.000288177
          55    0.038004   0.0361392 0.000284989
          56    0.038178   0.0361757 0.000282212
          57   0.0352356   0.0361592 0.000277707
          58   0.0373224   0.0361792 0.000273613
          59   0.0358824   0.0361742 0.000268982
          60   0.0332592   0.0361256 0.000268887
          61   0.0363928     0.03613 0.000264478
          62   0.0338288   0.0360929 0.000262812
          63   0.0352116   0.0360789 0.000258984
          64   0.0377468   0.0361049 0.000256235
          65   0.0401848   0.0361677 0.000259953
          66    0.036218   0.0361685 0.000255985
          67   0.0361128   0.0361676 0.000252137
          68   0.0354292   0.0361568 0.000248639
          69   0.0328216   0.0361084 0.000249731
          70    0.035132   0.0360945 0.000246533
          71   0.0392104   0.0361384 0.000246966
          72     0.03645   0.0361427  0.00024355
          73   0.0361024   0.0361422 0.000240192
          74   0.0407952    0.036205 0.000245125
          75   0.0365968   0.0362103 0.000241891
          76   0.0373568   0.0362253 0.000239164
          77    0.036162   0.0362245 0.000236039
          78   0.0363936   0.0362267 0.000233003
          79   0.0356236   0.0362191 0.000230161
          80   0.0350108   0.0362039 0.000227767
          81    0.036226   0.0362042 0.000224938
          82   0.0358492   0.0361999  0.00022222
          83    0.035944   0.0361968 0.000219548
          84   0.0385196   0.0362245 0.000218674
          85   0.0353924   0.0362147 0.000216308
          86    0.037572   0.0362305  0.00021436
          87     0.03651   0.0362337 0.000211906
          88   0.0379584   0.0362533 0.000210399
          89   0.0373652   0.0362658 0.000208396
          90   0.0350496   0.0362522  0.00020651
          91   0.0364476   0.0362544  0.00020424
          92    0.032678   0.0362155 0.000205714
          93   0.0357144   0.0362101 0.000203561
          94   0.0328456   0.0361743  0.00020454
          95   0.0352004   0.0361641 0.000202635
          96   0.0338624   0.0361401 0.000201941
          97   0.0368964   0.0361479 0.000200001
          98    0.036068   0.0361471 0.000197951
          99   0.0356548   0.0361421 0.000196004
         100   0.0371504   0.0361522 0.000194296
