           1   -0.961691   -0.961691           0
           2   -0.958846   -0.960268   0.0014228
           3   -0.959976   -0.960171 0.000827216
           4    -0.96026   -0.960193 0.000585354
           5   -0.962043   -0.960563 0.000585221
           6   -0.961916   -0.960789 0.000528354
           7   -0.958899   -0.960519 0.000521783
           8   -0.960022   -0.960457  0.00045613
           9   -0.961386    -0.96056 0.000415301
          10   -0.960858    -0.96059 0.000372655
          11   -0.962519   -0.960765 0.000379988
          12   -0.958862   -0.960606 0.000381428
          13   -0.961366   -0.960665 0.000355699
          14   -0.962244   -0.960778 0.000348094
          15   -0.963531   -0.960961 0.000372438
          16   -0.962641   -0.961066 0.000363854
          17   -0.960462   -0.961031 0.000343627
          18    -0.96364   -0.961176 0.000354928
          19   -0.960858   -0.961159 0.000336145
          20   -0.958937   -0.961048 0.000337696
          21   -0.957133   -0.960861 0.000371394
          22    -0.96149    -0.96089 0.000355262
          23   -0.960887    -0.96089 0.000339465
          24   -0.963269   -0.960989 0.000339792
          25   -0.961945   -0.961027 0.000328152
          26   -0.961815   -0.961058 0.000316732
          27   -0.958569   -0.960965 0.000318409
          28   -0.961894   -0.960999 0.000308615
          29    -0.96134    -0.96101 0.000298016
          30   -0.959141   -0.960948 0.000294578
          31   -0.960082    -0.96092 0.000286284
          32   -0.959206   -0.960866 0.000282324
          33   -0.960848   -0.960866 0.000273635
          34   -0.960006   -0.960841 0.000266668
          35   -0.958254   -0.960767 0.000269274
          36    -0.96071   -0.960765 0.000261692
          37    -0.96095    -0.96077  0.00025457
          38   -0.963322   -0.960837 0.000256722
          39   -0.959287   -0.960798 0.000253192
          40   -0.960325   -0.960786 0.000247063
          41   -0.960454   -0.960778 0.000241098
          42   -0.964139   -0.960858 0.000248528
          43   -0.958288   -0.960798 0.000249929
          44    -0.95997   -0.960779 0.000244906
          45   -0.960371    -0.96077 0.000239573
          46   -0.961526   -0.960786 0.000234883
          47   -0.958435   -0.960736 0.000235213
          48   -0.964214   -0.960809 0.000241387
          49   -0.960896   -0.960811 0.000236416
          50   -0.960967   -0.960814 0.000231661
          51   -0.961784   -0.960833 0.000227868
          52   -0.960294   -0.960822 0.000223683
          53   -0.958796   -0.960784 0.000222728
          54   -0.960518   -0.960779  0.00021862
          55   -0.961182   -0.960787 0.000214733
          56   -0.962979   -0.960826 0.000214468
          57   -0.959926    -0.96081 0.000211263
          58   -0.963063   -0.960849 0.000211192
          59   -0.958151   -0.960803 0.000212558
          60   -0.961153   -0.960809 0.000209066
          61    -0.95937   -0.960785 0.000206959
          62   -0.960082   -0.960774 0.000203909
          63   -0.963214   -0.960813 0.000204349
          64    -0.96277   -0.960843 0.000203442
          65   -0.958697    -0.96081 0.000202991
          66   -0.959011   -0.960783 0.000201742
          67   -0.961122   -0.960788 0.000198773
          68   -0.962911   -0.960819 0.000198301
          69   -0.962416   -0.960842 0.000196771
          70   -0.955939   -0.960772 0.000206202
          71   -0.959588   -0.960756  0.00020396
          72   -0.961897   -0.960772 0.000201731
          73   -0.960941   -0.960774 0.000198962
          74   -0.960188   -0.960766 0.000196414
          75   -0.959532    -0.96075 0.000194475
          76   -0.961927   -0.960765 0.000192524
          77   -0.960224   -0.960758 0.000190137
          78   -0.962997   -0.960787 0.000189865
          79   -0.957762   -0.960748 0.000191316
          80    -0.96123   -0.960754 0.000189005
          81   -0.963801   -0.960792 0.000190409
          82   -0.962032   -0.960807 0.000188679
          83   -0.960586   -0.960804 0.000186411
          84   -0.959844   -0.960793 0.000184533
          85    -0.96222    -0.96081 0.000183121
          86   -0.960406   -0.960805 0.000181039
          87   -0.959406   -0.960789 0.000179667
          88   -0.959542   -0.960775 0.000178179
          89   -0.961994   -0.960789 0.000176697
          90   -0.958868   -0.960767 0.000176021
          91    -0.95975   -0.960756 0.000174434
          92   -0.962495   -0.960775  0.00017356
          93   -0.962512   -0.960794 0.000172697
          94    -0.95963   -0.960781 0.000171297
          95   -0.963322   -0.960808 0.000171582
          96    -0.96286   -0.960829 0.000171126
          97   -0.963495   -0.960857 0.000171568
          98   -0.961207    -0.96086 0.000169846
          99   -0.962848   -0.960881 0.000169316
         100   -0.960406   -0.960876 0.000167681
