           1   0.0415144   0.0415144           0
           2   0.0420336    0.041774   0.0002596
           3   0.0405512   0.0413664 0.000434283
           4   0.0447056   0.0422012  0.00088949
           5   0.0390768   0.0415763 0.000930156
           6   0.0432744   0.0418593 0.000810488
           7   0.0434168   0.0420818 0.000720216
           8   0.0442944   0.0423584 0.000682294
           9   0.0424744   0.0423713 0.000601865
          10   0.0392616   0.0420603 0.000621687
          11   0.0356776   0.0414801 0.000808028
          12    0.040744   0.0414187 0.000740172
          13   0.0404728    0.041346 0.000684736
          14   0.0356248   0.0409373 0.000754243
          15     0.04866   0.0414522 0.000870688
          16    0.040588   0.0413982 0.000816243
          17   0.0463776   0.0416911 0.000820771
          18   0.0434456   0.0417885 0.000779945
          19   0.0470224    0.042064 0.000787505
          20   0.0422208   0.0420718 0.000747134
          21   0.0393576   0.0419426 0.000722323
          22   0.0419344   0.0419422 0.000688709
          23   0.0423976    0.041962 0.000658382
          24   0.0392016    0.041847  0.00064076
          25      0.0433   0.0419051 0.000617337
          26   0.0477352   0.0421294  0.00063409
          27   0.0414328   0.0421036 0.000610699
          28     0.04384   0.0421656 0.000591743
          29   0.0456248   0.0422849   0.0005833
          30    0.043884   0.0423382 0.000566037
          31    0.040436   0.0422768 0.000550901
          32   0.0446768   0.0423518 0.000538655
          33   0.0396984   0.0422714 0.000528232
          34   0.0452192   0.0423581 0.000519743
          35   0.0386832   0.0422531 0.000515481
          36   0.0355568   0.0420671 0.000534376
          37   0.0386936   0.0419759 0.000527669
          38    0.043812   0.0420242 0.000515863
          39   0.0416136   0.0420137 0.000502572
          40   0.0362528   0.0418697 0.000510581
          41   0.0492864   0.0420506  0.00052981
          42   0.0389208   0.0419761 0.000522384
          43   0.0393784   0.0419156 0.000513656
          44    0.044608   0.0419768 0.000505563
          45   0.0441176   0.0420244 0.000496485
          46   0.0443712   0.0420754 0.000488245
          47   0.0468608   0.0421772 0.000488473
          48   0.0427128   0.0421884 0.000478318
          49   0.0426288   0.0421974 0.000468541
          50   0.0435704   0.0422248 0.000459895
