           1   -0.782557   -0.782557           0
           2   -0.783798   -0.783178   0.0006208
           3   -0.783549   -0.783301 0.000379176
           4   -0.784638   -0.783636 0.000428511
           5   -0.784371   -0.783783 0.000363066
           6   -0.783074   -0.783665 0.000319133
           7   -0.782115   -0.783443 0.000348906
           8   -0.784357   -0.783557 0.000323022
           9   -0.783765    -0.78358 0.000285809
          10    -0.78284   -0.783506 0.000266143
          11   -0.781643   -0.783337 0.000294353
          12   -0.781384   -0.783174 0.000314152
          13   -0.782978   -0.783159 0.000289373
          14   -0.782117   -0.783085  0.00027806
          15   -0.783421   -0.783107 0.000259828
          16   -0.782968   -0.783098 0.000243202
          17   -0.781013   -0.782976 0.000259307
          18   -0.782421   -0.782945 0.000246413
          19   -0.784512   -0.783027 0.000247246
          20      -0.783   -0.783026 0.000234562
          21   -0.784565   -0.783099 0.000234838
          22   -0.782613   -0.783077 0.000224998
          23   -0.782952   -0.783072 0.000215062
          24    -0.78115   -0.782992 0.000220921
          25   -0.784437   -0.783049 0.000219643
          26    -0.78195   -0.783007 0.000215219
          27   -0.782315   -0.782982 0.000208674
          28    -0.78243   -0.782962 0.000202045
          29   -0.783493    -0.78298 0.000195811
          30   -0.783066   -0.782983 0.000189193
          31   -0.781653    -0.78294 0.000187952
          32   -0.782797   -0.782936 0.000182039
          33   -0.782733    -0.78293 0.000176543
          34   -0.782662   -0.782922 0.000171452
          35   -0.785205   -0.782987 0.000178806
          36   -0.783365   -0.782997 0.000174085
          37   -0.783022   -0.782998 0.000169316
          38   -0.783629   -0.783015 0.000165634
          39   -0.782176   -0.782993 0.000162758
          40   -0.783224   -0.782999 0.000158741
          41   -0.782894   -0.782996 0.000154842
          42   -0.781854   -0.782969 0.000153537
          43   -0.781072   -0.782925 0.000156281
          44   -0.783928   -0.782948  0.00015438
          45   -0.784765   -0.782988 0.000156219
          46   -0.784011    -0.78301 0.000154395
          47   -0.783614   -0.783023  0.00015162
          48   -0.782587   -0.783014 0.000148705
          49   -0.783242   -0.783019 0.000145713
          50    -0.78335   -0.783026 0.000142922
