           1   0.0361024   0.0361024           0
           2   0.0362952   0.0361988    9.64e-05
           3   0.0367656   0.0363877 0.000196961
           4    0.043188   0.0380878  0.00170576
           5   0.0433976   0.0391498  0.00169515
           6    0.035188   0.0384895  0.00153352
           7   0.0383888   0.0384751  0.00129614
           8    0.036328   0.0382067  0.00115413
           9   0.0353536   0.0378897  0.00106607
          10   0.0328744   0.0373882  0.00107737
          11    0.036216   0.0372816 0.000980331
          12   0.0379216   0.0373349 0.000896503
          13   0.0378272   0.0373728 0.000825532
          14   0.0362392   0.0372918 0.000768571
          15    0.037248   0.0372889 0.000715507
          16   0.0376008   0.0373084 0.000669579
          17     0.03858   0.0373832 0.000633392
          18   0.0332384   0.0371529 0.000640025
          19   0.0413024   0.0373713  0.00064359
          20   0.0437912   0.0376923   0.0006898
          21    0.036648   0.0376426 0.000658013
          22   0.0390856   0.0377082  0.00063081
          23   0.0391888   0.0377726 0.000606188
          24   0.0397624   0.0378555 0.000586273
          25   0.0340608   0.0377037 0.000582458
          26     0.04326   0.0379174 0.000599025
          27   0.0335288   0.0377548 0.000598891
          28   0.0335344   0.0376041 0.000596465
          29    0.042708   0.0377801 0.000601838
          30   0.0416472    0.037909 0.000595548
          31   0.0360432   0.0378488 0.000579153
          32   0.0386792   0.0378748 0.000561362
          33    0.039392   0.0379208 0.000546024
          34   0.0390392   0.0379536 0.000530742
          35   0.0416072    0.038058 0.000525821
          36   0.0350528   0.0379746 0.000517779
          37    0.033104   0.0378429 0.000520511
          38   0.0417376   0.0379454 0.000516892
          39   0.0410776   0.0380257 0.000509829
          40   0.0418704   0.0381218  0.00050613
          41   0.0368144     0.03809  0.00049466
          42   0.0375344   0.0380767  0.00048292
          43   0.0366776   0.0380442 0.000472677
          44   0.0405704   0.0381016 0.000465365
          45   0.0370576   0.0380784 0.000455497
          46   0.0410624   0.0381433 0.000450183
          47   0.0439824   0.0382675 0.000457685
          48   0.0401008   0.0383057 0.000449673
          49    0.038804   0.0383159 0.000440518
          50   0.0380624   0.0383108 0.000431648
