           1   0.0315224   0.0315224           0
           2   0.0337048   0.0326136   0.0010912
           3   0.0361016   0.0337763  0.00132238
           4   0.0374496   0.0346946  0.00131061
           5   0.0346328   0.0346822  0.00101527
           6   0.0326408    0.034342 0.000896069
           7   0.0329096   0.0341374 0.000784475
           8   0.0357776   0.0343424 0.000709639
           9   0.0366416   0.0345979 0.000675975
          10   0.0317608   0.0343142 0.000667865
          11   0.0326272   0.0341608 0.000623269
          12   0.0366528   0.0343685 0.000605678
          13    0.036308   0.0345177 0.000576773
          14    0.029588   0.0341655 0.000639633
          15   0.0333624    0.034112 0.000597868
          16   0.0395784   0.0344537 0.000655355
          17   0.0334144   0.0343925 0.000618627
          18   0.0295016   0.0341208 0.000643434
          19    0.039948   0.0344275 0.000681535
          20   0.0317904   0.0342956 0.000659868
          21   0.0367528   0.0344126 0.000638473
          22   0.0350688   0.0344425  0.00060949
          23    0.031804   0.0343278 0.000593579
          24   0.0321848   0.0342385  0.00057528
          25    0.038384   0.0344043 0.000576167
          26   0.0356376   0.0344517 0.000555592
          27   0.0327256   0.0343878 0.000538427
          28    0.034624   0.0343962  0.00051891
          29   0.0353048   0.0344276 0.000501676
          30   0.0354976   0.0344632 0.000485976
          31   0.0362752   0.0345217 0.000473658
          32   0.0375744   0.0346171 0.000468435
          33   0.0357304   0.0346508 0.000455269
          34   0.0338272   0.0346266  0.00044234
          35   0.0351912   0.0346427 0.000429819
          36   0.0380704   0.0347379 0.000428423
          37     0.03428   0.0347256 0.000416867
          38   0.0340368   0.0347074 0.000406153
          39   0.0350328   0.0347158  0.00039569
          40   0.0348616   0.0347194 0.000385688
          41   0.0385536   0.0348129 0.000387613
          42   0.0309176   0.0347202 0.000389476
          43   0.0344616   0.0347142 0.000380358
          44   0.0341896   0.0347023 0.000371804
          45    0.038328   0.0347828 0.000372272
          46   0.0372696   0.0348369 0.000368081
          47   0.0347896   0.0348359 0.000360165
          48   0.0362896   0.0348662  0.00035388
          49   0.0343992   0.0348566 0.000346714
          50     0.03428   0.0348451 0.000339905
