           1    0.222214    0.222214           0
           2       0.223    0.222607 0.000392995
           3    0.220669    0.221961 0.000684559
           4    0.219425    0.221327  0.00079763
           5    0.221578    0.221377 0.000619883
           6    0.221282    0.221361 0.000506379
           7    0.220602    0.221253 0.000441497
           8    0.222318    0.221386 0.000404861
           9    0.220342     0.22127 0.000375428
          10    0.220882    0.221231 0.000338024
          11    0.222346    0.221332 0.000322114
          12    0.220915    0.221298 0.000296102
          13    0.223008    0.221429 0.000302501
          14    0.222023    0.221472  0.00028325
          15    0.221297     0.22146 0.000263947
          16     0.22054    0.221402 0.000253507
          17    0.221401    0.221402 0.000238128
          18    0.220082    0.221329 0.000236195
          19     0.22178    0.221353 0.000224675
          20    0.219311    0.221251  0.00023633
          21    0.219467    0.221166 0.000240301
          22    0.219134    0.221073 0.000247026
          23    0.221381    0.221087  0.00023642
          24    0.220739    0.221072 0.000226819
          25    0.220668    0.221056 0.000218158
          26     0.21891    0.220974 0.000225271
          27    0.224271    0.221096 0.000248807
          28    0.223118    0.221168 0.000250397
          29    0.221561    0.221181 0.000241989
          30    0.222095    0.221212 0.000235758
          31    0.220871    0.221201 0.000228292
          32    0.221156      0.2212 0.000221047
          33    0.220467    0.221177 0.000215391
          34    0.220391    0.221154 0.000210237
          35    0.220934    0.221148 0.000204238
          36    0.220115    0.221119 0.000200546
          37     0.22366    0.221188 0.000206788
          38    0.220596    0.221172 0.000201874
          39    0.223461    0.221231 0.000205201
          40    0.222265    0.221257 0.000201668
          41    0.221129    0.221254 0.000196712
          42    0.222177    0.221276 0.000193225
          43    0.221036     0.22127  0.00018876
          44    0.220411    0.221251 0.000185451
          45    0.222525    0.221279  0.00018348
          46    0.223367    0.221324 0.000185101
          47    0.220298    0.221302 0.000182432
          48    0.220717     0.22129 0.000179007
          49    0.220681    0.221278 0.000175757
          50    0.222313    0.221299 0.000173446
