           1    0.434025    0.434025           0
           2    0.433835     0.43393 9.47403e-05
           3    0.444011    0.437291  0.00336083
           4    0.426896    0.434692  0.00352147
           5    0.416974    0.431148  0.00447184
           6    0.440526    0.432711  0.00397172
           7    0.432339    0.432658  0.00335714
           8    0.446026    0.434329  0.00335339
           9    0.426608    0.433471  0.00307932
          10    0.426582    0.432782  0.00283908
          11    0.418085    0.431446  0.00289482
          12    0.436825    0.431894  0.00268034
          13    0.449367    0.433238  0.00280808
          14    0.432749    0.433204  0.00260001
          15     0.43324    0.433206  0.00242048
          16     0.44227    0.433772  0.00233395
          17    0.423404    0.433163  0.00227562
          18    0.432949    0.433151  0.00214551
          19    0.428276    0.432894   0.0020456
          20    0.420234    0.432261  0.00204126
          21    0.441101    0.432682  0.00198673
          22    0.419007     0.43206  0.00199365
          23    0.440678    0.432435   0.0019415
          24     0.42483    0.432118  0.00188566
          25    0.434906     0.43223  0.00181209
          26    0.429585    0.432128  0.00174397
          27    0.414052    0.431459  0.00180676
          28    0.445776     0.43197  0.00181457
          29    0.433082    0.432008   0.0017513
          30    0.433102    0.432045  0.00169231
          31    0.444853    0.432458  0.00168815
          32    0.428727    0.432341   0.0016387
          33    0.422114    0.432031  0.00161822
          34    0.441636    0.432314  0.00159512
          35    0.440509    0.432548  0.00156647
          36    0.422133    0.432259  0.00154958
          37    0.441604    0.432511  0.00152814
          38    0.434567    0.432565  0.00148836
          39      0.4482    0.432966  0.00150411
          40    0.430872    0.432914  0.00146696
          41    0.434507    0.432953  0.00143126
          42    0.431595     0.43292  0.00139714
          43    0.445203    0.433206  0.00139384
          44    0.430492    0.433144  0.00136319
          45    0.419607    0.432844  0.00136609
          46    0.442688    0.433058  0.00135309
          47    0.421621    0.432814  0.00134616
          48     0.44346    0.433036  0.00133635
          49    0.426318    0.432899  0.00131596
          50    0.433656    0.432914  0.00128946
