           1   0.0511228   0.0511228           0
           2   0.0496264   0.0503746   0.0007482
           3   0.0462424   0.0489972  0.00144355
           4   0.0480256   0.0487543  0.00104925
           5    0.051232   0.0492498 0.000951898
           6   0.0463668   0.0487693 0.000913761
           7   0.0498368   0.0489218 0.000787181
           8   0.0493452   0.0489747  0.00068377
           9   0.0488492   0.0489608  0.00060319
          10   0.0528832    0.049353 0.000667025
          11   0.0507256   0.0494778 0.000616115
          12    0.048328    0.049382 0.000570537
          13     0.05163   0.0495549 0.000552572
          14   0.0525224   0.0497669 0.000553755
          15   0.0547812   0.0501012 0.000614416
          16   0.0488632   0.0500238 0.000579918
          17   0.0514084   0.0501052 0.000550793
          18   0.0490788   0.0500482 0.000522415
          19   0.0498956   0.0500402  0.00049422
          20   0.0503208   0.0500542 0.000469068
          21   0.0496848   0.0500366  0.00044652
          22   0.0431732   0.0497247 0.000527809
          23    0.053388   0.0498839 0.000528892
          24   0.0518428   0.0499655 0.000512911
          25   0.0505804   0.0499901 0.000492581
          26   0.0481612   0.0499198 0.000478456
          27   0.0470964   0.0498152 0.000472121
          28   0.0484236   0.0497655 0.000457654
          29   0.0500292   0.0497746 0.000441684
          30   0.0502032   0.0497889 0.000426947
          31   0.0470352   0.0497001 0.000422391
          32   0.0558948   0.0498937  0.00045248
          33   0.0494036   0.0498788 0.000438806
          34   0.0540108   0.0500003 0.000442711
          35   0.0498816   0.0499969  0.00042989
          36   0.0514264   0.0500367  0.00041966
          37   0.0517808   0.0500838 0.000410874
          38     0.04543   0.0499613 0.000418247
          39    0.052568   0.0500282 0.000412828
          40   0.0467568   0.0499464 0.000410602
          41   0.0485244   0.0499117 0.000401962
          42   0.0466028   0.0498329 0.000400107
          43    0.046358   0.0497521 0.000398962
          44    0.050708   0.0497738 0.000390394
          45   0.0475252   0.0497239 0.000384878
          46   0.0455024   0.0496321 0.000387443
          47   0.0492716   0.0496244 0.000379188
          48   0.0480948   0.0495926 0.000372569
          49   0.0518232   0.0496381 0.000367715
          50   0.0464972   0.0495753 0.000365721
          51   0.0510928    0.049605 0.000359711
          52   0.0455572   0.0495272 0.000361213
          53   0.0492868   0.0495226 0.000354362
          54    0.043532   0.0494117 0.000365005
          55   0.0497532   0.0494179 0.000358361
          56   0.0521232   0.0494662 0.000355204
          57   0.0473904   0.0494298 0.000350812
          58   0.0491964   0.0494258 0.000344734
          59    0.051022   0.0494528 0.000339919
          60   0.0530408   0.0495126 0.000339513
          61    0.044868   0.0494365 0.000342472
          62   0.0479544   0.0494126  0.00033775
          63   0.0525096   0.0494617 0.000335962
          64   0.0548156   0.0495454 0.000341088
          65   0.0479644   0.0495211  0.00033668
          66   0.0477432   0.0494941 0.000332632
          67   0.0497772   0.0494984 0.000327657
          68   0.0475016    0.049469 0.000324135
          69   0.0487384   0.0494584 0.000319578
          70   0.0471724   0.0494257 0.000316668
          71   0.0482628   0.0494094 0.000312606
          72    0.053622   0.0494679 0.000313737
          73   0.0475568   0.0494417 0.000310515
          74   0.0508804   0.0494611 0.000306907
          75    0.046688   0.0494242 0.000305036
          76   0.0512996   0.0494488 0.000302006
          77   0.0466456   0.0494124 0.000300273
          78   0.0475056    0.049388 0.000297405
          79   0.0524332   0.0494265 0.000296136
          80   0.0566036   0.0495163 0.000305863
          81    0.051754   0.0495439 0.000303324
          82    0.050336   0.0495535 0.000299758
          83   0.0472028   0.0495252 0.000297476
          84   0.0478344   0.0495051 0.000294602
          85   0.0464576   0.0494692 0.000293314
          86   0.0498788    0.049474 0.000289923
          87   0.0503176   0.0494837 0.000286735
          88   0.0485664   0.0494733  0.00028365
          89   0.0502368   0.0494818 0.000280576
          90   0.0480596    0.049466  0.00027789
          91   0.0526652   0.0495012 0.000277059
          92   0.0497644   0.0495041 0.000274046
          93    0.047632   0.0494839 0.000271829
          94   0.0493904   0.0494829 0.000268924
          95   0.0470972   0.0494578 0.000267261
          96    0.050808   0.0494719 0.000264836
          97   0.0506436    0.049484 0.000262369
          98   0.0534008   0.0495239 0.000262736
          99   0.0509928   0.0495388 0.000260492
         100   0.0511436   0.0495548 0.000258372
