           1     1.75485     1.75485           0
           2     1.74189     1.74837  0.00648158
           3     1.76671     1.75448  0.00716865
           4     1.75181     1.75381  0.00511299
           5     1.75954     1.75496  0.00412267
           6     1.69361     1.74473   0.0107654
           7     1.75384     1.74603  0.00919088
           8     1.71064     1.74161  0.00910658
           9     1.74849     1.74237  0.00806756
          10     1.73967      1.7421  0.00722092
          11     1.75317     1.74311  0.00660862
          12      1.7384     1.74272  0.00604556
          13     1.73751     1.74232  0.00557554
          14     1.73177     1.74156  0.00521668
          15     1.75303     1.74233   0.0049163
          16     1.75971     1.74341  0.00472533
          17     1.74604     1.74357  0.00444136
          18     1.73738     1.74322  0.00420143
          19     1.71219     1.74159  0.00429677
          20     1.73607     1.74132  0.00408561
          21     1.72259     1.74042  0.00398714
          22     1.72987     1.73994  0.00383174
          23     1.71265     1.73876   0.0038489
          24     1.74863     1.73917  0.00370793
          25     1.72788     1.73872  0.00358507
          26     1.70329     1.73735  0.00370409
          27      1.6969     1.73586  0.00386644
          28     1.78034     1.73744  0.00405045
          29     1.72453       1.737  0.00393356
          30     1.70966     1.73609  0.00390791
          31     1.77899     1.73747  0.00402518
          32      1.7226     1.73701  0.00392498
          33     1.73225     1.73686  0.00380692
          34     1.75731     1.73746   0.0037419
          35     1.77188     1.73845  0.00376412
          36     1.75403     1.73888   0.0036836
          37     1.75136     1.73922  0.00359851
          38     1.76051     1.73978  0.00354707
          39     1.74078      1.7398  0.00345502
          40      1.7435      1.7399   0.0033688
          41     1.73266     1.73972  0.00329035
          42     1.76062     1.74022  0.00324937
          43     1.74684     1.74037  0.00317664
          44     1.74849     1.74056  0.00310909
          45     1.75383     1.74085  0.00305349
          46     1.73443     1.74071  0.00298964
          47     1.74993     1.74091   0.0029319
          48     1.76164     1.74134  0.00290248
          49     1.71121     1.74072  0.00290838
          50     1.73267     1.74056  0.00285416
