           1    0.391043    0.391043           0
           2    0.395527    0.393285  0.00224212
           3    0.395332    0.393967  0.00146325
           4    0.400586    0.395622  0.00195144
           5    0.388972    0.394292  0.00201343
           6    0.394757    0.394369  0.00164579
           7    0.397667     0.39484  0.00146855
           8    0.400932    0.395602  0.00148236
           9    0.395888    0.395634   0.0013077
          10    0.403475    0.396418  0.00140818
          11    0.395035    0.396292  0.00127993
          12    0.405247    0.397038  0.00138639
          13    0.391001    0.396574  0.00135721
          14    0.396617    0.396577  0.00125654
          15    0.408191    0.397351  0.00140279
          16    0.395505    0.397236  0.00131726
          17    0.391617    0.396905  0.00128074
          18    0.398585    0.396999  0.00121109
          19    0.400339    0.397174  0.00115899
          20     0.39227    0.396929  0.00112653
          21    0.396922    0.396929  0.00107154
          22    0.395482    0.396863  0.00102379
          23     0.39866    0.396941 0.000981379
          24    0.402321    0.397165 0.000965971
          25    0.394168    0.397046 0.000934254
          26    0.400421    0.397175 0.000906942
          27    0.401828    0.397348 0.000889558
          28    0.400795    0.397471 0.000865996
          29     0.39512     0.39739 0.000839523
          30    0.399571    0.397462  0.00081431
          31    0.395057    0.397385 0.000791417
          32     0.39434     0.39729 0.000772172
          33    0.395664     0.39724 0.000750027
          34    0.392991    0.397115 0.000738287
          35    0.396715    0.397104 0.000716974
          36    0.397611    0.397118 0.000696916
          37     0.40064    0.397213 0.000684469
          38     0.39773    0.397227 0.000666352
          39      0.3963    0.397203 0.000649476
          40    0.390641    0.397039 0.000653942
          41    0.395416    0.396999  0.00063902
          42    0.392281    0.396887 0.000633659
          43    0.393541    0.396809 0.000623621
          44    0.398198    0.396841   0.0006101
          45    0.392816    0.396751 0.000603057
          46    0.399186    0.396804  0.00059217
          47    0.387631    0.396609 0.000611421
          48    0.396836    0.396614 0.000598566
          49    0.394744    0.396576 0.000587463
          50    0.400771     0.39666 0.000581678
