           1     1.35731     1.35731           0
           2     1.34284     1.35008   0.0072328
           3       1.366     1.35539  0.00675497
           4     1.39077     1.36423   0.0100535
           5      1.3436     1.36011  0.00881336
           6     1.35475     1.35921  0.00725119
           7      1.3629     1.35974  0.00615098
           8     1.35554     1.35921  0.00535271
           9     1.37725     1.36122  0.00512856
          10     1.33949     1.35905   0.0050757
          11     1.35821     1.35897  0.00459177
          12     1.34781     1.35804   0.0042937
          13      1.3523      1.3576  0.00397427
          14     1.36625     1.35822  0.00373101
          15     1.34953     1.35764   0.0035213
          16     1.36795     1.35828  0.00335631
          17     1.34767     1.35766  0.00321396
          18     1.35263     1.35738    0.003043
          19      1.3597      1.3575  0.00288098
          20     1.35971     1.35761  0.00273536
          21     1.35935     1.35769  0.00260317
          22     1.33958     1.35687  0.00261499
          23      1.3662     1.35728  0.00253141
          24     1.35229     1.35707  0.00243253
          25     1.35549       1.357  0.00233405
          26     1.37386     1.35765  0.00233432
          27     1.37572     1.35832   0.0023438
          28     1.35954     1.35837  0.00225896
          29     1.35135     1.35812  0.00219307
          30     1.36294     1.35828  0.00212478
          31     1.36298     1.35844  0.00206068
          32     1.36229     1.35856  0.00199888
          33     1.35145     1.35834  0.00194931
          34     1.36523     1.35854  0.00190194
          35      1.3632     1.35868  0.00185158
          36     1.36816     1.35894  0.00181858
          37     1.34925     1.35868  0.00178804
          38     1.36134     1.35875  0.00174176
          39     1.37393     1.35914  0.00174061
          40     1.35577     1.35905  0.00169862
          41      1.3446      1.3587  0.00169375
          42     1.37702     1.35914  0.00170948
          43     1.35788     1.35911  0.00166951
          44     1.37912     1.35956  0.00169333
          45     1.34628     1.35927  0.00168139
          46     1.36109     1.35931  0.00164491
          47     1.35595     1.35924  0.00161111
          48      1.3771     1.35961  0.00162052
          49     1.33991     1.35921  0.00163724
          50     1.36016     1.35922  0.00160427
