           1    -0.47689    -0.47689           0
           2    -0.47832   -0.477605   0.0007152
           3   -0.477918   -0.477709 0.000425947
           4   -0.477534   -0.477666 0.000304349
           5   -0.476926   -0.477518 0.000278269
           6   -0.476955   -0.477424 0.000245791
           7     -0.4776   -0.477449 0.000209247
           8   -0.476808   -0.477369 0.000198145
           9   -0.478117   -0.477452 0.000193495
          10   -0.478173   -0.477524 0.000187474
          11   -0.477278   -0.477502 0.000171042
          12   -0.478235   -0.477563 0.000167674
          13   -0.476827   -0.477506 0.000164293
          14   -0.478246   -0.477559  0.00016103
          15   -0.478222   -0.477603 0.000156294
          16    -0.47827   -0.477645 0.000152027
          17   -0.477541   -0.477639 0.000142936
          18    -0.47747    -0.47763 0.000135087
          19   -0.478558   -0.477678 0.000136811
          20   -0.478488   -0.477719 0.000135955
          21   -0.476875   -0.477679 0.000135417
          22   -0.477158   -0.477655 0.000131264
          23   -0.475589   -0.477565 0.000154283
          24   -0.477274   -0.477553 0.000148214
          25    -0.47828   -0.477582 0.000145104
          26   -0.476528   -0.477542 0.000145188
          27   -0.476549   -0.477505 0.000144466
          28   -0.478264   -0.477532 0.000141826
          29   -0.478246   -0.477557 0.000139048
          30   -0.477184   -0.477544 0.000134906
          31   -0.477755   -0.477551 0.000130659
          32   -0.477981   -0.477564 0.000127221
          33   -0.477442   -0.477561 0.000123362
          34   -0.477202    -0.47755 0.000120144
          35    -0.47709   -0.477537   0.0001174
          36   -0.477352   -0.477532 0.000114208
          37   -0.477285   -0.477525 0.000111279
          38   -0.477704    -0.47753 0.000108413
          39   -0.478317    -0.47755 0.000107507
          40   -0.476667   -0.477528 0.000107085
          41   -0.476763   -0.477509 0.000106093
          42   -0.477416   -0.477507  0.00010356
          43   -0.476755    -0.47749 0.000102624
          44    -0.47737   -0.477487 0.000100301
          45   -0.477275   -0.477482 9.81598e-05
          46   -0.477282   -0.477478 9.61012e-05
          47   -0.476467   -0.477456 9.64615e-05
          48   -0.477422   -0.477456 9.44332e-05
          49   -0.476666    -0.47744 9.38808e-05
          50   -0.478446    -0.47746 9.41625e-05
