           1   0.0590736   0.0590736           0
           2   0.0571816   0.0581276    0.000946
           3   0.0573576   0.0578709 0.000603476
           4   0.0670616   0.0601686  0.00233696
           5    0.063084   0.0607517  0.00190179
           6   0.0552672   0.0598376  0.00180187
           7    0.058704   0.0596757  0.00153145
           8    0.063844   0.0601967  0.00142495
           9    0.067488   0.0610068  0.00149519
          10   0.0526144   0.0601676  0.00157886
          11   0.0541856   0.0596238  0.00152817
          12   0.0552264   0.0592573  0.00144235
          13    0.059808   0.0592997  0.00132745
          14   0.0639208   0.0596298  0.00127253
          15   0.0550216   0.0593226  0.00122385
          16    0.063584   0.0595889  0.00117538
          17   0.0626024   0.0597662  0.00111822
          18     0.06376    0.059988  0.00107736
          19    0.056536   0.0598064  0.00103515
          20   0.0625928   0.0599457 0.000991862
          21   0.0639448   0.0601361 0.000962477
          22   0.0592536    0.060096 0.000918562
          23   0.0638456    0.060259 0.000892728
          24   0.0612248   0.0602993 0.000855669
          25   0.0692152   0.0606559 0.000894866
          26   0.0607744   0.0606605 0.000859772
          27   0.0596632   0.0606235  0.00082814
          28   0.0623208   0.0606841 0.000800314
          29   0.0573128   0.0605679 0.000780926
          30   0.0590408    0.060517 0.000756161
          31   0.0590208   0.0604687 0.000732953
          32   0.0567984    0.060354 0.000718888
          33    0.063128   0.0604381 0.000701815
          34    0.064168   0.0605478 0.000689642
          35   0.0637968   0.0606406 0.000676052
          36   0.0656304   0.0607792 0.000671465
          37   0.0652488      0.0609 0.000664144
          38   0.0634968   0.0609684 0.000650032
          39    0.059632   0.0609341 0.000634072
          40   0.0641216   0.0610138 0.000623133
          41   0.0551968   0.0608719 0.000624086
          42   0.0622272   0.0609042   0.0006099
          43   0.0589232   0.0608581 0.000597326
          44    0.065712   0.0609684 0.000593928
          45   0.0558672   0.0608551 0.000591543
          46   0.0688832   0.0610296 0.000604291
          47    0.059228   0.0609913 0.000592535
          48   0.0611304   0.0609941 0.000580067
          49   0.0500824   0.0607715 0.000610192
          50   0.0643344   0.0608427 0.000602095
