           1     0.87057     0.87057           0
           2    0.878032    0.874301   0.0037312
           3    0.874632    0.874411  0.00215704
           4    0.909636    0.883217  0.00893731
           5    0.863387    0.879251   0.0079784
           6    0.826238    0.870416   0.0109775
           7    0.788393    0.858698   0.0149458
           8    0.893665    0.863069   0.0136615
           9    0.891244      0.8662   0.0124484
          10    0.909057    0.870485   0.0119305
          11    0.900807    0.873242    0.011138
          12    0.916883    0.876879   0.0107984
          13    0.882079    0.877279  0.00994117
          14    0.925442    0.880719  0.00982569
          15    0.863439    0.879567  0.00921947
          16     0.89122    0.880295  0.00865473
          17    0.927767    0.883088  0.00859592
          18    0.908375    0.884493  0.00822518
          19    0.940736    0.887453  0.00832435
          20    0.843412    0.885251  0.00819843
          21     0.83352    0.882787  0.00817809
          22    0.933878     0.88511  0.00813597
          23    0.945259    0.887725  0.00820227
          24    0.890061    0.887822  0.00785368
          25    0.929147    0.889475  0.00771222
          26    0.801625    0.886096  0.00814369
          27    0.934216    0.887879  0.00803638
          28    0.886946    0.887845  0.00774412
          29    0.907774    0.888532  0.00750385
          30    0.806193    0.885788  0.00775158
          31    0.904976    0.886407  0.00752287
          32     0.89546     0.88669  0.00728948
          33    0.893679    0.886901  0.00706831
          34    0.862406    0.886181  0.00689501
          35    0.904538    0.886705  0.00671562
          36    0.873099    0.886328  0.00653735
          37    0.881334    0.886193  0.00635964
          38    0.911068    0.886847  0.00622454
          39    0.937119    0.888136  0.00619835
          40    0.928541    0.889146  0.00612527
          41    0.903234     0.88949  0.00598387
          42    0.897238    0.889674  0.00584258
          43    0.918577    0.890347  0.00574454
          44    0.914823    0.890903  0.00563997
          45    0.829636    0.889541  0.00567883
          46     0.75903    0.886704  0.00623672
          47    0.888695    0.886747  0.00610273
          48    0.923994    0.887522  0.00602442
          49    0.878478    0.887338  0.00590308
          50    0.924594    0.888083  0.00583161
