           1     2.92939     2.92939           0
           2     2.97014     2.94976   0.0203766
           3     2.93901     2.94618   0.0122981
           4     2.93605     2.94365  0.00905749
           5     3.01564     2.95805   0.0160169
           6     2.93298     2.95387   0.0137287
           7     2.95587     2.95415   0.0116064
           8     2.96791     2.95587   0.0101974
           9     2.92146     2.95205  0.00977235
          10     3.01699     2.95854   0.0108889
          11      2.9905     2.96145   0.0102688
          12     3.00149     2.96479   0.0099503
          13     3.01836     2.96891   0.0100379
          14     3.03365     2.97353   0.0103804
          15      3.0032     2.97551  0.00986405
          16     3.00422      2.9773   0.0093998
          17     2.95068     2.97574  0.00896738
          18     2.97544     2.97572  0.00845455
          19     2.86293     2.96979  0.00995959
          20     2.88836     2.96571   0.0102884
          21     2.94181     2.96458  0.00985217
          22     2.95952     2.96435  0.00939648
          23     2.96585     2.96441  0.00897888
          24      2.9265     2.96283  0.00874052
          25     2.96347     2.96286  0.00838365
          26     2.97751     2.96342  0.00807445
          27     2.93078     2.96221  0.00786315
          28     3.04212     2.96507  0.00809672
          29     2.99276     2.96602  0.00787071
          30     3.09293     2.97025  0.00870131
          31     2.92856     2.96891   0.0085227
          32     3.00357     2.96999  0.00832288
          33     2.96245     2.96976  0.00806997
          34      2.9499     2.96918  0.00785079
          35      2.9976     2.96999  0.00766631
          36     2.97089     2.97001  0.00745036
          37      3.0305     2.97165  0.00742831
          38     2.99158     2.97217  0.00724918
          39     2.94355     2.97144   0.0070989
          40     2.94343     2.97074  0.00695448
          41     2.93853     2.96995  0.00682808
          42     2.98081     2.97021  0.00666854
          43     2.93865     2.96948  0.00655285
          44     3.02153     2.97066  0.00651058
          45      3.0146     2.97164  0.00643872
          46      2.9729     2.97166  0.00629725
          47     2.98642     2.97198   0.0061698
          48     2.98201     2.97219  0.00604351
          49     2.95899     2.97192  0.00592502
          50     2.95603      2.9716    0.005814
