           1     3.40011     3.40011           0
           2     3.37804     3.38907    0.011034
           3     3.41553     3.39789   0.0108798
           4     3.32557     3.37981   0.0196491
           5     3.41111     3.38607   0.0164567
           6     3.34839     3.37979   0.0148322
           7     3.48535     3.39487   0.0196098
           8     3.36875     3.39161   0.0172936
           9     3.42392      3.3952   0.0156685
          10     3.45222      3.4009   0.0151299
          11     3.39783     3.40062   0.0136884
          12     3.44443     3.40427   0.0130182
          13      3.4619      3.4087   0.0127691
          14     3.40629     3.40853   0.0118232
          15     3.32444     3.40292   0.0123522
          16     3.40688     3.40317   0.0115571
          17     3.38675     3.40221   0.0108989
          18     3.41528     3.40293   0.0103012
          19      3.3799     3.40172  0.00981904
          20     3.41298     3.40228  0.00933217
          21     3.43781     3.40398  0.00903643
          22     3.40322     3.40394  0.00861596
          23     3.51322     3.40869  0.00950552
          24     3.47363      3.4114  0.00949455
          25     3.38559     3.41037  0.00916515
          26     3.39062     3.40961  0.00883828
          27     3.47072     3.41187  0.00880074
          28     3.43006     3.41252  0.00850545
          29     3.36194     3.41078  0.00839022
          30     3.39445     3.41023  0.00812398
          31     3.40527     3.41007  0.00785918
          32     3.44801     3.41126  0.00770143
          33     3.45655     3.41263  0.00758955
          34     3.49598     3.41508  0.00776034
          35     3.44034      3.4158  0.00756983
          36     3.39612     3.41526  0.00737684
          37      3.4462     3.41609  0.00722327
          38     3.40888      3.4159  0.00703317
          39      3.4515     3.41682  0.00691102
          40       3.403     3.41647  0.00674487
          41     3.43589     3.41694  0.00659535
          42     3.39682     3.41646   0.0064542
          43     3.32523     3.41434  0.00664985
          44     3.40658     3.41417  0.00649935
          45     3.37691     3.41334  0.00640699
          46     3.41388     3.41335  0.00626617
          47     3.41046     3.41329  0.00613171
          48     3.36948     3.41238  0.00607159
          49     3.49512     3.41407  0.00618149
          50     3.40615     3.41391  0.00605867
