           1    -0.55813    -0.55813           0
           2   -0.557618   -0.557874    0.000256
           3   -0.559163   -0.558303 0.000454566
           4   -0.557732   -0.558161 0.000351747
           5   -0.557923   -0.558113 0.000276568
           6   -0.558552   -0.558186 0.000237369
           7   -0.558238   -0.558194 0.000200747
           8   -0.558442   -0.558225 0.000176612
           9   -0.558063   -0.558207 0.000156787
          10   -0.558446   -0.558231 0.000142268
          11   -0.558681   -0.558272 0.000135034
          12   -0.557429   -0.558201 0.000141874
          13   -0.557793    -0.55817 0.000134237
          14   -0.557754    -0.55814 0.000127775
          15   -0.557943   -0.558127 0.000119675
          16   -0.556864   -0.558048 0.000136984
          17   -0.558624   -0.558082 0.000133057
          18     -0.5582   -0.558089 0.000125618
          19   -0.557885   -0.558078 0.000119306
          20   -0.557618   -0.558055 0.000115492
          21   -0.557774   -0.558042 0.000110664
          22   -0.557969   -0.558038 0.000105566
          23   -0.557349   -0.558008 0.000105231
          24   -0.557334    -0.55798 0.000104591
          25   -0.558932   -0.558018 0.000107301
          26   -0.558044   -0.558019 0.000103097
          27   -0.556278   -0.557955 0.000118333
          28   -0.558785   -0.557984 0.000117819
          29   -0.557573    -0.55797 0.000114566
          30   -0.558506   -0.557988 0.000112111
          31   -0.557353   -0.557968 0.000110353
          32   -0.558109   -0.557972  0.00010694
          33   -0.557447   -0.557956 0.000104862
          34   -0.557634   -0.557947  0.00010217
          35   -0.558176   -0.557953  9.9424e-05
          36    -0.55847   -0.557968 9.76851e-05
          37   -0.558051    -0.55797 9.50352e-05
          38    -0.55773   -0.557963 9.27162e-05
          39   -0.558493   -0.557977 9.13218e-05
          40   -0.557662   -0.557969 8.93564e-05
          41   -0.558463   -0.557981 8.79787e-05
          42   -0.557797   -0.557977 8.59707e-05
          43   -0.558719   -0.557994 8.57044e-05
          44   -0.558171   -0.557998 8.38306e-05
          45   -0.558584   -0.558011 8.29743e-05
          46   -0.556626   -0.557981 8.65601e-05
          47   -0.557337   -0.557967 8.58003e-05
          48   -0.557448   -0.557956 8.46877e-05
          49   -0.557825   -0.557954 8.29849e-05
          50   -0.557178   -0.557938 8.27741e-05
          51   -0.558958   -0.557958 8.35639e-05
          52   -0.557063   -0.557941 8.37297e-05
          53   -0.558465   -0.557951  8.2727e-05
          54   -0.558376   -0.557959 8.15612e-05
          55   -0.557475    -0.55795  8.0546e-05
          56   -0.557156   -0.557936 8.03555e-05
          57   -0.558102   -0.557939 7.89867e-05
          58   -0.557279   -0.557927 7.84417e-05
          59   -0.559249    -0.55795 8.02877e-05
          60   -0.557855   -0.557948  7.8954e-05
          61    -0.55763   -0.557943 7.78244e-05
          62   -0.557238   -0.557932 7.73996e-05
          63    -0.55772   -0.557928 7.62352e-05
          64    -0.55831   -0.557934 7.52718e-05
          65   -0.557813   -0.557932 7.41282e-05
          66   -0.558373   -0.557939 7.33008e-05
          67   -0.557821   -0.557937 7.22201e-05
          68   -0.557729   -0.557934 7.12161e-05
          69   -0.556653   -0.557916 7.25921e-05
          70   -0.558946    -0.55793 7.30448e-05
          71   -0.558014   -0.557932 7.20182e-05
          72    -0.55816   -0.557935 7.10818e-05
          73   -0.558292    -0.55794  7.0272e-05
          74   -0.557069   -0.557928 7.03076e-05
          75    -0.55823   -0.557932 6.94811e-05
          76   -0.557558   -0.557927 6.87374e-05
          77   -0.558841   -0.557939 6.88692e-05
          78   -0.557999    -0.55794 6.79849e-05
          79   -0.558674   -0.557949 6.77603e-05
          80   -0.557908   -0.557948 6.69099e-05
          81   -0.557582   -0.557944 6.62336e-05
          82   -0.558216   -0.557947  6.5505e-05
          83   -0.558923   -0.557959 6.57708e-05
          84   -0.559082   -0.557972 6.63452e-05
          85   -0.558382   -0.557977 6.57366e-05
          86   -0.559091    -0.55799 6.62467e-05
          87     -0.5584   -0.557995 6.56502e-05
          88    -0.55787   -0.557993 6.49154e-05
          89   -0.557458   -0.557987 6.44628e-05
          90   -0.558042   -0.557988 6.37453e-05
          91   -0.558322   -0.557992  6.3148e-05
          92   -0.557868    -0.55799 6.24723e-05
          93   -0.558689   -0.557998 6.22517e-05
          94   -0.558873   -0.558007 6.22854e-05
          95   -0.559261    -0.55802 6.30234e-05
          96   -0.558321   -0.558023  6.2442e-05
          97   -0.558698    -0.55803 6.21854e-05
          98   -0.559322   -0.558044 6.29421e-05
          99   -0.557547   -0.558039 6.25045e-05
         100   -0.558362   -0.558042 6.19606e-05
