           1     8.58514     8.58514           0
           2     8.78215     8.68364   0.0985061
           3     8.55453      8.6406    0.071322
           4     8.69184     8.65341   0.0520337
           5     8.66995     8.65672   0.0404405
           6     8.77036     8.67566   0.0380663
           7     8.42855     8.64036   0.0477627
           8     8.64597     8.64106   0.0413696
           9     8.50335     8.62576   0.0395634
          10     8.66656     8.62984    0.035621
          11     8.53353     8.62108   0.0333887
          12     8.36922     8.60009   0.0370071
          13     8.70491     8.60816   0.0349834
          14     8.58695     8.60664   0.0324238
          15      8.8978     8.62605   0.0358874
          16     8.55226     8.62144   0.0338849
          17      8.4395     8.61074   0.0335805
          18     8.69823      8.6156   0.0320309
          19     8.52057      8.6106   0.0307083
          20     8.34036     8.59709   0.0321135
          21     8.88788     8.61093   0.0335381
          22     8.80004     8.61953   0.0331124
          23     8.87467     8.63062   0.0335283
          24      8.1087     8.60888   0.0387737
          25     9.15644     8.63078   0.0431609
          26      8.8456     8.63904   0.0422827
          27     8.61851     8.63828   0.0406937
          28     8.53026     8.63442   0.0394027
          29     8.78186     8.63951   0.0383582
          30     8.59357     8.63798   0.0370891
          31     8.70104     8.64001   0.0359304
          32     9.01176     8.65163   0.0366779
          33     8.75047     8.65462    0.035675
          34     8.51133     8.65041   0.0348655
          35     8.92015     8.65811   0.0347209
          36     8.71641     8.65973   0.0337814
          37      8.5329     8.65631   0.0330341
          38     8.80481     8.66021   0.0323896
          39      8.5622      8.6577   0.0316482
          40     8.68992     8.65851   0.0308573
          41     8.44047     8.65319   0.0305615
          42     8.80946     8.65691   0.0300562
          43     8.65012     8.65675   0.0293493
          44     8.71085     8.65798   0.0287009
          45     8.73029     8.65959   0.0281018
          46     8.74839     8.66152   0.0275518
          47     8.73203     8.66302    0.027001
          48     8.23023       8.654   0.0279279
          49     8.59874     8.65287   0.0273753
          50     8.88871     8.65759   0.0272337
