           1     1.65502     1.65502           0
           2     1.68721     1.67111    0.016094
           3     1.67471     1.67231  0.00936884
           4     1.65371     1.66766  0.00809366
           5      1.6605     1.66623  0.00643094
           6      1.6606     1.66529    0.005334
           7      1.6569     1.66409  0.00466451
           8     1.68164     1.66629  0.00459689
           9     1.67225     1.66695  0.00410786
          10     1.65724     1.66598  0.00380031
          11     1.69347     1.66848  0.00425029
          12     1.67679     1.66917  0.00394131
          13     1.66535     1.66888  0.00363738
          14     1.64176     1.66694  0.00388469
          15     1.65051     1.66584  0.00377867
          16      1.6715      1.6662  0.00355223
          17     1.65424     1.66549   0.0034101
          18     1.68012     1.66631  0.00331613
          19     1.66386     1.66618  0.00313939
          20     1.68192     1.66696  0.00308059
          21     1.64245      1.6658  0.00315422
          22     1.65372     1.66525  0.00305711
          23      1.6818     1.66597  0.00300856
          24     1.64726     1.66519  0.00298411
          25     1.65996     1.66498  0.00286989
          26      1.6638     1.66493  0.00275768
          27     1.67997     1.66549  0.00271142
          28     1.64696     1.66483  0.00269526
          29     1.64137     1.66402  0.00272357
          30     1.67434     1.66436  0.00265363
          31     1.66775     1.66447  0.00256893
          32     1.65357     1.66413  0.00251059
          33     1.67913     1.66459  0.00247541
          34     1.66719     1.66466  0.00240271
          35     1.66404     1.66465  0.00233312
          36     1.66852     1.66475  0.00226995
          37     1.64379     1.66419  0.00227932
          38     1.67326     1.66443  0.00223132
          39     1.66272     1.66438   0.0021738
          40     1.65726      1.6642  0.00212622
          41     1.69123     1.66486  0.00217594
          42     1.65468     1.66462   0.0021373
          43     1.67378     1.66483  0.00209786
          44     1.66764      1.6649  0.00205062
          45     1.64961     1.66456  0.00203311
          46     1.65372     1.66432  0.00200233
          47     1.66256     1.66428  0.00195963
          48     1.68606     1.66474  0.00197128
          49     1.66579     1.66476  0.00193075
          50     1.64688      1.6644  0.00192522
          51     1.64999     1.66412  0.00190812
          52     1.65486     1.66394  0.00187952
          53     1.65537     1.66378  0.00185079
          54     1.67619     1.66401  0.00183069
          55     1.65014     1.66376   0.0018147
          56     1.65977     1.66369  0.00178342
          57     1.64808     1.66341  0.00177311
          58     1.64139     1.66303  0.00178318
          59     1.67551     1.66324   0.0017654
          60     1.68183     1.66355  0.00176317
          61     1.65495     1.66341  0.00173974
          62     1.66717     1.66347  0.00171253
          63      1.6605     1.66343  0.00168578
          64     1.64789     1.66318   0.0016769
          65     1.65903     1.66312  0.00165214
          66     1.63529      1.6627  0.00168068
          67     1.65296     1.66255  0.00166178
          68     1.67635     1.66276  0.00164969
          69     1.65867      1.6627  0.00162668
          70     1.64091     1.66238  0.00163322
          71     1.67678     1.66259  0.00162276
          72     1.65148     1.66243  0.00160748
          73     1.67173     1.66256  0.00159042
          74     1.66742     1.66263  0.00157015
          75     1.68997     1.66299   0.0015914
          76      1.6743     1.66314  0.00157736
          77     1.65491     1.66303   0.0015604
          78     1.64851     1.66285  0.00155148
          79     1.66671      1.6629  0.00153249
          80     1.67682     1.66307   0.0015232
          81     1.68096     1.66329   0.0015204
          82      1.6616     1.66327  0.00150189
          83     1.66884     1.66334   0.0014852
          84     1.65969     1.66329  0.00146805
          85     1.63782     1.66299  0.00148132
          86     1.66106     1.66297  0.00146417
          87     1.66007     1.66294  0.00144763
          88     1.66214     1.66293  0.00143111
          89     1.67501     1.66307  0.00142143
          90     1.67927     1.66325  0.00141704
          91     1.68015     1.66343  0.00141365
          92     1.66239     1.66342  0.00139824
          93     1.65671     1.66335  0.00138501
          94     1.68159     1.66354  0.00138387
          95     1.65675     1.66347  0.00137109
          96     1.65842     1.66342  0.00135775
          97      1.6629     1.66341  0.00134369
          98     1.64796     1.66325  0.00133923
          99     1.66533     1.66328   0.0013258
         100     1.64517     1.66309  0.00132491
