           1     3.75081     3.75081           0
           2     3.68719       3.719    0.031808
           3     3.66114     3.69972   0.0266309
           4      3.6889     3.69701    0.019024
           5     3.69533     3.69667   0.0147398
           6     3.63553     3.68648   0.0157698
           7     3.66543     3.68348   0.0136631
           8     3.71107     3.68693   0.0123252
           9     3.71119     3.68962   0.0111992
          10     3.69427     3.69009   0.0100277
          11     3.64629     3.68611  0.00990596
          12     3.68296     3.68584  0.00904667
          13     3.69429     3.68649  0.00834704
          14     3.67709     3.68582  0.00775698
          15     3.71799     3.68797  0.00753302
          16      3.6418     3.68508  0.00761443
          17     3.65985      3.6836  0.00730486
          18     3.63342     3.68081  0.00742989
          19     3.75721     3.68483  0.00809706
          20     3.72248     3.68671  0.00790882
          21     3.60021     3.68259  0.00857676
          22     3.64733     3.68099  0.00833319
          23     3.69675     3.68167  0.00799208
          24     3.67235     3.68129   0.0076617
          25     3.66805     3.68076  0.00736788
          26      3.7349     3.68284  0.00737882
          27     3.69301     3.68322  0.00711027
          28     3.61831      3.6809  0.00723317
          29     3.72893     3.68255  0.00717315
          30     3.72269     3.68389  0.00705786
          31     3.71976     3.68505  0.00692377
          32     3.74902     3.68705  0.00699567
          33     3.68135     3.68688  0.00678256
          34     3.69736     3.68718  0.00658727
          35     3.71658     3.68802  0.00645118
          36     3.61619     3.68603  0.00657929
          37     3.65229     3.68512  0.00646365
          38     3.69271     3.68532  0.00629442
          39     3.66008     3.68467  0.00616494
          40     3.67688     3.68447  0.00601199
          41     3.63888     3.68336  0.00596803
          42     3.65219     3.68262   0.0058713
          43     3.73918     3.68394  0.00588209
          44     3.69015     3.68408  0.00574859
          45     3.69615     3.68435  0.00562578
          46     3.66535     3.68393   0.0055176
          47     3.61933     3.68256  0.00557114
          48     3.62689      3.6814  0.00557581
          49     3.67736     3.68132  0.00546145
          50     3.65985     3.68089   0.0053683
          51     3.69568     3.68118  0.00526998
          52     3.66811     3.68093  0.00517375
          53     3.55954     3.67864  0.00556804
          54     3.64153     3.67795  0.00550698
          55     3.70699     3.67848  0.00543165
          56     3.65535     3.67806  0.00534974
          57     3.60408     3.67677  0.00541299
          58     3.68805     3.67696  0.00532239
          59     3.71714     3.67764  0.00527555
          60     3.63527     3.67693  0.00523473
          61     3.67281     3.67687  0.00514864
          62     3.71555     3.67749   0.0051032
          63     3.67268     3.67741  0.00502213
          64     3.71537     3.67801  0.00497848
          65     3.71282     3.67854  0.00493046
          66     3.74758     3.67959  0.00496659
          67     3.64065     3.67901   0.0049263
          68     3.66661     3.67883  0.00485674
          69     3.69512     3.67906  0.00479165
          70     3.60512     3.67801   0.0048394
          71     3.69825     3.67829  0.00477927
          72     3.59876     3.67719  0.00484016
          73     3.67991     3.67722  0.00477354
          74     3.73216     3.67797  0.00476676
          75     3.63915     3.67745  0.00473117
          76     3.64074     3.67696  0.00469341
          77     3.59382     3.67589  0.00475624
          78     3.65772     3.67565  0.00470065
          79      3.6811     3.67572  0.00464127
          80      3.6874     3.67587  0.00458522
          81     3.74318      3.6767  0.00460389
          82     3.74033     3.67747  0.00461313
          83     3.67998      3.6775  0.00455731
          84     3.71788     3.67799  0.00452831
          85      3.7562     3.67891  0.00456836
          86     3.65649     3.67864  0.00452245
          87     3.59369     3.67767  0.00457557
          88     3.69102     3.67782  0.00452582
          89     3.61485     3.67711  0.00453026
          90     3.66807     3.67701  0.00448077
          91     3.71953     3.67748  0.00445581
          92     3.66048     3.67729  0.00441098
          93     3.70709     3.67761  0.00437504
          94     3.64784      3.6773  0.00433982
          95     3.64702     3.67698  0.00430571
          96     3.67722     3.67698  0.00426062
          97     3.68846      3.6771  0.00421813
          98     3.65995     3.67693  0.00417853
          99     3.64147     3.67657  0.00415158
         100     3.69857     3.67679  0.00411574
