           1    0.308911    0.308911           0
           2    0.307927    0.308419 0.000492221
           3    0.306526    0.307788 0.000691824
           4    0.312022    0.308846  0.00116598
           5     0.30847    0.308771  0.00090629
           6    0.307629    0.308581 0.000764067
           7    0.310918    0.308915 0.000726989
           8    0.308878     0.30891 0.000629607
           9    0.309716       0.309 0.000562426
          10    0.308594    0.308959 0.000504684
          11    0.307552    0.308831 0.000474078
          12    0.308902    0.308837 0.000432812
          13    0.308459    0.308808 0.000399189
          14    0.308051    0.308754 0.000373512
          15    0.307897    0.308697 0.000352384
          16    0.308794    0.308703 0.000329682
          17    0.307631     0.30864 0.000316032
          18    0.310136    0.308723 0.000309338
          19     0.30769    0.308669 0.000297613
          20    0.308085    0.308639 0.000283847
          21    0.308937    0.308654 0.000270364
          22    0.309492    0.308692 0.000260582
          23    0.306787    0.308609  0.00026241
          24    0.310606    0.308692 0.000264656
          25    0.311821    0.308817 0.000283028
          26    0.307881    0.308781 0.000274299
          27    0.310276    0.308837 0.000269684
          28    0.311339    0.308926 0.000274808
          29    0.310854    0.308992 0.000273371
          30    0.308839    0.308987 0.000264151
          31     0.30848    0.308971 0.000256012
          32    0.308675    0.308962 0.000248055
          33      0.3079     0.30893 0.000242563
          34    0.306268    0.308851 0.000248002
          35    0.308139    0.308831 0.000241671
          36    0.308928    0.308834 0.000234878
          37    0.311056    0.308894 0.000236209
          38    0.306514    0.308831 0.000238285
          39    0.310863    0.308883 0.000237873
          40    0.308715    0.308879 0.000231888
          41     0.30568    0.308801 0.000239246
          42    0.309645    0.308821 0.000234344
          43    0.307847    0.308798 0.000229949
          44    0.309664    0.308818 0.000225521
          45     0.30994    0.308843 0.000221857
          46    0.308311    0.308831 0.000217288
          47     0.31225    0.308904 0.000224712
          48    0.309528    0.308917 0.000220365
          49    0.309874    0.308937 0.000216703
          50     0.30938    0.308946  0.00021251
          51    0.309738    0.308961 0.000208879
          52    0.308906     0.30896 0.000204826
          53    0.306014    0.308904 0.000208473
          54    0.309455    0.308915 0.000204829
          55    0.308261    0.308903 0.000201422
          56    0.308963    0.308904 0.000197795
          57    0.306607    0.308864 0.000198428
          58     0.30805     0.30885 0.000195481
          59    0.307844    0.308832 0.000192894
          60    0.312295     0.30889 0.000198236
          61    0.310447    0.308916 0.000196623
          62    0.307983    0.308901 0.000194009
          63    0.307655    0.308881 0.000191926
          64    0.305839    0.308833 0.000194792
          65    0.308692    0.308831 0.000191784
          66    0.309261    0.308838 0.000188968
          67    0.309972    0.308855 0.000186896
          68    0.310429    0.308878 0.000185577
          69    0.309124    0.308881 0.000182903
          70    0.307448    0.308861  0.00018143
          71    0.308529    0.308856 0.000178918
          72    0.309289    0.308862 0.000176518
          73    0.308252    0.308854 0.000174283
          74    0.308697    0.308852 0.000171925
          75    0.309564    0.308861 0.000169883
          76    0.305988    0.308823 0.000171842
          77    0.307429    0.308805  0.00017056
          78    0.308785    0.308805  0.00016836
          79    0.311008    0.308833 0.000168538
          80     0.30953    0.308842 0.000166646
          81    0.308577    0.308838 0.000164608
          82    0.305961    0.308803 0.000166333
          83     0.31134    0.308834 0.000167134
          84    0.310825    0.308858 0.000166825
          85    0.307817    0.308845 0.000165304
          86    0.305068    0.308801 0.000169173
          87    0.307527    0.308787 0.000167858
          88    0.309494    0.308795 0.000166134
          89    0.306892    0.308773 0.000165642
          90    0.312356    0.308813 0.000168559
          91    0.312226    0.308851 0.000170863
          92    0.310946    0.308873 0.000170523
          93    0.306129    0.308844 0.000171242
          94    0.309258    0.308848 0.000169467
          95    0.307317    0.308832 0.000168447
          96    0.307382    0.308817 0.000167366
          97    0.308485    0.308814 0.000165667
          98    0.307732    0.308803 0.000164339
          99    0.310592    0.308821 0.000163672
         100    0.311865    0.308851 0.000164863
