           1     0.40462     0.40462           0
           2    0.407448    0.406034  0.00141398
           3    0.408995    0.407021  0.00128108
           4    0.405114    0.406544  0.00102366
           5     0.40874    0.406983 0.000906393
           6    0.402975    0.406315 0.000996986
           7    0.410042    0.406848 0.000996725
           8    0.411425     0.40742  0.00103561
           9    0.408339    0.407522 0.000919016
          10    0.402817    0.407051 0.000947142
          11    0.405198    0.406883 0.000873126
          12    0.405635    0.406779 0.000803805
          13    0.404776    0.406625 0.000755274
          14    0.401951    0.406291 0.000774845
          15     0.40554    0.406241 0.000723077
          16     0.40926     0.40643 0.000702199
          17    0.405146    0.406354 0.000663907
          18    0.404028    0.406225 0.000639142
          19    0.402952    0.406053 0.000628626
          20    0.404274    0.405964 0.000602958
          21     0.40742    0.406033 0.000577705
          22    0.404925    0.405983 0.000553119
          23    0.401869    0.405804 0.000557969
          24    0.411895    0.406058 0.000591443
          25    0.403589    0.405959 0.000575825
          26    0.403347    0.405858 0.000562278
          27    0.404342    0.405802 0.000543961
          28    0.403735    0.405728  0.00052935
          29    0.402768    0.405626 0.000520875
          30    0.408446     0.40572 0.000511912
          31    0.407527    0.405779  0.00049854
          32    0.413023    0.406005 0.000533155
          33    0.399236      0.4058 0.000555966
          34    0.406139     0.40581 0.000539458
          35    0.410243    0.405936 0.000538915
          36    0.407854     0.40599 0.000526433
          37    0.405558    0.405978 0.000512141
          38    0.406393    0.405989 0.000498601
          39    0.405071    0.405965 0.000486218
          40    0.414533     0.40618 0.000520066
          41    0.410252    0.406279 0.000516856
          42    0.408952    0.406343   0.0005084
          43     0.40954    0.406417 0.000501973
          44    0.410236    0.406504 0.000498052
          45    0.402167    0.406407 0.000496306
          46    0.403324     0.40634 0.000490003
          47    0.409754    0.406413 0.000484936
          48    0.407511    0.406436 0.000475276
          49    0.410203    0.406513 0.000471781
          50    0.407885     0.40654 0.000463063
          51    0.406476    0.406539 0.000453894
          52    0.407509    0.406558 0.000445471
          53    0.406602    0.406558 0.000436986
          54    0.408448    0.406593 0.000430242
          55    0.407085    0.406602 0.000422442
          56    0.407698    0.406622  0.00041529
          57    0.402809    0.406555 0.000413387
          58    0.407218    0.406566 0.000406357
          59    0.409501    0.406616 0.000402496
          60    0.405164    0.406592  0.00039647
          61    0.405497    0.406574 0.000390329
          62    0.407601    0.406591 0.000384339
          63    0.409689     0.40664 0.000381373
          64    0.406913    0.406644 0.000375391
          65    0.404827    0.406616 0.000370626
          66    0.404006    0.406577 0.000367103
          67    0.409701    0.406623 0.000364577
          68    0.403923    0.406583 0.000361365
          69    0.405207    0.406564 0.000356647
          70    0.402394    0.406504 0.000356526
          71    0.405773    0.406494 0.000351619
          72    0.402886    0.406444 0.000350304
          73    0.407762    0.406462 0.000345944
          74    0.407207    0.406472 0.000341386
          75     0.40909    0.406507 0.000338607
          76    0.403483    0.406467 0.000336483
          77    0.410463    0.406519 0.000336114
          78    0.406755    0.406522 0.000331791
          79    0.409395    0.406558 0.000329578
          80    0.402991    0.406514 0.000328473
          81    0.406834    0.406517 0.000324417
          82     0.41016    0.406562   0.0003235
          83     0.40692    0.406566 0.000319608
          84    0.410347    0.406611 0.000318972
          85    0.407463    0.406621 0.000315356
          86    0.408611    0.406644 0.000312526
          87    0.404026    0.406614 0.000310375
          88    0.402491    0.406567 0.000310385
          89    0.411646    0.406624 0.000312138
          90    0.409466    0.406656 0.000310261
          91    0.402596    0.406611 0.000310059
          92     0.40659    0.406611  0.00030667
          93    0.402953    0.406572 0.000305895
          94    0.407799    0.406585 0.000302904
          95    0.399266    0.406508 0.000309442
          96    0.406336    0.406506 0.000306207
          97    0.403763    0.406478 0.000304351
          98     0.40629    0.406476 0.000301235
          99    0.403946     0.40645  0.00029927
         100    0.405972    0.406446 0.000296301
