           1   -0.469854   -0.469854           0
           2   -0.470118   -0.469986   0.0001324
           3   -0.470192   -0.470055 0.000102754
           4    -0.46943   -0.469898 0.000172332
           5   -0.469237   -0.469766 0.000187957
           6   -0.468637   -0.469578  0.00024285
           7    -0.46947   -0.469562 0.000205827
           8   -0.469365   -0.469538 0.000179955
           9   -0.470774   -0.469675 0.000209869
          10   -0.471607   -0.469868 0.000269386
          11   -0.470253   -0.469903 0.000246164
          12   -0.469769   -0.469892 0.000224995
          13   -0.469552   -0.469866 0.000208611
          14   -0.468923   -0.469799 0.000204537
          15   -0.469298   -0.469765  0.00019331
          16   -0.469482   -0.469747 0.000181687
          17   -0.470278   -0.469779 0.000173499
          18   -0.470122   -0.469798 0.000164682
          19   -0.469161   -0.469764  0.00015934
          20   -0.469715   -0.469762 0.000151183
          21   -0.469826   -0.469765 0.000143837
          22   -0.468926   -0.469727  0.00014235
          23   -0.469342    -0.46971 0.000137043
          24   -0.469063   -0.469683 0.000133948
          25   -0.469942   -0.469693 0.000128894
          26   -0.469399   -0.469682 0.000124353
          27    -0.46901   -0.469657 0.000122217
          28   -0.470381   -0.469683 0.000120573
          29   -0.469322   -0.469671 0.000117007
          30   -0.469973   -0.469681 0.000113488
          31   -0.468946   -0.469657 0.000112298
          32   -0.469635   -0.469656 0.000108734
          33   -0.468774    -0.46963 0.000108723
          34   -0.469685   -0.469631 0.000105489
          35   -0.469109   -0.469616 0.000103513
          36   -0.469442   -0.469611 0.000100712
          37   -0.469007   -0.469595 9.93041e-05
          38   -0.469214   -0.469585 9.71734e-05
          39   -0.468896   -0.469567  9.6284e-05
          40   -0.469723   -0.469571 9.39268e-05
          41   -0.469628   -0.469573 9.16177e-05
          42   -0.469816   -0.469578 8.95972e-05
          43    -0.47013   -0.469591 8.84253e-05
          44   -0.469138   -0.469581 8.70054e-05
          45   -0.469538    -0.46958 8.50553e-05
          46   -0.469912   -0.469587 8.34981e-05
          47   -0.470354   -0.469604 8.33166e-05
          48    -0.46903   -0.469592 8.24344e-05
          49   -0.469688   -0.469594 8.07584e-05
          50    -0.46859   -0.469574  8.1631e-05
          51    -0.46803   -0.469543 8.55442e-05
          52   -0.469796   -0.469548 8.40237e-05
          53   -0.469982   -0.469556 8.28294e-05
          54   -0.470335   -0.469571 8.25508e-05
          55   -0.469646   -0.469572 8.10477e-05
          56   -0.469802   -0.469576 7.96927e-05
          57   -0.468953   -0.469565 7.90424e-05
          58   -0.468506   -0.469547 7.97877e-05
          59   -0.469541   -0.469547 7.84238e-05
          60   -0.469611   -0.469548 7.71131e-05
          61   -0.470538   -0.469564 7.75542e-05
          62   -0.469866   -0.469569 7.64478e-05
          63   -0.469981   -0.469576 7.55079e-05
          64   -0.469204    -0.46957 7.45452e-05
          65   -0.469222   -0.469564 7.35846e-05
          66   -0.469812   -0.469568 7.25582e-05
          67   -0.468477   -0.469552 7.32999e-05
          68   -0.468611   -0.469538 7.35271e-05
          69    -0.46851   -0.469523 7.39686e-05
          70   -0.469403   -0.469521 7.29244e-05
          71   -0.470134    -0.46953 7.24064e-05
          72   -0.469588   -0.469531 7.13982e-05
          73   -0.469518   -0.469531 7.04136e-05
          74   -0.471138   -0.469552  7.2774e-05
          75    -0.46923   -0.469548 7.19261e-05
          76   -0.469702    -0.46955 7.10024e-05
          77   -0.469866   -0.469554 7.01938e-05
          78   -0.469319   -0.469551 6.93536e-05
          79   -0.469809   -0.469555 6.85476e-05
          80   -0.469161    -0.46955 6.78641e-05
          81   -0.468204   -0.469533 6.90491e-05
          82   -0.468828   -0.469524 6.87416e-05
          83   -0.469917   -0.469529 6.80727e-05
          84   -0.469678   -0.469531 6.72807e-05
          85   -0.469827   -0.469534 6.65758e-05
          86    -0.46969   -0.469536 6.58221e-05
          87   -0.469447   -0.469535 6.50692e-05
          88   -0.468765   -0.469526 6.49184e-05
          89   -0.468775   -0.469518 6.47375e-05
          90   -0.469485   -0.469518 6.40152e-05
          91   -0.468916   -0.469511 6.36521e-05
          92   -0.470016   -0.469516 6.31952e-05
          93   -0.469745   -0.469519 6.25602e-05
          94   -0.469392   -0.469518 6.19058e-05
          95   -0.468986   -0.469512 6.15054e-05
          96   -0.470161   -0.469519 6.12355e-05
          97   -0.470886   -0.469533 6.22176e-05
          98   -0.470288   -0.469541 6.20597e-05
          99   -0.469186   -0.469537 6.15337e-05
         100   -0.469116   -0.469533 6.10606e-05
