           1    -0.51091    -0.51091           0
           2   -0.510642   -0.510776   0.0001344
           3   -0.511907   -0.511153 0.000384968
           4   -0.511653   -0.511278 0.000299514
           5   -0.511123   -0.511247 0.000234059
           6   -0.510062    -0.51105 0.000274782
           7    -0.51081   -0.511015  0.00023475
           8   -0.510792   -0.510987 0.000205207
           9   -0.510586   -0.510943 0.000186401
          10   -0.509658   -0.510814 0.000210505
          11   -0.509117    -0.51066 0.000245088
          12   -0.510741   -0.510667 0.000223835
          13   -0.512125   -0.510779 0.000234467
          14   -0.510728   -0.510775 0.000217105
          15   -0.510728   -0.510772 0.000202138
          16   -0.511432   -0.510813 0.000193529
          17   -0.509549   -0.510739 0.000196418
          18   -0.510547   -0.510728 0.000185491
          19   -0.509845   -0.510682 0.000181514
          20   -0.509962   -0.510646 0.000175923
          21   -0.510376   -0.510633 0.000167829
          22    -0.51113   -0.510655 0.000161603
          23   -0.508562   -0.510564 0.000179256
          24   -0.510334   -0.510555 0.000171892
          25   -0.509861   -0.510527 0.000167194
          26   -0.509931   -0.510504 0.000162262
          27   -0.510845   -0.510517 0.000156645
          28    -0.51105   -0.510536 0.000152142
          29   -0.510605   -0.510538 0.000146821
          30   -0.509656   -0.510509 0.000144859
          31   -0.511165    -0.51053 0.000141697
          32    -0.51011   -0.510517 0.000137823
          33   -0.509294    -0.51048 0.000138622
          34   -0.510597   -0.510483 0.000134528
          35    -0.51191   -0.510524 0.000136844
          36   -0.510766   -0.510531 0.000133158
          37   -0.511629    -0.51056 0.000132866
          38     -0.5114   -0.510583 0.000131196
          39   -0.509909   -0.510565  0.00012895
          40   -0.510051   -0.510552 0.000126341
          41   -0.509605   -0.510529 0.000125369
          42   -0.510912   -0.510538 0.000122687
          43   -0.510022   -0.510526 0.000120399
          44   -0.510141   -0.510518 0.000117957
          45   -0.510771   -0.510523 0.000115444
          46   -0.511832   -0.510552 0.000116435
          47   -0.510102   -0.510542 0.000114332
          48   -0.510611   -0.510544 0.000111934
          49   -0.510434   -0.510541 0.000109648
          50   -0.510717   -0.510545  0.00010749
