           1    0.105874    0.105874           0
           2    0.123562    0.114718    0.008844
           3     0.12315    0.117529  0.00582868
           4    0.118674    0.117815  0.00413144
           5    0.103308    0.114914  0.00431965
           6    0.103417    0.112997  0.00401387
           7    0.110451    0.112634  0.00341179
           8    0.104414    0.111606  0.00312826
           9    0.108531    0.111265  0.00277994
          10    0.123965    0.112535  0.00279203
          11    0.116839    0.112926  0.00255562
          12    0.122464    0.113721  0.00246464
          13    0.107695    0.113257  0.00231403
          14    0.108434    0.112913   0.0021699
          15    0.103796    0.112305  0.00210952
          16    0.113292    0.112367  0.00197424
          17    0.104487    0.111903  0.00191152
          18    0.110608    0.111831  0.00180363
          19    0.114861    0.111991   0.0017135
          20    0.105813    0.111682  0.00165466
          21    0.117207    0.111945  0.00159573
          22    0.130817    0.112803  0.00174663
          23     0.11393    0.112852  0.00166969
          24     0.11377     0.11289  0.00159906
          25    0.110978    0.112814  0.00153567
          26    0.117199    0.112982  0.00148503
          27    0.126646    0.113488  0.00151593
          28    0.106412    0.113236  0.00148249
          29    0.119632    0.113456  0.00144736
          30    0.110475    0.113357  0.00140181
          31    0.121934    0.113633  0.00138378
          32    0.109034     0.11349  0.00134753
          33    0.112678    0.113465  0.00130629
          34    0.109594    0.113351  0.00127239
          35    0.126817    0.113736  0.00129402
          36    0.107399     0.11356  0.00126982
          37    0.108286    0.113417  0.00124322
          38    0.116632    0.113502  0.00121302
          39    0.119339    0.113652  0.00119095
          40   0.0988408    0.113281  0.00121842
          41    0.112804     0.11327  0.00118838
          42    0.109194    0.113173   0.0011638
          43   0.0992328    0.112849  0.00118175
          44    0.108046    0.112739  0.00115972
          45    0.106014     0.11259  0.00114347
          46    0.123992    0.112838  0.00114548
          47        0.11    0.112777  0.00112246
          48    0.113267    0.112788  0.00109888
          49    0.108349    0.112697  0.00108002
          50    0.110077    0.112645   0.0010595
