           1   0.0693904   0.0693904           0
           2   0.0681056    0.068748   0.0006424
           3   0.0708168   0.0694376 0.000783012
           4    0.064132   0.0681112  0.00143732
           5     0.07828    0.070145  0.00231856
           6   0.0671888   0.0696523  0.00195616
           7   0.0726664   0.0700829  0.00170841
           8   0.0708648   0.0701806  0.00148275
           9   0.0754464   0.0707657  0.00143259
          10   0.0740216   0.0710913  0.00132207
          11   0.0753208   0.0714758  0.00125615
          12   0.0618568   0.0706742  0.00139909
          13   0.0644024   0.0701918  0.00137443
          14   0.0674968   0.0699993  0.00128695
          15   0.0642128   0.0696135  0.00125866
          16   0.0634944   0.0692311  0.00123793
          17   0.0631096    0.068871  0.00121731
          18   0.0606208   0.0684126  0.00123583
          19   0.0666032   0.0683174  0.00117285
          20   0.0704392   0.0684235  0.00111771
          21   0.0663144    0.068323  0.00106788
          22   0.0720272   0.0684914  0.00103202
          23    0.065472   0.0683601 0.000994825
          24      0.0748   0.0686285 0.000989547
          25   0.0706944   0.0687111 0.000952731
          26   0.0647616   0.0685592 0.000927873
          27   0.0642688   0.0684003 0.000906876
          28   0.0680392   0.0683874 0.000873983
          29   0.0565936   0.0679807 0.000936247
          30   0.0712784   0.0680906 0.000911155
          31   0.0728536   0.0682443 0.000894566
          32   0.0744592   0.0684385 0.000887667
          33    0.063164   0.0682787 0.000875069
          34   0.0731928   0.0684232 0.000861157
          35   0.0663712   0.0683646 0.000838243
          36   0.0614776   0.0681733 0.000836787
          37   0.0664096   0.0681256 0.000815252
          38   0.0712376   0.0682075 0.000797723
          39   0.0663328   0.0681594 0.000778485
          40   0.0676096   0.0681457 0.000758898
          41     0.06826   0.0681485 0.000740162
          42   0.0686272   0.0681599 0.000722414
          43   0.0659464   0.0681084 0.000707289
          44    0.068952   0.0681276 0.000691293
          45   0.0630728   0.0680152 0.000685029
          46   0.0716288   0.0680938 0.000674561
          47   0.0617528   0.0679589   0.0006737
          48   0.0709064   0.0680203 0.000662368
          49   0.0701824   0.0680644 0.000650208
          50    0.071548   0.0681341  0.00064087
