           1    0.343538    0.343538           0
           2    0.350084    0.346811    0.003273
           3    0.348893    0.347505  0.00201305
           4    0.334056    0.344143  0.00365132
           5    0.313594    0.338033  0.00673273
           6    0.346878    0.339507  0.00569148
           7    0.331928    0.338424  0.00493054
           8    0.343058    0.339004  0.00430909
           9    0.342626    0.339406  0.00382151
          10    0.345947     0.34006  0.00348008
          11    0.340454    0.340096  0.00314805
          12    0.333469    0.339544  0.00292635
          13    0.352956    0.340575  0.00288279
          14    0.335491    0.340212  0.00269355
          15    0.350132    0.340874   0.0025933
          16     0.32044    0.339596  0.00274145
          17    0.363389    0.340996  0.00293089
          18    0.344485     0.34119  0.00277006
          19    0.360996    0.342232  0.00281995
          20    0.328866    0.341564  0.00275746
          21    0.337785    0.341384  0.00262903
          22    0.354157    0.341965  0.00257304
          23    0.355014    0.342532  0.00252324
          24    0.340876    0.342463   0.0024168
          25    0.349206    0.342733  0.00233375
          26    0.361867    0.343469  0.00235989
          27     0.34377     0.34348  0.00227083
          28    0.323971    0.342783  0.00229647
          29    0.343891    0.342821   0.0022162
          30    0.348236    0.343002  0.00214864
          31    0.358849    0.343513  0.00214013
          32     0.35934    0.344008  0.00213038
          33    0.344012    0.344008  0.00206481
          34    0.349204    0.344161  0.00200899
          35    0.355076    0.344472  0.00197551
          36    0.324577     0.34392  0.00199782
          37    0.355536    0.344234  0.00196827
          38    0.368028     0.34486  0.00201551
          39    0.291522    0.343492  0.00239257
          40    0.331843    0.343201   0.0023501
          41    0.359546      0.3436  0.00232648
          42    0.342248    0.343567  0.00227064
          43    0.331434    0.343285  0.00223509
          44    0.331699    0.343022  0.00219952
          45    0.297239    0.342005  0.00237865
          46    0.345656    0.342084  0.00232772
          47    0.352306    0.342301  0.00228801
          48    0.322571     0.34189  0.00227724
          49    0.304946    0.341136  0.00235428
          50    0.367204    0.341658   0.0023649
          51    0.320614    0.341245   0.0023545
          52    0.332052    0.341068  0.00231554
          53    0.333966    0.340934  0.00227538
          54    0.322955    0.340601  0.00225753
          55    0.352148    0.340811  0.00222603
          56    0.340377    0.340804  0.00218593
          57    0.337194     0.34074  0.00214817
          58    0.317566    0.340341  0.00214829
          59     0.34994    0.340503  0.00211782
          60    0.373747    0.341057  0.00215468
          61    0.324466    0.340785  0.00213645
          62    0.325978    0.340547  0.00211523
          63    0.330153    0.340382  0.00208792
          64    0.355365    0.340616  0.00206833
          65    0.310845    0.340158  0.00208713
          66    0.334917    0.340078   0.0020568
          67    0.325864    0.339866  0.00203695
          68    0.367504    0.340273  0.00204751
          69     0.35969    0.340554  0.00203715
          70    0.335523    0.340482  0.00200912
          71    0.351139    0.340632   0.0019863
          72     0.33063    0.340493  0.00196344
          73    0.346033    0.340569  0.00193784
          74    0.344832    0.340627  0.00191235
          75    0.340758    0.340629  0.00188668
          76    0.334503    0.340548  0.00186343
          77    0.338675    0.340524  0.00183923
          78    0.339049    0.340505   0.0018156
          79    0.349188    0.340615  0.00179583
          80    0.374295    0.341036  0.00182254
          81    0.325648    0.340846  0.00180989
          82    0.343762    0.340881  0.00178804
          83    0.350075    0.340992  0.00176983
          84    0.336899    0.340943  0.00174932
          85     0.31997    0.340697  0.00174614
          86    0.348017    0.340782  0.00172781
          87    0.337949    0.340749  0.00170815
          88    0.318513    0.340496  0.00170742
          89    0.328326     0.34036  0.00169366
          90     0.32544    0.340194  0.00168292
          91    0.331192    0.340095  0.00166726
          92     0.34163    0.340112  0.00164912
          93      0.3398    0.340108   0.0016313
          94    0.345018    0.340161  0.00161469
          95    0.323317    0.339983  0.00160742
          96    0.345609    0.340042  0.00159166
          97    0.347699    0.340121  0.00157714
          98    0.369018    0.340416  0.00158858
          99    0.311028    0.340119  0.00160022
         100     0.32506    0.339968  0.00159128
