           1    0.144055    0.144055           0
           2    0.143043    0.143549    0.000506
           3    0.150963    0.146021  0.00248854
           4    0.134613    0.143169  0.00335111
           5    0.119722    0.138479  0.00535975
           6    0.127006    0.136567  0.00477574
           7    0.147332    0.138105  0.00431927
           8    0.125345     0.13651  0.00406647
           9    0.142225    0.137145  0.00364207
          10    0.142322    0.137663  0.00329844
          11    0.133585    0.137292  0.00300649
          12    0.145815    0.138002  0.00283496
          13    0.121623    0.136742  0.00289619
          14    0.129746    0.136243  0.00272752
          15    0.146371    0.136918  0.00262743
          16    0.120692    0.135904  0.00265874
          17    0.130243    0.135571  0.00251955
          18    0.137447    0.135675  0.00237774
          19    0.125567    0.135143  0.00231118
          20     0.14939    0.135855   0.0023054
          21     0.11792    0.135001  0.00235332
          22    0.140956    0.135272  0.00226007
          23    0.145192    0.135703  0.00220222
          24    0.147163    0.136181  0.00216186
          25    0.143075    0.136457  0.00209184
          26    0.134682    0.136388  0.00201093
          27    0.118005    0.135707  0.00205131
          28    0.136515    0.135736  0.00197691
          29    0.120091    0.135197  0.00198234
          30    0.149889    0.135687  0.00197675
          31    0.132314    0.135578  0.00191501
          32    0.145582     0.13589  0.00188038
          33     0.13791    0.135952  0.00182353
          34    0.130787      0.1358  0.00177559
          35     0.12373    0.135455  0.00175827
          36    0.132823    0.135382  0.00171029
          37    0.119455    0.134951  0.00171822
          38    0.131787    0.134868  0.00167446
          39    0.139582    0.134989  0.00163543
          40     0.13535    0.134998  0.00159405
          41    0.147579    0.135305  0.00158468
          42    0.126755    0.135101  0.00155983
          43    0.142371     0.13527  0.00153248
          44    0.121391    0.134955  0.00153011
          45    0.140633    0.135081  0.00150103
          46    0.131852    0.135011  0.00146972
          47    0.128254    0.134867  0.00144527
          48    0.124049    0.134642  0.00143268
          49    0.140065    0.134752   0.0014075
          50    0.131193    0.134681   0.0013809
