           1    0.382622    0.382622           0
           2    0.370765    0.376693  0.00592831
           3    0.371149    0.374845  0.00388974
           4    0.384242    0.377195  0.00361713
           5    0.377999    0.377355  0.00280643
           6    0.386105    0.378814   0.0027161
           7    0.377771    0.378665  0.00230035
           8    0.379665     0.37879  0.00199608
           9      0.3758    0.378458  0.00179144
          10    0.381539    0.378766  0.00163166
          11    0.373315     0.37827  0.00155685
          12    0.381176    0.378512  0.00144169
          13    0.379567    0.378593  0.00132864
          14    0.374422    0.378295  0.00126566
          15    0.376768    0.378194  0.00118266
          16    0.376951    0.378116    0.001109
          17    0.378749    0.378153  0.00104239
          18    0.380711    0.378295 0.000992988
          19    0.376815    0.378217   0.0009425
          20    0.377725    0.378193 0.000894472
          21    0.374884    0.378035 0.000865281
          22    0.380532    0.378149 0.000832783
          23     0.38429    0.378416  0.00083936
          24    0.379036    0.378442 0.000804041
          25    0.373584    0.378247 0.000795308
          26    0.377018      0.3782  0.00076557
          27    0.382506    0.378359 0.000753736
          28      0.3757    0.378264 0.000732504
          29    0.377548     0.37824 0.000707226
          30    0.372155    0.378037 0.000712711
          31    0.377102    0.378007 0.000689996
          32     0.37794    0.378005 0.000668089
          33    0.376338    0.377954 0.000649495
          34    0.371572    0.377766 0.000657465
          35    0.378618    0.377791 0.000638867
          36    0.375341    0.377723 0.000624586
          37    0.377538    0.377718 0.000607491
          38    0.385116    0.377912 0.000622516
          39    0.375134    0.377841 0.000610516
          40    0.380844    0.377916 0.000599774
          41    0.377693    0.377911 0.000584988
          42    0.377351    0.377897 0.000571045
          43    0.381089    0.377972 0.000562526
          44    0.379756    0.378012 0.000551086
          45    0.375988    0.377967 0.000540577
          46     0.37766    0.377961 0.000528736
          47    0.378822    0.377979 0.000517689
          48    0.381838    0.378059 0.000513127
          49    0.377867    0.378055 0.000502561
          50     0.37629     0.37802 0.000493671
