           1    0.200829    0.200829           0
           2    0.187354    0.194091   0.0067374
           3    0.206064    0.198082  0.00557305
           4    0.198842    0.198272  0.00394531
           5    0.192565    0.197131  0.00326225
           6    0.190505    0.196026  0.00288344
           7    0.183359    0.194217  0.00303536
           8    0.180946    0.192558  0.00310833
           9     0.19318    0.192627  0.00274216
          10    0.184855     0.19185  0.00257287
          11    0.181847    0.190941  0.00249861
          12    0.197073    0.191452  0.00233745
          13    0.194467    0.191684  0.00216262
          14    0.186101    0.191285  0.00204152
          15    0.189155    0.191143  0.00190585
          16    0.200687    0.191739  0.00187991
          17    0.189265    0.191594  0.00177185
          18    0.195041    0.191785  0.00168146
          19    0.205153    0.192489  0.00173916
          20    0.171006    0.191415  0.00196877
          21    0.175101    0.190638  0.00202741
          22    0.188984    0.190563  0.00193452
          23    0.183798    0.190269  0.00187176
          24    0.175039    0.189634   0.0019011
          25     0.19547    0.189867  0.00183835
          26    0.185514      0.1897  0.00177415
          27    0.195375     0.18991  0.00172007
          28    0.192688    0.190009  0.00166047
          29    0.192042    0.190079  0.00160372
          30    0.194668    0.190232  0.00155687
          31    0.178002    0.189838  0.00155664
          32    0.183666    0.189645   0.0015195
          33    0.187927    0.189593  0.00147365
          34    0.201291    0.189937  0.00147047
          35    0.195261    0.190089  0.00143592
          36    0.186694    0.189995  0.00139865
          37    0.180918     0.18975  0.00138226
          38    0.206242    0.190184  0.00141367
          39    0.195866    0.190329  0.00138463
          40     0.19874    0.190539  0.00136585
          41    0.175328    0.190168  0.00138282
          42    0.172282    0.189743   0.0014151
          43    0.188275    0.189708  0.00138222
          44    0.180461    0.189498  0.00136669
          45    0.198372    0.189695  0.00135045
          46    0.197784    0.189871  0.00133242
          47    0.194805    0.189976  0.00130798
          48    0.193893    0.190058  0.00128304
          49    0.195862    0.190176  0.00126216
          50    0.187057    0.190114  0.00123823
          51    0.209848    0.190501  0.00127389
          52    0.207836    0.190834  0.00129287
          53    0.213539    0.191263  0.00133864
          54    0.178315    0.191023  0.00133532
          55    0.205635    0.191289  0.00133747
          56    0.208668    0.191599  0.00134954
          57    0.191635      0.1916  0.00132565
          58    0.176854    0.191345  0.00132717
          59    0.195095    0.191409  0.00130603
          60    0.194849    0.191466  0.00128536
          61    0.211456    0.191794   0.0013059
          62    0.204154    0.191993  0.00130004
          63    0.176901    0.191754  0.00130147
          64    0.199548    0.191875  0.00128675
          65    0.202557     0.19204  0.00127741
          66    0.201047    0.192176  0.00126529
          67    0.191184    0.192161  0.00124635
          68    0.186022    0.192071   0.0012312
          69    0.181544    0.191919  0.00122278
          70    0.207044    0.192135   0.0012244
          71    0.194151    0.192163  0.00120737
          72    0.187032    0.192092  0.00119261
          73    0.187164    0.192024   0.0011781
          74    0.188716     0.19198  0.00116293
          75    0.187724    0.191923  0.00114872
          76    0.181873    0.191791  0.00114119
          77     0.18581    0.191713  0.00112895
          78    0.187925    0.191664  0.00111544
          79    0.183281    0.191558  0.00110633
          80    0.186112     0.19149  0.00109453
          81    0.179562    0.191343  0.00109092
          82    0.194644    0.191383  0.00107829
          83    0.195106    0.191428  0.00106616
          84    0.184731    0.191348   0.0010564
          85    0.193325    0.191372  0.00104416
          86    0.186809    0.191319  0.00103331
          87    0.198601    0.191402  0.00102479
          88    0.186746    0.191349  0.00101446
          89    0.181496    0.191239  0.00100908
          90    0.212723    0.191477  0.00102597
          91    0.190685    0.191469  0.00101467
          92    0.183724    0.191384   0.0010071
          93    0.188029    0.191348 0.000996868
          94    0.190664    0.191341 0.000986233
          95    0.188377     0.19131 0.000976295
          96    0.197858    0.191378 0.000968477
          97    0.182611    0.191288 0.000962693
          98    0.185561    0.191229 0.000954609
          99    0.194648    0.191264 0.000945548
         100    0.201832    0.191369 0.000941992
