           1   -0.602058   -0.602058           0
           2   -0.601286   -0.601672   0.0003856
           3   -0.602007   -0.601784 0.000249092
           4   -0.601277   -0.601657  0.00021699
           5   -0.602299   -0.601785 0.000211536
           6   -0.601957   -0.601814 0.000175064
           7   -0.601334   -0.601745  0.00016305
           8   -0.602643   -0.601858 0.000180363
           9   -0.602125   -0.601887 0.000161811
          10   -0.601751   -0.601874 0.000145367
          11   -0.601441   -0.601834 0.000137254
          12   -0.601638   -0.601818 0.000126355
          13    -0.60147   -0.601791 0.000119267
          14   -0.602014   -0.601807 0.000111564
          15   -0.602426   -0.601849 0.000111762
          16    -0.60135   -0.601817 0.000109095
          17   -0.600734   -0.601754 0.000120663
          18   -0.601941   -0.601764 0.000114236
          19   -0.602155   -0.601785     0.00011
          20   -0.600869   -0.601739  0.00011396
          21   -0.602681   -0.601784 0.000117312
          22   -0.601188   -0.601757 0.000115083
          23   -0.602303    -0.60178 0.000112504
          24   -0.601005   -0.601748 0.000112458
          25   -0.602145   -0.601764 0.000109027
          26    -0.60281   -0.601804 0.000112205
          27   -0.600437   -0.601754 0.000119256
          28   -0.602338   -0.601774 0.000116801
          29   -0.601222   -0.601755 0.000114298
          30   -0.601566   -0.601749 0.000110602
          31   -0.601508   -0.601741 0.000107257
          32    -0.60211   -0.601753 0.000104487
          33   -0.601065   -0.601732 0.000103395
          34   -0.601132   -0.601714 0.000101848
          35   -0.601337   -0.601704 9.94816e-05
          36   -0.602204   -0.601717 9.76732e-05
          37   -0.601332   -0.601707 9.55661e-05
          38   -0.602102   -0.601717  9.3595e-05
          39   -0.601054     -0.6017 9.27351e-05
          40   -0.600738   -0.601676 9.35369e-05
          41   -0.600427   -0.601646 9.61798e-05
          42   -0.601804    -0.60165 9.39374e-05
          43   -0.602212   -0.601663 9.26545e-05
          44   -0.601603   -0.601661 9.05343e-05
          45   -0.602129   -0.601672 8.91072e-05
          46   -0.601054   -0.601658 8.81758e-05
          47   -0.601429   -0.601653 8.64174e-05
          48   -0.602329   -0.601667   8.576e-05
          49   -0.600363   -0.601641 8.81085e-05
          50   -0.601825   -0.601645 8.64067e-05
          51   -0.601899    -0.60165 8.48426e-05
          52    -0.60157   -0.601648 8.32089e-05
          53   -0.601754    -0.60165 8.16485e-05
          54   -0.601716   -0.601651 8.01315e-05
          55   -0.601067   -0.601641 7.93747e-05
          56   -0.602352   -0.601653 7.89727e-05
          57    -0.60091    -0.60164 7.86645e-05
          58   -0.600678   -0.601624 7.90584e-05
          59   -0.602295   -0.601635 7.85359e-05
          60   -0.601756   -0.601637 7.72422e-05
          61   -0.601583   -0.601636 7.59705e-05
          62   -0.601046   -0.601627 7.53382e-05
          63   -0.600954   -0.601616 7.48968e-05
          64   -0.601774   -0.601618 7.37584e-05
          65   -0.601726    -0.60162 7.26335e-05
          66   -0.601849   -0.601624 7.16083e-05
          67   -0.602157   -0.601632  7.0979e-05
          68   -0.601746   -0.601633 6.99475e-05
          69   -0.601608   -0.601633 6.89273e-05
          70   -0.602158    -0.60164 6.83491e-05
          71   -0.601714   -0.601641 6.73876e-05
          72   -0.601039   -0.601633 6.69694e-05
          73   -0.600706    -0.60162 6.72566e-05
          74   -0.602286   -0.601629 6.69478e-05
          75   -0.602423    -0.60164 6.68919e-05
          76   -0.603155    -0.60166 6.89514e-05
          77   -0.601222   -0.601654 6.82868e-05
          78   -0.601442   -0.601651 6.74603e-05
          79   -0.602146   -0.601658 6.68939e-05
          80   -0.601742   -0.601659 6.60608e-05
          81   -0.602244   -0.601666  6.5639e-05
          82   -0.602282   -0.601674 6.52668e-05
          83   -0.601098   -0.601667 6.48469e-05
          84   -0.601792   -0.601668 6.40876e-05
          85   -0.601746   -0.601669 6.33359e-05
          86   -0.602232   -0.601676 6.29365e-05
          87   -0.601134   -0.601669 6.25191e-05
          88   -0.601331   -0.601665 6.19238e-05
          89   -0.601698   -0.601666 6.12252e-05
          90   -0.601444   -0.601663 6.05913e-05
          91    -0.60231    -0.60167 6.03421e-05
          92   -0.600629   -0.601659 6.07472e-05
          93   -0.601377   -0.601656 6.01671e-05
          94   -0.601111    -0.60165 5.98052e-05
          95   -0.601107   -0.601645 5.94479e-05
          96    -0.60389   -0.601668 6.33063e-05
          97   -0.601222   -0.601663 6.28184e-05
          98   -0.602614   -0.601673 6.29256e-05
          99   -0.600958   -0.601666 6.27037e-05
         100   -0.601246   -0.601662 6.22151e-05
