           1     2.45915     2.45915           0
           2     2.50314     2.48115   0.0219938
           3     2.51385     2.49205   0.0167363
           4     2.50277     2.49473   0.0121339
           5     2.47422     2.49063   0.0102547
           6     2.48707     2.49003   0.0083939
           7     2.43726      2.4825   0.0103518
           8     2.55619     2.49171   0.0128543
           9     2.46376      2.4886   0.0117539
          10     2.48265     2.48801   0.0105299
          11     2.45366     2.48488   0.0100234
          12     2.49788     2.48597  0.00921392
          13     2.50652     2.48755  0.00862175
          14     2.46072     2.48563  0.00820902
          15     2.45982     2.48391  0.00783358
          16     2.44981     2.48178   0.0076313
          17     2.48464     2.48195  0.00717034
          18     2.44527     2.47991  0.00706067
          19     2.52169     2.48211  0.00703139
          20     2.46276     2.48114  0.00674032
          21     2.46133      2.4802  0.00648034
          22     2.44984     2.47882  0.00633095
          23     2.48309       2.479  0.00605228
          24     2.47635     2.47889  0.00579567
          25     2.45289     2.47785  0.00565548
          26     2.48928     2.47829  0.00545134
          27     2.49765     2.47901  0.00529433
          28     2.44506      2.4778  0.00524387
          29     2.44866     2.47679  0.00515863
          30     2.48044     2.47691  0.00498519
          31     2.47445     2.47683  0.00482235
          32      2.4994     2.47754  0.00472217
          33     2.46154     2.47705  0.00460245
          34     2.46268     2.47663  0.00448502
          35     2.45715     2.47608  0.00439041
          36      2.4897     2.47645  0.00428345
          37     2.47291     2.47636  0.00416717
          38     2.50926     2.47722  0.00414742
          39     2.49053     2.47756  0.00405406
          40     2.44383     2.47672   0.0040404
          41     2.47377     2.47665  0.00394128
          42      2.4708     2.47651  0.00384882
          43     2.48576     2.47673  0.00376439
          44     2.49024     2.47703  0.00369065
          45     2.48324     2.47717  0.00361033
          46      2.5102     2.47789  0.00360323
          47     2.48131     2.47796  0.00352648
          48     2.50292     2.47848  0.00349116
          49     2.47024     2.47831   0.0034233
          50     2.47351     2.47822  0.00335551
          51     2.46374     2.47793  0.00330129
          52     2.47586     2.47789  0.00323743
          53     2.46414     2.47763  0.00318634
          54     2.50183     2.47808  0.00315872
          55     2.51596     2.47877   0.0031763
          56     2.44542     2.47817  0.00317543
          57     2.47792     2.47817  0.00311922
          58     2.50193     2.47858  0.00309223
          59     2.43419     2.47783  0.00313109
          60     2.44298     2.47725  0.00313278
          61     2.49816     2.47759  0.00310002
          62     2.50779     2.47808  0.00308827
          63     2.47654     2.47805  0.00303896
          64     2.43675     2.47741  0.00305991
          65     2.49674      2.4777  0.00302712
          66     2.51193     2.47822  0.00302566
          67     2.50477     2.47862   0.0030064
          68     2.49583     2.47887  0.00297265
          69     2.47655     2.47884  0.00292945
          70     2.48475     2.47892  0.00288853
          71     2.46921     2.47879  0.00285084
          72     2.47334     2.47871  0.00281199
          73     2.46529     2.47853  0.00277929
          74     2.50901     2.47894  0.00277226
          75     2.46657     2.47877  0.00274001
          76     2.49462     2.47898  0.00271174
          77     2.51265     2.47942  0.00271178
          78     2.50369     2.47973  0.00269481
          79     2.45827     2.47946  0.00267432
          80     2.48076     2.47948  0.00264073
          81      2.5003     2.47973  0.00262057
          82     2.52437     2.48028  0.00264504
          83     2.47656     2.48023  0.00261336
          84     2.46963     2.48011  0.00258514
          85      2.4674     2.47996  0.00255892
          86     2.51397     2.48035  0.00255972
          87      2.4905     2.48047  0.00253282
          88     2.44762      2.4801  0.00253155
          89     2.49731     2.48029   0.0025104
          90     2.51414     2.48066  0.00251068
          91     2.48292     2.48069  0.00248306
          92     2.46511     2.48052  0.00246175
          93     2.45412     2.48024  0.00245163
          94     2.45506     2.47997  0.00244016
          95     2.53432     2.48054   0.0024812
          96     2.47809     2.48051  0.00245535
          97     2.48473     2.48056  0.00243029
          98     2.44484     2.48019  0.00243282
          99     2.46887     2.48008  0.00241084
         100     2.47261        2.48  0.00238778
