           1     0.05224     0.05224           0
           2   0.0515096   0.0518748   0.0003652
           3   0.0517808   0.0518435 0.000213164
           4   0.0502576    0.051447 0.000424152
           5   0.0477856   0.0507147 0.000802606
           6   0.0541616   0.0512892 0.000871481
           7   0.0447088   0.0503491  0.00119423
           8   0.0523712   0.0506019  0.00106467
           9   0.0499528   0.0505298  0.00094172
          10    0.049644   0.0504412 0.000846945
          11   0.0596408   0.0512775  0.00113417
          12   0.0462864   0.0508616  0.00111577
          13   0.0484768   0.0506782  0.00104262
          14   0.0526056   0.0508158 0.000975051
          15     0.05296   0.0509588  0.00091891
          16   0.0479272   0.0507693 0.000880196
          17   0.0468496   0.0505387 0.000858348
          18   0.0536128   0.0507095 0.000827083
          19   0.0549312   0.0509317 0.000813283
          20   0.0567016   0.0512202 0.000823721
          21   0.0518216   0.0512488 0.000784038
          22   0.0583296   0.0515707 0.000813893
          23   0.0482104   0.0514246 0.000791306
          24     0.05586   0.0516094 0.000779832
          25   0.0557672   0.0517757 0.000766255
          26   0.0510512   0.0517478 0.000736721
          27   0.0568456   0.0519367 0.000733622
          28   0.0550792   0.0520489  0.00071579
          29   0.0502424   0.0519866  0.00069347
          30   0.0538736   0.0520495 0.000672902
          31   0.0557112   0.0521676 0.000661465
          32   0.0495408   0.0520855   0.0006457
          33   0.0468392   0.0519265 0.000645705
          34   0.0506544   0.0518891 0.000627542
          35   0.0576016   0.0520523 0.000630829
          36   0.0549128   0.0521318 0.000618183
          37   0.0554864   0.0522225 0.000608041
          38   0.0500296   0.0521648  0.00059463
          39     0.05652   0.0522764  0.00058985
          40   0.0552504   0.0523508 0.000579702
          41   0.0508688   0.0523146 0.000566541
          42   0.0560168   0.0524028  0.00055987
          43   0.0548976   0.0524608 0.000549764
          44   0.0547704   0.0525133 0.000539683
          45   0.0525936   0.0525151 0.000527557
          46   0.0516016   0.0524952 0.000516343
          47    0.050864   0.0524605 0.000506428
          48   0.0562304    0.052539 0.000501948
          49   0.0486464   0.0524596 0.000497975
          50    0.056296   0.0525363  0.00049391
