           1    0.554985    0.554985           0
           2    0.526672    0.540828   0.0141564
           3    0.549381    0.543679  0.00865611
           4    0.569722     0.55019  0.00893614
           5    0.563295    0.552811  0.00740153
           6    0.583437    0.557915  0.00791047
           7    0.557902    0.557913  0.00668557
           8    0.539567     0.55562   0.0062275
           9     0.63821    0.564797   0.0106946
          10    0.560524     0.56437  0.00957512
          11    0.558856    0.563868  0.00867551
          12    0.483009     0.55713   0.0103983
          13      0.5174    0.554074   0.0100414
          14    0.528018    0.552213  0.00948103
          15    0.525829    0.550454  0.00899992
          16    0.578213    0.552189  0.00859556
          17    0.496927    0.548938  0.00870393
          18    0.583222    0.550843  0.00842429
          19    0.469862    0.546581  0.00903683
          20    0.595622    0.549033  0.00891687
          21     0.59154    0.551057  0.00871983
          22    0.551606    0.551082  0.00831407
          23    0.537159    0.550476  0.00796739
          24    0.498926    0.548328  0.00792483
          25    0.568872     0.54915  0.00764552
          26    0.587986    0.550644   0.0074959
          27    0.555232    0.550814  0.00721494
          28    0.572534     0.55159  0.00699563
          29     0.51021    0.550163  0.00689925
          30    0.539179    0.549797  0.00667536
          31    0.600939    0.551446  0.00666388
          32    0.547319    0.551317  0.00645356
          33    0.591379    0.552531  0.00637166
          34    0.556173    0.552638  0.00618235
          35    0.554394    0.552689  0.00600332
          36    0.577001    0.553364  0.00587314
          37    0.570349    0.553823  0.00573061
          38    0.580182    0.554517  0.00562074
          39    0.539305    0.554127   0.0054886
          40    0.577939    0.554722  0.00538264
          41    0.512898    0.553702  0.00534791
          42     0.54932    0.553598  0.00522007
          43    0.600668    0.554692  0.00521344
          44    0.541863    0.554401  0.00510192
          45    0.598634    0.555384   0.0050832
          46     0.54801    0.555223  0.00497405
          47    0.583293    0.555821  0.00490357
          48    0.521074    0.555097   0.0048546
          49    0.534316    0.554673  0.00477337
          50    0.532565     0.55423  0.00469778
