           1   -0.880035   -0.880035           0
           2   -0.877638   -0.878837   0.0011984
           3   -0.880485   -0.879386 0.000883452
           4   -0.880981   -0.879785 0.000741066
           5   -0.882686   -0.880365 0.000816259
           6    -0.87928   -0.880184 0.000690575
           7   -0.880254   -0.880194 0.000583728
           8   -0.881765   -0.880391 0.000542304
           9    -0.88081   -0.880437 0.000480528
          10   -0.882354   -0.880629 0.000470588
          11   -0.880376   -0.880606 0.000426283
          12   -0.880077   -0.880562  0.00039163
          13    -0.88005   -0.880522 0.000362395
          14   -0.878626   -0.880387 0.000361834
          15   -0.880256   -0.880378 0.000336962
          16    -0.88265    -0.88052 0.000345695
          17   -0.878646    -0.88041 0.000342919
          18   -0.880547   -0.880418 0.000323397
          19   -0.882997   -0.880553 0.000334672
          20   -0.881051   -0.880578 0.000318473
          21   -0.883334   -0.880709 0.000330139
          22   -0.882981   -0.880813 0.000331275
          23   -0.882762   -0.880897 0.000327689
          24   -0.881864   -0.880938 0.000316313
          25   -0.882986    -0.88102 0.000314261
          26   -0.881546    -0.88104  0.00030261
          27   -0.881693   -0.881064 0.000292189
          28   -0.883594   -0.881154 0.000295699
          29   -0.881314    -0.88116 0.000285373
          30   -0.883645   -0.881243 0.000287871
          31   -0.882109   -0.881271 0.000279829
          32    -0.88108   -0.881265 0.000271008
          33   -0.880178   -0.881232 0.000264725
          34   -0.881285   -0.881233 0.000256826
          35   -0.883024   -0.881284 0.000254574
          36   -0.883091   -0.881335 0.000252441
          37   -0.880672   -0.881317 0.000246176
          38   -0.881211   -0.881314 0.000239626
          39   -0.880482   -0.881293 0.000234375
          40    -0.88229   -0.881318 0.000229796
          41    -0.87976    -0.88128 0.000227318
          42   -0.881662   -0.881289 0.000222027
          43   -0.881824   -0.881301 0.000217159
          44   -0.879854   -0.881268 0.000214699
          45   -0.879872   -0.881237 0.000212154
          46   -0.883478   -0.881286 0.000213135
          47    -0.88031   -0.881265 0.000209581
          48   -0.882608   -0.881293 0.000207067
          49    -0.88199   -0.881307 0.000203296
          50   -0.882869   -0.881339 0.000201621
