           1    0.429548    0.429548           0
           2    0.429025    0.429287 0.000261125
           3    0.423085    0.427219  0.00207263
           4    0.423984    0.426411  0.00167391
           5    0.428305     0.42679  0.00135084
           6    0.434687    0.428106   0.0017173
           7    0.430995    0.428519  0.00150894
           8    0.426933     0.42832  0.00132172
           9     0.42393    0.427833   0.0012636
          10    0.422233    0.427273   0.0012613
          11    0.434118    0.427895  0.00129957
          12    0.420638     0.42729  0.00133158
          13    0.435173    0.427897  0.00136676
          14    0.431906    0.428183  0.00129738
          15    0.438012    0.428838  0.00137411
          16    0.432787    0.429085  0.00130883
          17     0.42029    0.428568  0.00133385
          18     0.43334    0.428833  0.00128521
          19    0.417741    0.428249   0.0013486
          20    0.429117    0.428292  0.00128013
          21    0.427475    0.428254  0.00121827
          22    0.430081    0.428337  0.00116454
          23    0.433154    0.428546  0.00113229
          24    0.432946    0.428729  0.00109948
          25    0.438347    0.429114  0.00112256
          26     0.44095    0.429569  0.00117065
          27    0.436126    0.429812  0.00115234
          28    0.424565    0.429625  0.00112612
          29    0.429507    0.429621   0.0010866
          30    0.430134    0.429638   0.0010499
          31    0.426677    0.429542  0.00101995
          32    0.433299     0.42966 0.000994511
          33    0.430269    0.429678 0.000964081
          34    0.433921    0.429803 0.000943583
          35    0.433398    0.429906 0.000921966
          36    0.425712    0.429789 0.000903531
          37    0.422805      0.4296 0.000898815
          38     0.42889    0.429582 0.000875043
          39    0.426066    0.429492 0.000857063
          40    0.426657    0.429421 0.000838362
          41    0.428832    0.429406 0.000817785
          42    0.430219    0.429426 0.000798311
          43    0.431803    0.429481 0.000781483
          44    0.429867     0.42949 0.000763566
          45    0.429035     0.42948 0.000746473
          46    0.431617    0.429526 0.000731543
          47    0.421871    0.429363 0.000734104
          48    0.427195    0.429318 0.000720066
          49    0.429001    0.429312 0.000705247
          50    0.436961    0.429465 0.000707731
