           1   0.0271856   0.0271856           0
           2   0.0281644    0.027675   0.0004894
           3     0.02465   0.0266667  0.00104717
           4   0.0294116   0.0273529  0.00100956
           5   0.0283708   0.0275565 0.000808063
           6   0.0255464   0.0272215 0.000739963
           7    0.027612   0.0272773 0.000627866
           8   0.0288996     0.02748 0.000580334
           9   0.0291808    0.027669 0.000545579
          10   0.0295504   0.0278572 0.000522992
          11   0.0327108   0.0282984 0.000646902
          12    0.030252   0.0284612 0.000612568
          13      0.0279    0.028418 0.000565131
          14    0.027186     0.02833 0.000530559
          15     0.02901   0.0283754    0.000496
          16   0.0305728   0.0285127 0.000483866
          17   0.0246652   0.0282864 0.000507744
          18   0.0289392   0.0283226 0.000480078
          19   0.0273016   0.0282689 0.000457277
          20   0.0292796   0.0283194 0.000436744
          21   0.0299532   0.0283972 0.000422649
          22   0.0275384   0.0283582 0.000404866
          23   0.0286544   0.0283711 0.000387077
          24   0.0284352   0.0283737 0.000370608
          25    0.029294   0.0284106 0.000357375
          26   0.0286452   0.0284196 0.000343474
          27   0.0278696   0.0283992 0.000331135
          28   0.0287252   0.0284109 0.000319302
          29   0.0293708    0.028444 0.000309868
          30   0.0302864   0.0285054 0.000305596
          31   0.0271916    0.028463 0.000298596
          32   0.0286472   0.0284688 0.000289172
          33   0.0265104   0.0284094 0.000286486
          34   0.0265268    0.028354 0.000283394
          35   0.0279352   0.0283421 0.000275438
          36   0.0300216   0.0283887 0.000271713
          37    0.027786   0.0283724 0.000264769
          38   0.0267896   0.0283308 0.000261052
          39     0.02736   0.0283059 0.000255485
          40   0.0283792   0.0283077 0.000249023
          41    0.027862   0.0282968 0.000243117
          42   0.0317904     0.02838 0.000251416
          43    0.026852   0.0283445 0.000248058
          44   0.0303116   0.0283892 0.000246444
          45   0.0292932   0.0284093 0.000241741
          46   0.0289516   0.0284211 0.000236721
          47   0.0304728   0.0284647 0.000235708
          48   0.0278444   0.0284518 0.000231106
          49    0.027806   0.0284386 0.000226724
          50   0.0266348   0.0284026 0.000225054
          51   0.0266396    0.028368 0.000223289
          52   0.0312884   0.0284241 0.000226041
          53    0.026668    0.028391 0.000224197
          54   0.0286204   0.0283953 0.000220047
          55   0.0256248   0.0283449 0.000221805
          56   0.0280088   0.0283389  0.00021789
          57   0.0255928   0.0282907 0.000219389
          58   0.0312816   0.0283423 0.000221655
          59    0.027614   0.0283299 0.000218215
          60   0.0289184   0.0283397 0.000214771
          61   0.0279724   0.0283337 0.000211307
          62   0.0300428   0.0283613 0.000209691
          63   0.0304012   0.0283937 0.000208861
          64   0.0292732   0.0284074  0.00020603
          65   0.0298912   0.0284302 0.000204116
          66    0.026782   0.0284053 0.000202545
          67   0.0263088    0.028374 0.000201938
          68   0.0268184   0.0283511 0.000200257
          69   0.0271176   0.0283332 0.000198142
          70   0.0289156   0.0283415 0.000195468
          71   0.0259068   0.0283072 0.000195722
          72    0.029156    0.028319 0.000193345
          73   0.0290736   0.0283294 0.000190958
          74   0.0293004   0.0283425 0.000188816
          75   0.0287688   0.0283482 0.000186368
          76   0.0291904   0.0283593 0.000184233
          77   0.0274184    0.028347 0.000182235
          78   0.0271932   0.0283322 0.000180491
          79   0.0296108   0.0283484 0.000178925
          80   0.0287772   0.0283538 0.000176755
          81   0.0287148   0.0283582 0.000174616
          82   0.0285864    0.028361 0.000172496
          83   0.0259168   0.0283316 0.000172931
          84   0.0258576   0.0283021  0.00017338
          85   0.0256292   0.0282707  0.00017419
          86   0.0272488   0.0282588 0.000172562
          87   0.0289512   0.0282668 0.000170753
          88   0.0280988   0.0282649 0.000168812
          89   0.0266544   0.0282468 0.000167882
          90   0.0301836   0.0282683 0.000167396
          91    0.030742   0.0282955 0.000167763
          92   0.0261668   0.0282723 0.000167535
          93   0.0293792   0.0282842  0.00016615
          94   0.0269484     0.02827 0.000164987
          95   0.0274944   0.0282618 0.000163445
          96   0.0270868   0.0282496 0.000162196
          97   0.0275616   0.0282425 0.000160671
          98   0.0256668   0.0282162 0.000161181
          99   0.0287564   0.0282217 0.000159638
         100    0.028172   0.0282212 0.000158034
