           1     0.20736     0.20736           0
           2    0.208693    0.208027 0.000666259
           3    0.208337     0.20813 0.000398373
           4    0.209809     0.20855 0.000505577
           5    0.207591    0.208358 0.000436033
           6    0.208126    0.208319 0.000358124
           7    0.209835    0.208536 0.000372091
           8    0.206828    0.208322 0.000386523
           9     0.20716    0.208193 0.000364542
          10    0.208838    0.208258 0.000332366
          11    0.210058    0.208421 0.000342277
          12    0.210133    0.208564 0.000343463
          13    0.210623    0.208722 0.000353407
          14    0.204986    0.208455  0.00042221
          15    0.209085    0.208497 0.000395293
          16    0.207046    0.208407 0.000380724
          17     0.20992    0.208496 0.000368545
          18    0.207218    0.208425 0.000354646
          19    0.211694    0.208597 0.000377019
          20    0.206745    0.208504 0.000369463
          21    0.205632    0.208368 0.000377109
          22    0.207368    0.208322 0.000362418
          23    0.208824    0.208344 0.000346989
          24    0.208382    0.208346 0.000332221
          25    0.210933    0.208449 0.000335039
          26    0.208679    0.208458 0.000322016
          27    0.207669    0.208429 0.000311236
          28    0.206521     0.20836 0.000307555
          29    0.209657    0.208405 0.000300107
          30    0.208738    0.208416 0.000290143
          31    0.206908    0.208368 0.000284813
          32    0.206662    0.208314 0.000280872
          33    0.206121    0.208248 0.000280224
          34    0.208397    0.208252 0.000271893
          35    0.209794    0.208296 0.000267662
          36    0.207002     0.20826 0.000262592
          37     0.20802    0.208254 0.000255479
          38    0.206339    0.208203 0.000253722
          39    0.209649    0.208241 0.000249896
          40    0.206422    0.208195 0.000247775
          41    0.208223    0.208196 0.000241657
          42    0.207988    0.208191 0.000235885
          43    0.209553    0.208222 0.000232501
          44    0.209353    0.208248 0.000228603
          45    0.210721    0.208303  0.00023012
          46    0.206572    0.208265 0.000228184
          47    0.210048    0.208303 0.000226474
          48    0.208776    0.208313 0.000221924
          49    0.207603    0.208299  0.00021783
          50    0.208066    0.208294  0.00021348
