           1     10.0107     10.0107           0
           2     9.64391     9.82729    0.183387
           3     9.72266     9.79242    0.111475
           4      9.9027     9.81999   0.0835071
           5        9.89     9.83399   0.0661826
           6     9.85239     9.83706   0.0541249
           7     9.83552     9.83684   0.0457444
           8     9.87714     9.84188   0.0399348
           9     9.94544     9.85338   0.0370514
          10      9.6876      9.8368    0.037055
          11     9.85958     9.83888   0.0335814
          12     9.65461     9.82352   0.0342863
          13     9.49611     9.79833    0.040361
          14     9.92487     9.80737   0.0384446
          15      10.031     9.82228   0.0387707
          16     9.81194     9.82163   0.0362725
          17     9.84176     9.82282   0.0340926
          18     9.86784     9.82532     0.03224
          19     9.77949     9.82291   0.0305912
          20     9.46409     9.80497   0.0341191
          21     9.59803     9.79511   0.0339168
          22      9.8667     9.79837   0.0325017
          23     9.74716     9.79614   0.0311362
          24     9.55267       9.786   0.0314894
          25     9.63009     9.77976   0.0308407
          26     9.67935      9.7759   0.0298814
          27     9.74612     9.77479   0.0287745
          28     9.86864     9.77815   0.0279296
          29     10.1579     9.79124   0.0299629
          30     9.51251     9.78195   0.0304014
          31     9.60174     9.77614   0.0299735
          32     9.71078      9.7741   0.0290935
          33     9.95169     9.77948   0.0287071
          34     9.92083     9.78363   0.0281586
          35     9.66863     9.78035    0.027539
          36     9.42575      9.7705   0.0285181
          37     9.74142     9.76971   0.0277478
          38     10.0094     9.77602   0.0277347
          39     9.67324     9.77339   0.0271424
          40     9.93272     9.77737   0.0267533
          41     10.1144     9.78559   0.0273566
          42     9.78291     9.78552   0.0266974
          43     9.76616     9.78507    0.026073
          44     9.81689      9.7858   0.0254838
          45     9.98633     9.79025   0.0253065
          46     9.61685     9.78648   0.0250357
          47     9.79031     9.78657   0.0244974
          48     9.58754     9.78242   0.0243374
          49     9.99804     9.78682   0.0242383
          50     9.73177     9.78572   0.0237741
          51     10.1425     9.79271   0.0243306
          52     9.78794     9.79262   0.0238583
          53     9.92524     9.79512   0.0235372
          54      9.7866     9.79497   0.0230978
          55     10.1341     9.80113   0.0234976
          56     9.91747     9.80321   0.0231675
          57     9.61751     9.79995   0.0229894
          58     9.70527     9.79832   0.0226485
          59     9.89752         9.8   0.0223247
          60     10.0036      9.8034   0.0222103
          61       10.03     9.80711   0.0221568
          62      10.295     9.81498   0.0231734
          63     9.60328     9.81162   0.0230489
          64     9.66273     9.80929   0.0228049
          65     9.86717     9.81018   0.0224689
          66     9.54435     9.80616   0.0224895
          67     9.57528     9.80271   0.0224177
          68     9.54277     9.79889    0.022414
          69     9.51591     9.79479   0.0224643
          70     9.77572     9.79451   0.0221427
          71     9.93763     9.79653   0.0219215
          72     9.83498     9.79706   0.0216215
          73     9.78188     9.79685   0.0213242
          74     9.89377     9.79816   0.0210748
          75     9.87473     9.79919    0.020817
          76     9.74731      9.7985   0.0205526
          77     9.97625     9.80081   0.0204148
          78     9.45114     9.79633    0.020644
          79     9.41202     9.79146   0.0209536
          80     9.61329     9.78924   0.0208095
          81      9.7542      9.7888   0.0205556
          82     9.76805     9.78855   0.0203049
          83     9.62502     9.78658   0.0201553
          84      9.9939     9.78905   0.0200663
          85     10.0521     9.79214   0.0200688
          86     9.65899     9.79059   0.0198944
          87     9.97693     9.79274   0.0197807
          88     9.69595     9.79164   0.0195855
          89     9.67083     9.79028   0.0194117
          90     9.67408     9.78899   0.0192382
          91     10.2655     9.79422    0.019733
          92     9.94597     9.79587   0.0195869
          93     9.93911     9.79741   0.0194363
          94     9.54882     9.79477   0.0194094
          95     9.48295     9.79149   0.0194825
          96     9.76092     9.79117   0.0192811
          97     9.80975     9.79136   0.0190822
          98     9.59507     9.78936   0.0189924
          99     10.0077     9.79156   0.0189285
         100     10.1216     9.79486   0.0190267
