           1    0.438547    0.438547           0
           2    0.431317    0.434932   0.0036154
           3    0.431693    0.433852  0.00234997
           4    0.435232    0.434197   0.0016971
           5    0.438421    0.435042  0.00156261
           6    0.429667    0.434146  0.00155896
           7    0.434226    0.434158  0.00131761
           8    0.434386    0.434186  0.00114144
           9    0.437669    0.434573  0.00107847
          10     0.42692    0.433808  0.00123137
          11    0.432713    0.433708  0.00111825
          12     0.43688    0.433973  0.00105449
          13    0.429083    0.433597  0.00104036
          14    0.433839    0.433614 0.000963341
          15    0.429978    0.433371 0.000929002
          16    0.433048    0.433351 0.000869236
          17    0.436168    0.433517 0.000833153
          18    0.440845    0.433924 0.000884733
          19    0.433377    0.433895 0.000837369
          20    0.426687    0.433535 0.000872335
          21    0.430446    0.433388  0.00084269
          22    0.436826    0.433544 0.000818532
          23    0.442055    0.433914 0.000865258
          24       0.427    0.433626 0.000877089
          25    0.431273    0.433532 0.000846521
          26    0.431633    0.433459 0.000816583
          27    0.434247    0.433488   0.0007863
          28    0.438596    0.433671 0.000779352
          29    0.437926    0.433817  0.00076618
          30    0.430512    0.433707 0.000748355
          31     0.43206    0.433654  0.00072576
          32    0.428814    0.433503 0.000718804
          33    0.434447    0.433531 0.000697269
          34    0.437725    0.433655 0.000687601
          35    0.436195    0.433727   0.0006716
          36    0.432014     0.43368 0.000654411
          37    0.433812    0.433683 0.000636489
          38    0.439307    0.433831 0.000636945
          39    0.432242     0.43379 0.000621735
          40    0.437647    0.433887 0.000613613
          41    0.438031    0.433988 0.000606935
          42    0.430055    0.433894 0.000599666
          43    0.431197    0.433832 0.000588905
          44    0.435852    0.433877 0.000577194
          45    0.436125    0.433927 0.000566428
          46    0.441898    0.434101 0.000580442
          47    0.443027    0.434291 0.000598874
          48    0.433021    0.434264 0.000586861
          49    0.436809    0.434316 0.000577101
          50    0.435451    0.434339 0.000565896
          51     0.43552    0.434362 0.000555173
          52    0.429257    0.434264 0.000553175
          53    0.434639    0.434271 0.000542683
          54    0.434293    0.434271 0.000532539
          55    0.438115    0.434341 0.000527416
          56     0.44022    0.434446 0.000528445
          57    0.429746    0.434364 0.000525601
          58    0.433977    0.434357 0.000516502
          59    0.438336    0.434424 0.000512132
          60    0.436432    0.434458 0.000504634
          61    0.432167     0.43442 0.000497712
          62    0.431554    0.434374 0.000491797
          63    0.433344    0.434358 0.000484204
          64    0.436041    0.434384 0.000477303
          65    0.439036    0.434456 0.000475321
          66    0.431216    0.434407  0.00047063
          67    0.431523    0.434364 0.000465547
          68    0.431315    0.434319 0.000460835
          69    0.424811    0.434181 0.000474552
          70    0.435315    0.434197 0.000468004
          71    0.433081    0.434181 0.000461634
          72    0.438843    0.434246 0.000459758
          73    0.432356     0.43422 0.000454155
          74    0.434344    0.434222 0.000447979
          75    0.433985    0.434219 0.000441977
          76    0.429843    0.434161 0.000439906
          77    0.437542    0.434205  0.00043637
          78    0.437829    0.434252 0.000433237
          79    0.430919    0.434209 0.000429793
          80    0.431339    0.434173   0.0004259
          81     0.43893    0.434232  0.00042469
          82    0.439595    0.434298 0.000424545
          83    0.433235    0.434285 0.000419594
          84    0.434666    0.434289 0.000414594
          85     0.43526    0.434301 0.000409847
          86    0.435492    0.434315  0.00040529
          87    0.437074    0.434346 0.000401857
          88    0.436608    0.434372 0.000398095
          89    0.436615    0.434397 0.000394403
          90    0.424702    0.434289 0.000404601
          91    0.437774    0.434328 0.000401958
          92    0.433742    0.434321 0.000397616
          93    0.438065    0.434362 0.000395371
          94    0.430129    0.434317 0.000393726
          95    0.427026     0.43424 0.000397047
          96    0.436602    0.434265  0.00039366
          97    0.436308    0.434286 0.000390149
          98    0.437921    0.434323 0.000387926
          99    0.434459    0.434324  0.00038399
         100    0.437641    0.434357 0.000381576
