           1   -0.735457   -0.735457           0
           2   -0.735437   -0.735447 9.99999e-06
           3   -0.735634   -0.735509 6.27993e-05
           4   -0.736204   -0.735683 0.000179254
           5   -0.734386   -0.735424 0.000294294
           6    -0.73597   -0.735515 0.000256996
           7   -0.737502   -0.735799 0.000357416
           8   -0.736434   -0.735878 0.000319574
           9   -0.736537   -0.735951 0.000291188
          10   -0.734784   -0.735834 0.000285405
          11   -0.737367   -0.735974 0.000293362
          12   -0.735155   -0.735906 0.000276354
          13   -0.734453   -0.735794 0.000277688
          14   -0.735649   -0.735783 0.000257298
          15   -0.734894   -0.735724 0.000246756
          16   -0.737098    -0.73581  0.00024628
          17    -0.73601   -0.735822  0.00023164
          18    -0.73559   -0.735809  0.00021877
          19   -0.735606   -0.735798 0.000207213
          20   -0.735155   -0.735766 0.000199192
          21   -0.735033   -0.735731 0.000192661
          22   -0.735278   -0.735711 0.000184845
          23   -0.737588   -0.735792 0.000194574
          24   -0.735129   -0.735765  0.00018833
          25   -0.737152    -0.73582 0.000188972
          26   -0.733614   -0.735735 0.000200414
          27   -0.735658   -0.735732 0.000192869
          28   -0.735606   -0.735728 0.000185909
          29   -0.735322   -0.735714 0.000179928
          30   -0.735441   -0.735705 0.000174065
          31   -0.735408   -0.735695 0.000168628
          32   -0.735893   -0.735701  0.00016339
          33   -0.735226   -0.735687 0.000159017
          34   -0.735143   -0.735671 0.000155096
          35   -0.735236   -0.735659 0.000151111
          36   -0.737072   -0.735698 0.000152012
          37    -0.73557   -0.735694 0.000147886
          38    -0.73815   -0.735759 0.000157787
          39    -0.73497   -0.735739 0.000155012
          40   -0.735999   -0.735745 0.000151227
          41   -0.736278   -0.735758 0.000148063
          42     -0.7356   -0.735755 0.000144544
          43    -0.73505   -0.735738 0.000142089
          44   -0.736289   -0.735751 0.000139385
          45   -0.735205   -0.735739 0.000136791
          46   -0.734678   -0.735715 0.000135758
          47   -0.734711   -0.735694 0.000134546
          48   -0.735506    -0.73569 0.000131771
          49   -0.734798   -0.735672 0.000130333
          50    -0.73684   -0.735695 0.000129819
          51    -0.73531   -0.735688 0.000127472
          52   -0.736615   -0.735706 0.000126263
          53   -0.736734   -0.735725  0.00012537
          54   -0.736065   -0.735731 0.000123187
          55   -0.736362   -0.735743  0.00012147
          56   -0.734597   -0.735722 0.000121023
          57   -0.736047   -0.735728 0.000119018
          58   -0.736419    -0.73574 0.000117553
          59   -0.736022   -0.735745 0.000115642
          60   -0.737271    -0.73577  0.00011651
          61   -0.736772   -0.735787 0.000115755
          62   -0.735278   -0.735778 0.000114168
          63   -0.735126   -0.735768 0.000112818
          64   -0.735766   -0.735768 0.000111041
          65   -0.736367   -0.735777 0.000109707
          66   -0.734841   -0.735763  0.00010896
          67   -0.735057   -0.735752 0.000107838
          68   -0.734891    -0.73574 0.000106992
          69   -0.736394   -0.735749 0.000105856
          70   -0.736179   -0.735755 0.000104514
          71   -0.734564   -0.735739 0.000104389
          72   -0.735849    -0.73574  0.00010294
          73   -0.734967    -0.73573 0.000102071
          74   -0.734997    -0.73572 0.000101168
          75   -0.736044   -0.735724 9.99036e-05
          76   -0.735839   -0.735726 9.85919e-05
          77   -0.734576   -0.735711 9.84417e-05
          78   -0.736301   -0.735718 9.74656e-05
          79   -0.736516   -0.735728 9.67525e-05
          80   -0.735106    -0.73572 9.58511e-05
          81   -0.735545   -0.735718 9.46852e-05
          82   -0.735608   -0.735717 9.35331e-05
          83   -0.735283   -0.735712  9.2547e-05
          84   -0.735604    -0.73571 9.14476e-05
          85   -0.735786   -0.735711 9.03698e-05
          86   -0.735682   -0.735711 8.93134e-05
          87   -0.734586   -0.735698 8.92223e-05
          88    -0.73469   -0.735687 8.89428e-05
          89   -0.736967   -0.735701  8.9107e-05
          90   -0.735675   -0.735701 8.81119e-05
          91   -0.735727   -0.735701 8.71387e-05
          92   -0.735284   -0.735697 8.63055e-05
          93   -0.737667   -0.735718 8.79629e-05
          94   -0.735737   -0.735718 8.70223e-05
          95   -0.735729   -0.735718 8.61015e-05
          96   -0.735329   -0.735714 8.52963e-05
          97   -0.735757   -0.735714 8.44136e-05
          98   -0.735266    -0.73571 8.36727e-05
          99   -0.735498   -0.735708  8.2851e-05
         100   -0.735952    -0.73571 8.20547e-05
