           1   -0.537702   -0.537702           0
           2   -0.538459   -0.538081   0.0003784
           3   -0.538044   -0.538069 0.000218813
           4   -0.537714    -0.53798 0.000178363
           5   -0.538772   -0.538138 0.000210217
           6   -0.537768   -0.538077 0.000182397
           7   -0.538209   -0.538095 0.000155307
           8   -0.538848   -0.538189 0.000164133
           9   -0.538065   -0.538176 0.000145413
          10   -0.539042   -0.538262 0.000156252
          11   -0.538384   -0.538273 0.000141768
          12   -0.537973   -0.538248 0.000131817
          13   -0.537182   -0.538166 0.000146372
          14   -0.538712   -0.538205 0.000141009
          15   -0.537818   -0.538179 0.000133782
          16   -0.538899   -0.538224 0.000132981
          17   -0.539022   -0.538271 0.000133425
          18   -0.538265   -0.538271 0.000125795
          19   -0.538768   -0.538297 0.000121831
          20   -0.537359    -0.53825 0.000124731
          21   -0.537395    -0.53821 0.000125435
          22   -0.538263   -0.538212 0.000119623
          23   -0.538448   -0.538222 0.000114763
          24   -0.538052   -0.538215 0.000110106
          25   -0.538255   -0.538217 0.000105622
          26   -0.538905   -0.538243 0.000104873
          27   -0.537795   -0.538227 0.000102269
          28   -0.537994   -0.538218 9.88969e-05
          29   -0.538387   -0.538224 9.56033e-05
          30   -0.537895   -0.538213 9.30101e-05
          31   -0.538056   -0.538208 9.01025e-05
          32   -0.538882   -0.538229 8.97442e-05
          33    -0.53814   -0.538226 8.70241e-05
          34    -0.53793   -0.538218 8.48761e-05
          35   -0.537641   -0.538201 8.40476e-05
          36   -0.538456   -0.538208 8.19856e-05
          37   -0.537736   -0.538196 8.07542e-05
          38   -0.537485   -0.538177 8.07952e-05
          39   -0.537431   -0.538158 8.09854e-05
          40    -0.53872   -0.538172 8.01767e-05
          41   -0.537482   -0.538155  7.9984e-05
          42   -0.537619   -0.538142 7.90919e-05
          43   -0.537747   -0.538133  7.7775e-05
          44    -0.53819   -0.538134 7.59981e-05
          45   -0.538166   -0.538135 7.42934e-05
          46   -0.537318   -0.538117 7.47978e-05
          47   -0.537404   -0.538102 7.47459e-05
          48   -0.538639   -0.538113 7.40227e-05
          49   -0.538374   -0.538119 7.26919e-05
          50   -0.536822   -0.538093 7.58001e-05
          51   -0.537649   -0.538084 7.48071e-05
          52   -0.538206   -0.538086 7.33921e-05
          53   -0.538605   -0.538096 7.26556e-05
          54    -0.53821   -0.538098 7.13284e-05
          55    -0.53755   -0.538088 7.07244e-05
          56   -0.538042   -0.538087  6.9455e-05
          57   -0.538286   -0.538091 6.83141e-05
          58   -0.537878   -0.538087 6.72259e-05
          59   -0.537653    -0.53808 6.64856e-05
          60   -0.538267   -0.538083 6.54427e-05
          61   -0.538504    -0.53809 6.47299e-05
          62   -0.538576   -0.538098 6.41581e-05
          63   -0.537608    -0.53809 6.36084e-05
          64   -0.539269   -0.538108 6.52599e-05
          65   -0.537542     -0.5381 6.48371e-05
          66   -0.538806    -0.53811 6.47369e-05
          67   -0.538281   -0.538113  6.3814e-05
          68   -0.537846   -0.538109 6.29906e-05
          69   -0.537356   -0.538098  6.3023e-05
          70    -0.53915   -0.538113 6.39094e-05
          71   -0.538381   -0.538117 6.31156e-05
          72   -0.538186   -0.538118 6.22403e-05
          73    -0.53721   -0.538105 6.26278e-05
          74   -0.537801   -0.538101 6.19127e-05
          75   -0.537869   -0.538098 6.11602e-05
          76   -0.537339   -0.538088 6.11709e-05
          77   -0.538125   -0.538089 6.03731e-05
          78   -0.538852   -0.538098 6.03922e-05
          79    -0.53768   -0.538093 5.98577e-05
          80   -0.538181   -0.538094 5.91149e-05
          81   -0.537762    -0.53809 5.85241e-05
          82   -0.539043   -0.538102 5.89628e-05
          83   -0.538923   -0.538112 5.90828e-05
          84   -0.538378   -0.538115 5.84615e-05
          85   -0.539366    -0.53813 5.96164e-05
          86   -0.537914   -0.538127 5.89726e-05
          87   -0.538804   -0.538135 5.88078e-05
          88   -0.538145   -0.538135 5.81358e-05
          89   -0.538257   -0.538136 5.74952e-05
          90   -0.537691   -0.538131 5.70675e-05
          91   -0.538803   -0.538139 5.69177e-05
          92   -0.539167    -0.53815 5.73948e-05
          93   -0.538299   -0.538152 5.67969e-05
          94   -0.538341   -0.538154 5.62255e-05
          95   -0.537948   -0.538151 5.56726e-05
          96   -0.538369   -0.538154 5.51362e-05
          97   -0.539149   -0.538164 5.55208e-05
          98   -0.539075   -0.538173 5.57326e-05
          99   -0.537555   -0.538167 5.55188e-05
         100   -0.537556   -0.538161 5.52994e-05
