           1     6.84498     6.84498           0
           2     6.94444     6.89471   0.0497311
           3     6.92422     6.90455   0.0303506
           4     6.78721     6.87521   0.0363468
           5     7.04125     6.90842   0.0435356
           6     6.76717     6.88488   0.0426353
           7     6.83932     6.87837   0.0366164
           8     6.81884     6.87093   0.0325722
           9     6.95272     6.88002   0.0301294
          10     7.23314     6.91533   0.0444208
          11     6.89678     6.91364   0.0402155
          12     6.87697     6.91059   0.0368385
          13     6.92532     6.91172   0.0339054
          14     6.91203     6.91174   0.0313903
          15     6.71428     6.89858   0.0320511
          16     7.06118     6.90874   0.0316566
          17     6.88837     6.90754   0.0297603
          18     6.88416     6.90624   0.0280883
          19     6.60834     6.89056   0.0308503
          20     6.39377     6.86572   0.0383873
          21     6.76519     6.86094   0.0368261
          22     6.86962     6.86133   0.0351146
          23     7.04203     6.86919   0.0344606
          24     6.91465     6.87108   0.0330479
          25     6.64757     6.86214   0.0329351
          26     6.91509     6.86418   0.0317085
          27     6.48064     6.84997   0.0336563
          28     6.74124     6.84609   0.0326636
          29     7.11942     6.85551   0.0328963
          30     6.83357     6.85478   0.0317892
          31     6.74405     6.85121   0.0309535
          32     6.76395     6.84848   0.0300944
          33     6.94817     6.85151   0.0293242
          34     6.85767     6.85169   0.0284492
          35     6.71979     6.84792   0.0278803
          36     6.85947     6.84824   0.0270967
          37      7.0087     6.85258   0.0267086
          38     6.86058     6.85279   0.0259971
          39     6.93653     6.85493   0.0254126
          40     6.74525     6.85219   0.0249205
          41     6.51208      6.8439   0.0256817
          42     7.12245     6.85053   0.0259254
          43     6.89319     6.85152   0.0253348
          44     6.86083     6.85173   0.0247532
          45     6.89514      6.8527   0.0242161
          46     6.92662      6.8543   0.0237383
          47     7.16054     6.86082   0.0241243
          48     6.92262     6.86211   0.0236514
          49     6.99199     6.86476   0.0233149
          50     6.97976     6.86706   0.0229593
