           1    0.435945    0.435945           0
           2    0.434819    0.435382  0.00056271
           3    0.438498    0.436421  0.00108829
           4    0.447701    0.439241  0.00292328
           5    0.440116    0.439416  0.00227111
           6    0.441776    0.439809   0.0018956
           7    0.440087    0.439849  0.00160257
           8    0.446469    0.440676  0.00161585
           9    0.441104    0.440724  0.00142583
          10    0.441001    0.440752  0.00127561
          11    0.449433    0.441541  0.00139791
          12    0.441875    0.441569  0.00127642
          13    0.439456    0.441406  0.00118532
          14    0.437378    0.441118  0.00113448
          15    0.449948    0.441707   0.0012091
          16    0.436812    0.441401  0.00117165
          17    0.437991      0.4412  0.00111871
          18     0.43381     0.44079  0.00113182
          19     0.43646    0.440562  0.00109458
          20    0.439455    0.440507  0.00103988
          21    0.440378    0.440501 0.000989145
          22    0.445456    0.440726 0.000969637
          23    0.429665    0.440245  0.00104388
          24    0.446529    0.440507  0.00103317
          25    0.450131    0.440892  0.00106313
          26    0.439254    0.440829  0.00102336
          27    0.437797    0.440716 0.000991108
          28    0.431555    0.440389  0.00100955
          29    0.436865    0.440268 0.000981666
          30    0.436592    0.440145 0.000956262
          31    0.441844      0.4402 0.000926522
          32    0.447119    0.440416 0.000922789
          33     0.43613    0.440286 0.000903772
          34    0.440006    0.440278 0.000876826
          35    0.449088     0.44053 0.000887832
          36    0.435164    0.440381 0.000875595
          37    0.436082    0.440265  0.00085949
          38    0.445345    0.440398 0.000847182
          39    0.447819    0.440589 0.000846826
          40    0.444321    0.440682 0.000830641
          41    0.438451    0.440627 0.000811954
          42    0.438303    0.440572 0.000794316
          43     0.43979    0.440554 0.000775837
          44    0.435817    0.440446 0.000765604
          45    0.439097    0.440416 0.000748998
          46    0.435666    0.440313 0.000739779
          47    0.444096    0.440393  0.00072833
          48    0.437904    0.440342 0.000714879
          49      0.4426    0.440388 0.000701653
          50     0.43475    0.440275 0.000696662
          51    0.439784    0.440265 0.000682933
          52    0.440973    0.440279 0.000669809
          53    0.443656    0.440343 0.000660133
          54    0.440031    0.440337 0.000647818
          55    0.440788    0.440345 0.000635984
          56     0.44422    0.440414 0.000628345
          57    0.433201    0.440288 0.000630061
          58    0.440466    0.440291 0.000619111
          59    0.440693    0.440298 0.000608565
          60    0.450065     0.44046 0.000620084
          61    0.443703    0.440514 0.000612146
          62    0.442183     0.44054 0.000602794
          63    0.440207    0.440535 0.000593172
          64    0.444163    0.440592 0.000586576
          65    0.439708    0.440578 0.000577641
          66    0.443826    0.440627 0.000570945
          67    0.443454     0.44067  0.00056394
          68     0.44565    0.440743 0.000560391
          69    0.431862    0.440614 0.000567012
          70    0.440596    0.440614 0.000558853
          71    0.442689    0.440643   0.0005517
          72     0.44179    0.440659 0.000544217
          73    0.448525    0.440767 0.000547418
          74    0.438941    0.440742 0.000540534
          75    0.438337     0.44071 0.000534241
          76    0.444446    0.440759 0.000529451
          77    0.438535     0.44073 0.000523328
          78    0.450043     0.44085 0.000530193
          79    0.448434    0.440946 0.000532169
          80    0.432209    0.440837 0.000536704
          81    0.441394    0.440843 0.000530081
          82    0.446407    0.440911 0.000527955
          83    0.441514    0.440919 0.000521605
          84    0.440633    0.440915  0.00051537
          85    0.430787    0.440796 0.000523023
          86     0.43306    0.440706 0.000524674
          87    0.441099    0.440711 0.000518628
          88     0.44632    0.440774 0.000516648
          89    0.431637    0.440672 0.000521025
          90    0.444988     0.44072 0.000517431
          91    0.445035    0.440767 0.000513906
          92    0.438674    0.440744 0.000508798
          93    0.434269    0.440675 0.000508091
          94    0.443464    0.440704 0.000503532
          95    0.433382    0.440627 0.000504131
          96    0.444772     0.44067 0.000500717
          97    0.441596     0.44068  0.00049562
          98    0.436888    0.440641  0.00049206
          99     0.44458    0.440681 0.000488686
         100    0.441021    0.440684 0.000483787
