           1   0.0269128   0.0269128           0
           2   0.0258664   0.0263896   0.0005232
           3   0.0266456   0.0264749 0.000313891
           4   0.0260736   0.0263746 0.000243579
           5   0.0288616    0.026872 0.000531982
           6   0.0257904   0.0266917 0.000470283
           7   0.0186824   0.0255475  0.00121126
           8     0.03068   0.0261891  0.00122962
           9    0.025108    0.026069  0.00109105
          10   0.0298576   0.0264478  0.00104683
          11   0.0269208   0.0264908 0.000947869
          12   0.0259936   0.0264494 0.000866274
          13   0.0260176   0.0264162 0.000797548
          14   0.0272552   0.0264761 0.000740814
          15   0.0239752   0.0263094 0.000709527
          16   0.0256008   0.0262651 0.000665178
          17   0.0294584   0.0264529 0.000652451
          18    0.025084   0.0263769  0.00061982
          19   0.0271976   0.0264201  0.00058788
          20   0.0259816   0.0263982 0.000558143
          21     0.02412   0.0262897  0.00054187
          22    0.028748   0.0264014 0.000528598
          23   0.0290552   0.0265168 0.000518104
          24    0.028904   0.0266163 0.000505921
          25   0.0286456   0.0266974 0.000492005
          26   0.0299464   0.0268224 0.000488941
          27   0.0285392    0.026886 0.000474761
          28   0.0284544    0.026942 0.000460908
          29   0.0277712   0.0269706 0.000445649
          30   0.0267824   0.0269643 0.000430583
          31   0.0312968   0.0271041 0.000439286
          32   0.0293296   0.0271736 0.000430986
          33   0.0278992   0.0271956   0.0004183
          34   0.0296336   0.0272673 0.000412097
          35   0.0284928   0.0273023 0.000401678
          36   0.0235648   0.0271985 0.000403931
          37    0.023416   0.0270963 0.000405946
          38   0.0254552   0.0270531 0.000397472
          39   0.0254904    0.027013 0.000389214
          40    0.026656   0.0270041 0.000379464
          41   0.0264088   0.0269896 0.000370378
          42   0.0267688   0.0269843  0.00036149
          43   0.0294552   0.0270418  0.00035763
          44   0.0321832   0.0271586 0.000368428
          45   0.0255288   0.0271224 0.000361964
          46   0.0236504   0.0270469 0.000361965
          47   0.0258608   0.0270217 0.000355078
          48   0.0291008    0.027065  0.00035029
          49   0.0269552   0.0270628 0.000343074
          50   0.0280136   0.0270818  0.00033668
