           1    0.447627    0.447627           0
           2    0.432683    0.440155  0.00747183
           3    0.423682    0.434664  0.00698282
           4    0.440664    0.436164  0.00516042
           5    0.434072    0.435746  0.00401909
           6    0.445595    0.437387  0.00366929
           7    0.430886    0.436458  0.00323723
           8    0.446886    0.437762  0.00309169
           9    0.438632    0.437858  0.00272833
          10    0.437657    0.437838  0.00244037
          11     0.44418    0.438415  0.00228144
          12     0.44882    0.439282  0.00225597
          13    0.431749    0.438703  0.00215457
          14    0.432597    0.438266  0.00204186
          15    0.452633    0.439224  0.00212855
          16    0.434286    0.438916  0.00201485
          17    0.450007    0.439568  0.00200193
          18    0.448868    0.440085  0.00195687
          19    0.437847    0.439967  0.00185475
          20    0.440325    0.439985  0.00175967
          21    0.453727    0.440639  0.00179715
          22    0.445398    0.440855  0.00172711
          23    0.421272    0.440004  0.00185703
          24    0.455317    0.440642  0.00188898
          25    0.437296    0.440508  0.00181679
          26    0.426327    0.439963  0.00182874
          27    0.437924    0.439887  0.00176132
          28    0.434442    0.439693  0.00170836
          29    0.433852    0.439491  0.00166066
          30    0.445088    0.439678  0.00161515
          31    0.436218    0.439566  0.00156617
          32    0.424599    0.439099  0.00158692
          33    0.445345    0.439288  0.00154969
          34    0.438848    0.439275  0.00150347
          35    0.441983    0.439352  0.00146193
          36    0.444877    0.439506  0.00142901
          37     0.45113     0.43982  0.00142491
          38    0.442054    0.439879  0.00138815
          39    0.434652    0.439745  0.00135872
          40    0.429738    0.439495  0.00134774
          41    0.434566    0.439374  0.00131994
          42    0.458694    0.439834  0.00136779
          43    0.438079    0.439793  0.00133623
          44     0.44741    0.439967  0.00131694
          45    0.421555    0.439557  0.00135079
          46    0.449612    0.439776  0.00133906
          47    0.445802    0.439904  0.00131651
          48     0.43354    0.439772   0.0012956
          49    0.433904    0.439652  0.00127452
          50    0.442049      0.4397  0.00124969
