           1   -0.975632   -0.975632           0
           2     -0.9726   -0.974116    0.001516
           3   -0.970858    -0.97303  0.00139491
           4   -0.975922   -0.973753  0.00122291
           5   -0.972494   -0.973501 0.000980129
           6   -0.971525   -0.973172 0.000865408
           7   -0.975866   -0.973557 0.000826469
           8   -0.975462   -0.973795 0.000754348
           9   -0.973322   -0.973742 0.000667347
          10   -0.972898   -0.973658  0.00060284
          11   -0.978926   -0.974137 0.000725775
          12    -0.97153   -0.973919 0.000697252
          13   -0.973232   -0.973867 0.000643555
          14    -0.97197   -0.973731 0.000611029
          15   -0.973098   -0.973689 0.000570403
          16   -0.973877   -0.973701 0.000533692
          17   -0.969856   -0.973474 0.000549967
          18   -0.974571   -0.973535 0.000522081
          19   -0.974066   -0.973563 0.000494627
          20   -0.978678   -0.973819 0.000534417
          21   -0.972886   -0.973775 0.000510268
          22   -0.977211   -0.973931 0.000510984
          23    -0.97292   -0.973887 0.000490236
          24   -0.972163   -0.973815 0.000474828
          25   -0.975957   -0.973901 0.000463426
          26   -0.979114   -0.974101 0.000488305
          27   -0.977786   -0.974238 0.000489286
          28    -0.97383   -0.974223 0.000471712
          29   -0.979234   -0.974396 0.000486844
          30   -0.971456   -0.974298 0.000480437
          31   -0.969661   -0.974148 0.000488163
          32   -0.974475   -0.974159 0.000472773
          33    -0.97512   -0.974188 0.000459147
          34   -0.976787   -0.974264 0.000451952
          35   -0.976434   -0.974326 0.000443205
          36   -0.973675   -0.974308 0.000431098
          37   -0.975186   -0.974332 0.000419955
          38   -0.977006   -0.974402  0.00041477
          39   -0.969838   -0.974285 0.000420601
          40   -0.974835   -0.974299 0.000410182
          41   -0.977925   -0.974387 0.000409711
          42   -0.974419   -0.974388 0.000399837
          43   -0.971784   -0.974328 0.000395097
          44   -0.978506   -0.974422 0.000397521
          45   -0.976571    -0.97447 0.000391509
          46     -0.9746   -0.974473 0.000382914
          47   -0.974696   -0.974478 0.000374708
          48   -0.975922   -0.974508  0.00036805
          49   -0.973934   -0.974496 0.000360651
          50     -0.9784   -0.974574 0.000361887
