           1    0.383829    0.383829           0
           2     0.39497      0.3894  0.00557062
           3    0.380691    0.386497  0.00433253
           4    0.391268     0.38769  0.00328761
           5     0.39707    0.389566  0.00316305
           6    0.383046    0.388479  0.00280189
           7    0.394814    0.389384  0.00253506
           8    0.388732    0.389303  0.00219694
           9    0.386672     0.38901  0.00195944
          10    0.385282    0.388637  0.00179179
          11    0.379836    0.387837  0.00180748
          12    0.392939    0.388262  0.00170387
          13    0.397093    0.388942   0.0017082
          14    0.375079    0.387952  0.00186591
          15    0.380283     0.38744  0.00181073
          16    0.379085    0.386918  0.00177245
          17    0.388651     0.38702  0.00166805
          18    0.367942     0.38596  0.00189647
          19    0.388937    0.386117  0.00180072
          20    0.395692    0.386596  0.00177413
          21    0.394088    0.386952  0.00172484
          22    0.378401    0.386564  0.00168987
          23    0.394378    0.386903  0.00165009
          24    0.374633    0.386392  0.00166051
          25    0.389872    0.386531  0.00159878
          26    0.380298    0.386292  0.00155465
          27    0.396065    0.386654  0.00153913
          28    0.379715    0.386406   0.0015037
          29    0.387336    0.386438  0.00145128
          30    0.399814    0.386884  0.00147125
          31    0.394823     0.38714  0.00144587
          32    0.384326    0.387052  0.00140271
          33    0.392773    0.387225  0.00137055
          34    0.382884    0.387098  0.00133575
          35     0.39556    0.387339  0.00131936
          36    0.381202    0.387169  0.00129347
          37    0.377234      0.3869  0.00128636
          38    0.375834    0.386609  0.00128547
          39    0.395024    0.386825  0.00127054
          40    0.402094    0.387207  0.00129587
          41    0.390424    0.387285   0.0012663
          42    0.373783    0.386964  0.00127691
          43    0.390906    0.387055  0.00125023
          44    0.385387    0.387017  0.00122207
          45    0.391965    0.387127  0.00119966
          46    0.386468    0.387113  0.00117337
          47    0.392983    0.387238  0.00115491
          48    0.363263    0.386738  0.00123601
          49    0.377495     0.38655  0.00122513
          50    0.393754    0.386694  0.00120899
          51     0.37427     0.38645  0.00120983
          52    0.380565    0.386337  0.00119172
          53    0.389057    0.386388  0.00117015
          54    0.391831    0.386489  0.00115269
          55    0.389576    0.386545  0.00113293
          56    0.377582    0.386385  0.00112397
          57    0.384434    0.386351   0.0011046
          58     0.38795    0.386379  0.00108574
          59    0.396736    0.386554  0.00108152
          60    0.382676     0.38649  0.00106531
          61    0.386869    0.386496  0.00104772
          62    0.384899     0.38647    0.001031
          63    0.373543    0.386265  0.00103505
          64    0.373847    0.386071  0.00103706
          65    0.397765    0.386251  0.00103671
          66    0.384554    0.386225   0.0010212
          67    0.379476    0.386124  0.00101088
          68    0.377784    0.386002  0.00100342
          69    0.368848    0.385753  0.00101955
          70    0.392236    0.385846  0.00100914
          71    0.388304     0.38588 0.000995423
          72    0.385208    0.385871 0.000981545
          73     0.39332    0.385973 0.000973369
          74    0.390919     0.38604 0.000962449
          75    0.389736    0.386089 0.000950808
          76    0.380956    0.386022 0.000940641
          77     0.37304    0.385853  0.00094353
          78    0.371826    0.385673 0.000948557
          79    0.397015    0.385817 0.000947413
          80    0.380872    0.385755 0.000937535
          81    0.373561    0.385604 0.000938047
          82    0.385027    0.385597 0.000926564
          83    0.390955    0.385662 0.000917605
          84    0.401909    0.385855 0.000927018
          85      0.3813    0.385802 0.000917613
          86    0.378181    0.385713 0.000911199
          87     0.39864    0.385862 0.000912838
          88    0.393835    0.385952 0.000906943
          89    0.377456    0.385857 0.000901763
          90    0.403131    0.386049  0.00091211
          91     0.38582    0.386046 0.000902035
          92    0.372591      0.3859 0.000904084
          93     0.38496     0.38589 0.000894367
          94     0.38738    0.385906 0.000884943
          95    0.371537    0.385754 0.000888547
          96    0.387715    0.385775  0.00087948
          97    0.378776    0.385703 0.000873351
          98    0.375454    0.385598 0.000870696
          99    0.372043    0.385461 0.000872664
         100    0.386887    0.385475 0.000864011
