           1    0.297532    0.297532           0
           2    0.301235    0.299383  0.00185188
           3    0.301776    0.300181  0.00133396
           4    0.301676    0.300555  0.00101461
           5    0.300055    0.300455 0.000792242
           6    0.298341    0.300103 0.000736601
           7    0.302498    0.300445 0.000710425
           8    0.297995    0.300139 0.000687268
           9    0.296556    0.299741 0.000725133
          10    0.303698    0.300136 0.000759796
          11    0.300134    0.300136 0.000687261
          12    0.301305    0.300234   0.0006349
          13    0.300757    0.300274 0.000585407
          14    0.298595    0.300154 0.000555091
          15    0.303178    0.300355 0.000554698
          16    0.299672    0.300313 0.000520628
          17    0.303688    0.300511 0.000527819
          18    0.299012    0.300428 0.000504551
          19    0.302968    0.300562 0.000495628
          20     0.30113     0.30059 0.000471051
          21    0.301035    0.300611 0.000448559
          22    0.299639    0.300567 0.000429962
          23    0.298066    0.300458 0.000424989
          24    0.297877    0.300351 0.000420875
          25    0.298509    0.300277 0.000410359
          26    0.301028    0.300306 0.000395316
          27    0.303874    0.300438 0.000402698
          28    0.300837    0.300452 0.000388311
          29    0.301553     0.30049 0.000376598
          30    0.301302    0.300517 0.000364834
          31    0.298195    0.300442 0.000360737
          32    0.294241    0.300249 0.000399441
          33    0.300309     0.30025 0.000387152
          34    0.300878    0.300269 0.000376046
          35    0.300319     0.30027 0.000365146
          36    0.299026    0.300236 0.000356538
          37    0.303092    0.300313 0.000355254
          38    0.304404    0.300421 0.000362155
          39    0.299176    0.300389 0.000354187
          40    0.297579    0.300318 0.000352293
          41    0.303709    0.300401 0.000353402
          42    0.299373    0.300377 0.000345753
          43    0.304437    0.300471 0.000350573
          44     0.29764    0.300407 0.000348505
          45    0.299369    0.300384 0.000341452
          46    0.302028    0.300419 0.000335854
          47    0.301208    0.300436 0.000329058
          48    0.302461    0.300478  0.00032488
          49    0.298598     0.30044 0.000320487
          50    0.295711    0.300345 0.000327945
