           1    0.124548    0.124548           0
           2    0.118245    0.121396   0.0031514
           3    0.119891    0.120895  0.00188736
           4    0.122912    0.121399  0.00142669
           5    0.118462    0.120812  0.00125151
           6    0.119938    0.120666  0.00103216
           7    0.111882    0.119411  0.00152828
           8    0.109343    0.118153  0.00182638
           9    0.127223     0.11916  0.00190002
          10    0.131212    0.120366   0.0020834
          11    0.126125    0.120889  0.00195588
          12    0.127945    0.121477   0.0018798
          13    0.123493    0.121632   0.0017361
          14    0.118254    0.121391  0.00162533
          15    0.121246    0.121381  0.00151313
          16    0.131169    0.121993  0.00154194
          17    0.129038    0.122407  0.00150652
          18    0.116856    0.122099  0.00145345
          19    0.122022    0.122095  0.00137483
          20    0.125983    0.122289  0.00131869
          21    0.127279    0.122527  0.00127663
          22    0.116848    0.122269  0.00124429
          23     0.12253     0.12228  0.00118902
          24    0.110637    0.121795  0.00123746
          25    0.132556    0.122226  0.00126257
          26    0.120816    0.122171  0.00121425
          27    0.114564     0.12189  0.00120191
          28    0.126345    0.122049  0.00116907
          29     0.11676    0.121866  0.00114268
          30    0.131345    0.122182  0.00114826
          31    0.118451    0.122062   0.0011171
          32    0.130638     0.12233  0.00111434
          33    0.129501    0.122547  0.00110169
          34     0.11573    0.122347  0.00108744
          35    0.125262     0.12243  0.00105919
          36    0.118782    0.122329  0.00103432
          37    0.122751     0.12234  0.00100604
          38    0.122461    0.122343 0.000979215
          39    0.115034    0.122156 0.000972014
          40    0.126599    0.122267 0.000953891
          41    0.124027     0.12231 0.000931324
          42    0.129792    0.122488 0.000926172
          43    0.120576    0.122444 0.000905469
          44    0.117783    0.122338  0.00089097
          45    0.135211    0.122624 0.000916727
          46    0.125222     0.12268 0.000898354
          47    0.121439    0.122654 0.000879429
          48    0.124526    0.122693 0.000861796
          49    0.124987     0.12274 0.000845323
          50    0.121116    0.122707  0.00082888
          51    0.123672    0.122726 0.000812685
          52    0.118449    0.122644 0.000801137
          53    0.121541    0.122623 0.000786151
          54    0.127452    0.122712  0.00077662
          55    0.116704    0.122603 0.000770156
          56    0.126307    0.122669 0.000759166
          57     0.13441    0.122875 0.000773653
          58    0.123859    0.122892 0.000760387
          59    0.115536    0.122768 0.000757717
          60    0.122872    0.122769 0.000744984
          61    0.123948    0.122789 0.000732924
          62    0.137566    0.123027 0.000759382
          63     0.11365    0.122878 0.000761911
          64    0.111915    0.122707 0.000769227
          65    0.121598     0.12269 0.000757492
          66    0.125729    0.122736 0.000747347
          67    0.129755    0.122841 0.000743526
          68    0.121445     0.12282 0.000732797
          69    0.115707    0.122717 0.000729421
          70    0.119784    0.122675 0.000720145
          71    0.123186    0.122682 0.000709966
          72    0.121019    0.122659 0.000700418
          73    0.114728    0.122551 0.000699247
          74    0.124842    0.122581 0.000690428
          75    0.113304    0.122458   0.0006923
          76    0.111076    0.122308 0.000699352
          77    0.113231     0.12219 0.000700204
          78    0.117612    0.122131 0.000693656
          79    0.117003    0.122067 0.000687889
          80     0.12194    0.122065 0.000679238
          81     0.12398    0.122089 0.000671217
          82     0.12729    0.122152 0.000666009
          83    0.122247    0.122153 0.000657936
          84    0.130761    0.122256 0.000658084
          85    0.127764     0.12232 0.000653517
          86    0.121635    0.122313 0.000645923
          87    0.124996    0.122343   0.0006392
          88    0.128777    0.122416  0.00063611
          89    0.123406    0.122428  0.00062902
          90    0.119614    0.122396 0.000622777
          91    0.141349    0.122605 0.000650157
          92    0.116517    0.122538 0.000646447
          93    0.126687    0.122583 0.000641012
          94    0.126499    0.122625 0.000635523
          95    0.106803    0.122458  0.00065048
          96    0.125483     0.12249 0.000644439
          97    0.120676    0.122471 0.000638035
          98    0.118521    0.122431 0.000632776
          99    0.131057    0.122518 0.000632383
         100    0.113292    0.122426 0.000632788
