           1     1.58625     1.58625           0
           2     1.60624     1.59625  0.00999308
           3     1.59842     1.59697  0.00581491
           4     1.57831     1.59231  0.00621897
           5     1.58537     1.59092  0.00501302
           6     1.60483     1.59324  0.00470446
           7     1.59755     1.59385  0.00402339
           8     1.60367     1.59508  0.00369405
           9     1.58241     1.59367  0.00354905
          10     1.59923     1.59423  0.00322269
          11     1.61664     1.59627   0.0035565
          12     1.60285     1.59682   0.0032926
          13     1.63376     1.59966  0.00415332
          14     1.56158     1.59694  0.00470979
          15     1.59214     1.59662  0.00439623
          16     1.60356     1.59705  0.00413514
          17     1.59173     1.59674  0.00389687
          18     1.59683     1.59674  0.00367401
          19     1.58309     1.59603   0.0035488
          20      1.6039     1.59642  0.00338963
          21     1.57204     1.59526  0.00342676
          22     1.58069      1.5946   0.0033337
          23     1.57602     1.59379  0.00328629
          24     1.60439     1.59423  0.00317725
          25     1.58237     1.59376  0.00308423
          26     1.57261     1.59294  0.00307281
          27     1.59565     1.59304  0.00295852
          28     1.61129     1.59369  0.00292443
          29     1.59668      1.5938  0.00282366
          30     1.58426     1.59348  0.00274638
          31     1.60687     1.59391  0.00269118
          32      1.6147     1.59456  0.00268549
          33     1.60504     1.59488  0.00262213
          34     1.59871     1.59499  0.00254633
          35     1.61889     1.59567  0.00256508
          36     1.61775     1.59629  0.00256711
          37     1.62708     1.59712  0.00263182
          38     1.59786     1.59714   0.0025617
          39     1.59378     1.59705  0.00249664
          40     1.58549     1.59676  0.00245054
          41     1.61035      1.5971   0.0024129
          42     1.59192     1.59697  0.00235797
          43     1.61032     1.59728  0.00232332
          44     1.55513     1.59632   0.0024638
          45      1.6043      1.5965  0.00241494
          46     1.60587     1.59671  0.00237062
          47     1.60586      1.5969   0.0023278
          48     1.60044     1.59697  0.00227998
          49     1.58691     1.59677  0.00224239
          50     1.59585     1.59675  0.00219716
