           1    0.213752    0.213752           0
           2    0.216053    0.214903  0.00115093
           3    0.214961    0.214922 0.000664774
           4    0.212009    0.214194 0.000866789
           5    0.214571    0.214269 0.000675638
           6    0.215382    0.214455  0.00058202
           7     0.21544    0.214595 0.000511658
           8    0.214656    0.214603 0.000443173
           9    0.213683    0.214501 0.000403974
          10    0.215245    0.214575 0.000368912
          11    0.213856     0.21451 0.000340033
          12    0.215327    0.214578  0.00031779
          13    0.216471    0.214724 0.000326591
          14    0.215731    0.214796 0.000310805
          15    0.213865    0.214734 0.000295924
          16    0.215232    0.214765 0.000278556
          17    0.217103    0.214902  0.00029561
          18    0.213996    0.214852  0.00028321
          19     0.21281    0.214744  0.00028865
          20    0.213035    0.214659 0.000286858
          21    0.214108    0.214633 0.000274117
          22    0.214804    0.214641 0.000261476
          23    0.213919    0.214609  0.00025181
          24    0.214386      0.2146 0.000241269
          25    0.215135    0.214621 0.000232405
          26    0.214132    0.214602 0.000224078
          27    0.214329    0.214592 0.000215858
          28    0.213837    0.214565 0.000209747
          29    0.214205    0.214553 0.000202766
          30    0.215643    0.214589 0.000199229
          31    0.215067    0.214605 0.000193311
          32    0.213033    0.214556 0.000193508
          33    0.212931    0.214506 0.000193906
          34    0.214625     0.21451 0.000188148
          35    0.214926    0.214522 0.000183081
          36     0.21382    0.214502 0.000178986
          37     0.21464    0.214506 0.000174121
          38    0.214264      0.2145 0.000169596
          39    0.215816    0.214533 0.000168603
          40     0.21479     0.21454 0.000164459
          41    0.213652    0.214518 0.000161853
          42    0.213412    0.214492 0.000160134
          43    0.215458    0.214514 0.000157973
          44    0.214014    0.214503  0.00015476
          45    0.214214    0.214496 0.000151418
          46    0.214327    0.214493 0.000148135
          47    0.215343    0.214511 0.000146074
          48    0.216632    0.214555 0.000149672
          49    0.214998    0.214564 0.000146865
          50    0.214577    0.214564 0.000143898
          51    0.211546    0.214505 0.000152965
          52    0.214626    0.214507 0.000150013
          53    0.212333    0.214466 0.000152769
          54    0.215895    0.214493  0.00015223
          55    0.213675    0.214478 0.000150174
          56    0.215482    0.214496 0.000148553
          57    0.215632    0.214516 0.000147279
          58    0.214175     0.21451 0.000144836
          59    0.215019    0.214519 0.000142621
          60    0.214176    0.214513 0.000140341
          61    0.213759    0.214501 0.000138573
          62    0.216216    0.214528 0.000139099
          63    0.214746    0.214532 0.000136917
          64    0.214156    0.214526 0.000134889
          65    0.216068     0.21455   0.0001349
          66     0.21406    0.214542 0.000133047
          67    0.214675    0.214544 0.000131061
          68    0.215772    0.214562 0.000130376
          69    0.214037    0.214555 0.000128698
          70    0.214479    0.214553  0.00012685
          71    0.214919    0.214559 0.000125157
          72    0.215493    0.214572 0.000124087
          73    0.213481    0.214557 0.000123284
          74    0.214938    0.214562 0.000121715
          75    0.214964    0.214567 0.000120201
          76    0.214832    0.214571  0.00011866
          77    0.213169    0.214552 0.000118515
          78    0.215431    0.214564 0.000117527
          79    0.215329    0.214573 0.000116433
          80    0.214671    0.214575 0.000114975
          81    0.214697    0.214576 0.000113557
          82    0.214361    0.214574 0.000112194
          83    0.214816    0.214576 0.000110872
          84    0.214666    0.214578  0.00010955
          85    0.214829     0.21458 0.000108294
          86    0.215601    0.214592 0.000107683
          87    0.215675    0.214605 0.000107162
          88    0.215034     0.21461  0.00010605
          89     0.21409    0.214604 0.000105014
          90    0.214169    0.214599 0.000103953
          91    0.216151    0.214616  0.00010421
          92    0.214804    0.214618 0.000103091
          93    0.215319    0.214626 0.000102255
          94    0.214839    0.214628 0.000101187
          95    0.213417    0.214615 0.000100923
          96     0.21512     0.21462 0.000100005
          97    0.212892    0.214603 0.000100561
          98    0.212973    0.214586 0.000100909
          99    0.213317    0.214573 0.000100704
         100    0.213159    0.214559  0.00010069
