           1     1.98764     1.98764           0
           2     1.99506     1.99135  0.00371224
           3     1.99985     1.99418  0.00355437
           4     1.98398     1.99163  0.00358024
           5      2.0116     1.99563  0.00486268
           6     1.98213     1.99338  0.00456296
           7     2.01317     1.99621  0.00478194
           8     2.00244     1.99699  0.00421393
           9      2.0003     1.99735  0.00373452
          10     1.99883      1.9975   0.0033435
          11     2.00349     1.99805  0.00307301
          12     1.99884     1.99811  0.00280605
          13      1.9862      1.9972  0.00273895
          14     2.00057     1.99744  0.00254718
          15     2.01468     1.99859  0.00263511
          16     2.00611     1.99906  0.00250933
          17     2.01331     1.99989  0.00250182
          18     1.97748     1.99865   0.0026672
          19     1.98833     1.99811  0.00258069
          20     1.95881     1.99614   0.0031393
          21     2.00617     1.99662  0.00302405
          22     2.00772     1.99712  0.00292717
          23      2.0151     1.99791  0.00290418
          24     1.99079     1.99761  0.00279631
          25     2.00506     1.99791  0.00269865
          26     1.99477     1.99779  0.00259558
          27     2.02202     1.99868  0.00265395
          28     2.02327     1.99956  0.00270392
          29     2.00119     1.99962  0.00260962
          30     1.99265     1.99939  0.00253181
          31     2.00404     1.99954  0.00245338
          32     2.02094      2.0002  0.00246782
          33      1.9923     1.99997  0.00240382
          34     1.98644     1.99957  0.00236576
          35      2.0108     1.99989   0.0023195
          36     2.02608     2.00062  0.00236862
          37     1.99975     2.00059  0.00230383
          38     1.99443     2.00043  0.00224824
          39     1.97798     1.99985  0.00226422
          40     2.02689     2.00053  0.00230805
          41     2.01212     2.00081  0.00226873
          42     1.96692     2.00001  0.00235653
          43     1.99398     1.99987  0.00230534
          44     2.01353     2.00018  0.00227363
          45     1.98951     1.99994  0.00223514
          46      2.0019     1.99998  0.00218643
          47     1.98988     1.99977  0.00215018
          48     2.00641     1.99991  0.00210945
          49     2.00706     2.00005   0.0020711
          50     1.97778     1.99961  0.00207755
          51     1.99486     1.99951  0.00203854
          52     2.00198     1.99956  0.00199951
          53     1.99486     1.99947  0.00196343
          54     1.99793     1.99944  0.00192694
          55     1.98451     1.99917  0.00191097
          56     1.98256     1.99887  0.00189984
          57     2.00677     1.99901  0.00187134
          58     1.99454     1.99894  0.00184041
          59     1.99344     1.99884  0.00181135
          60     1.98865     1.99867  0.00178899
          61     1.98613     1.99847  0.00177139
          62     2.00744     1.99861  0.00174858
          63     2.00737     1.99875   0.0017262
          64     2.01468       1.999  0.00171716
          65     1.98193     1.99874  0.00171082
          66     2.01147     1.99893  0.00169571
          67      1.9865     1.99874  0.00168048
          68     1.96116     1.99819  0.00174541
          69     1.98547     1.99801  0.00172979
          70     2.01625     1.99827  0.00172471
          71      2.0038     1.99835  0.00170202
          72     2.01093     1.99852  0.00168729
          73      1.9986     1.99852  0.00166402
          74     2.00579     1.99862  0.00164431
          75     2.00614     1.99872  0.00162533
          76     1.99333     1.99865  0.00160537
          77     1.99499      1.9986  0.00158509
          78     2.03856     1.99911  0.00164637
          79     2.00103     1.99914  0.00162558
          80     2.02334     1.99944  0.00163338
          81     1.99867     1.99943  0.00161312
          82     1.98379     1.99924   0.0016047
          83     2.02732     1.99958  0.00162094
          84     2.02073     1.99983  0.00162119
          85     2.04428     2.00035   0.0016852
          86     2.00429      2.0004  0.00166612
          87     2.03861     2.00084   0.0017044
          88     1.98997     2.00072  0.00168945
          89     1.99745     2.00068  0.00167076
          90     1.99298     2.00059   0.0016543
          91     2.00915     2.00069  0.00163872
          92      1.9848     2.00051  0.00162999
          93      2.0212     2.00074  0.00162763
          94     1.99771      2.0007  0.00161054
          95     2.03311     2.00105  0.00162959
          96     1.99621       2.001  0.00161331
          97     2.01658     2.00116  0.00160466
          98     1.97412     2.00088  0.00161199
          99     1.98633     2.00073  0.00160237
         100     1.97312     2.00046  0.00161012
