           1     15.7638     15.7638           0
           2     14.9318     15.3478    0.415999
           3      15.019     15.2382    0.264005
           4      16.005     15.4299    0.267573
           5     14.9888     15.3417    0.225255
           6     14.8169     15.2542    0.203656
           7     14.4584     15.1405    0.206279
           8     15.9362       15.24    0.204462
           9     15.3262     15.2496    0.180572
          10     15.8145     15.3061    0.171105
          11     16.5499     15.4191    0.191675
          12     15.4305     15.4201    0.174977
          13     14.2385     15.3292    0.184844
          14     14.3391     15.2585    0.185169
          15     15.3236     15.2628    0.172437
          16     14.8174      15.235    0.163685
          17     15.5866     15.2557     0.15514
          18     15.0533     15.2444    0.146699
          19     15.2414     15.2443    0.138763
          20     16.1764     15.2909     0.13965
          21     15.3749     15.2949    0.132894
          22     15.3969     15.2995    0.126794
          23     14.6551     15.2715    0.124354
          24     15.0592     15.2626    0.119388
          25     15.2866     15.2636    0.114517
          26     14.6059     15.2383    0.112895
          27     14.5262     15.2119    0.111788
          28      15.399     15.2186    0.107929
          29     14.5919      15.197    0.106359
          30     15.4017     15.2038    0.102979
          31     15.4113     15.2105   0.0998264
          32     15.4504      15.218   0.0969468
          33     15.4475      15.225   0.0942202
          34     15.4263     15.2309   0.0915985
          35     15.5316     15.2395   0.0893568
          36     15.5133     15.2471   0.0871716
          37     16.1036     15.2702   0.0878865
          38     15.7782     15.2836   0.0865806
          39     14.8315      15.272   0.0851243
          40     14.3411     15.2487   0.0861711
          41      15.387     15.2521   0.0841108
          42      14.902     15.2438   0.0825059
          43     15.4666      15.249   0.0807309
          44      15.424     15.2529    0.078975
          45     15.3331     15.2547   0.0772206
          46     15.5174     15.2604   0.0757387
          47      15.077     15.2565   0.0742124
          48     14.9509     15.2502   0.0729283
          49     14.9143     15.2433   0.0717527
          50     15.1895     15.2422   0.0703112
