           1    0.196069    0.196069           0
           2    0.196481    0.196275 0.000206038
           3    0.194868    0.195806  0.00048396
           4    0.196787    0.196051 0.000420942
           5    0.198429    0.196527 0.000576555
           6    0.198163    0.196799 0.000544022
           7    0.195368    0.196595 0.000503229
           8     0.19342    0.196198 0.000589464
           9    0.195694    0.196142 0.000522868
          10    0.195247    0.196052 0.000476159
          11    0.194012    0.195867 0.000468959
          12    0.193551    0.195674 0.000469596
          13     0.19557    0.195666 0.000432039
          14    0.197722    0.195813  0.00042609
          15    0.196341    0.195848  0.00039823
          16    0.195868    0.195849 0.000372512
          17    0.196719      0.1959 0.000353638
          18    0.199062    0.196076 0.000376839
          19    0.198072    0.196181 0.000371612
          20    0.198197    0.196282 0.000366673
          21    0.197844    0.196356 0.000356617
          22    0.195173    0.196303 0.000344251
          23    0.196558    0.196314  0.00032913
          24    0.198045    0.196386 0.000323267
          25    0.196603    0.196394 0.000310189
          26    0.196831    0.196411 0.000298491
          27    0.196627    0.196419 0.000287334
          28    0.194908    0.196365 0.000282096
          29    0.194419    0.196298 0.000280348
          30    0.195219    0.196262 0.000273218
          31    0.197823    0.196312 0.000269013
          32     0.19344    0.196223 0.000275503
          33    0.195744    0.196208 0.000267417
          34    0.195876    0.196198 0.000259617
          35    0.198977    0.196278 0.000264295
          36    0.194853    0.196238 0.000259878
          37    0.195547     0.19622 0.000253447
          38    0.196008    0.196214  0.00024675
          39    0.196111    0.196211 0.000240355
          40    0.195596    0.196196 0.000234774
          41     0.19502    0.196167 0.000230765
          42    0.198259    0.196217 0.000230645
          43    0.195485      0.1962  0.00022586
          44    0.196712    0.196212 0.000220974
          45    0.196605     0.19622 0.000216184
          46    0.195492    0.196205 0.000212025
          47    0.197061    0.196223 0.000208262
          48    0.197402    0.196247 0.000205351
          49    0.195435    0.196231   0.0002018
          50    0.194746    0.196201 0.000199941
