           1   -0.484609   -0.484609           0
           2   -0.485204   -0.484906   0.0002976
           3   -0.484664   -0.484826  0.00018987
           4   -0.485222   -0.484925 0.000166931
           5   -0.486615   -0.485263 0.000361964
           6   -0.484776   -0.485182  0.00030648
           7   -0.485083   -0.485168 0.000259405
           8   -0.485205   -0.485172 0.000224699
           9    -0.48522   -0.485178 0.000198237
          10   -0.485154   -0.485175 0.000177324
          11   -0.485886    -0.48524 0.000172906
          12   -0.484731   -0.485197 0.000163433
          13   -0.485669   -0.485234 0.000154647
          14    -0.48544   -0.485248 0.000143932
          15   -0.485378   -0.485257 0.000134273
          16   -0.485222   -0.485255 0.000125619
          17   -0.485394   -0.485263 0.000118284
          18   -0.485918     -0.4853  0.00011731
          19   -0.485683    -0.48532 0.000112786
          20   -0.484861   -0.485297 0.000109431
          21   -0.485218   -0.485293 0.000104157
          22   -0.484799   -0.485271 0.000101815
          23    -0.48481   -0.485251 9.93313e-05
          24   -0.485528   -0.485262 9.58024e-05
          25   -0.485341   -0.485265 9.19443e-05
          26   -0.485758   -0.485284 9.03504e-05
          27   -0.485006   -0.485274 8.75501e-05
          28   -0.485238   -0.485273 8.43753e-05
          29   -0.484989   -0.485263     8.2e-05
          30   -0.485817   -0.485281 8.13431e-05
          31   -0.484674   -0.485262 8.10809e-05
          32   -0.485975   -0.485284 8.16112e-05
          33   -0.483915   -0.485243 8.93152e-05
          34   -0.485954   -0.485263 8.91423e-05
          35   -0.484279   -0.485235 9.10115e-05
          36   -0.485516   -0.485243 8.87902e-05
          37   -0.485176   -0.485241 8.63762e-05
          38   -0.485091   -0.485237 8.41652e-05
          39   -0.486247   -0.485263 8.59707e-05
          40   -0.484246   -0.485238 8.75652e-05
          41   -0.485277   -0.485239 8.54081e-05
          42   -0.485978   -0.485256 8.51858e-05
          43   -0.485723   -0.485267 8.38866e-05
          44   -0.484775   -0.485256 8.27173e-05
          45   -0.485157   -0.485254 8.08883e-05
          46   -0.486097   -0.485272  8.1205e-05
          47   -0.485072   -0.485268 7.95725e-05
          48   -0.485466   -0.485272 7.80068e-05
          49    -0.48533   -0.485273 7.64075e-05
          50   -0.483496   -0.485238 8.28735e-05
          51   -0.485098   -0.485235 8.12787e-05
          52    -0.48506   -0.485232 7.97713e-05
          53   -0.485194   -0.485231 7.82549e-05
          54   -0.485854   -0.485242  7.7653e-05
          55   -0.485477   -0.485247 7.63471e-05
          56    -0.48455   -0.485234 7.59954e-05
          57   -0.485345   -0.485236 7.46754e-05
          58   -0.484586   -0.485225  7.4229e-05
          59   -0.485697   -0.485233 7.33971e-05
          60   -0.485931   -0.485245 7.30957e-05
          61   -0.485083   -0.485242 7.19361e-05
          62   -0.485847   -0.485252 7.14365e-05
          63   -0.485011   -0.485248  7.0397e-05
          64   -0.486417   -0.485266 7.16551e-05
          65   -0.485775   -0.485274 7.09775e-05
          66   -0.485478   -0.485277 6.99618e-05
          67    -0.48505   -0.485274 6.89933e-05
          68   -0.485671    -0.48528  6.8222e-05
          69   -0.485306    -0.48528 6.72272e-05
          70   -0.485237   -0.485279 6.62627e-05
          71   -0.485566   -0.485283 6.54478e-05
          72   -0.485482   -0.485286 6.45911e-05
          73   -0.485387   -0.485287 6.37152e-05
          74    -0.48547    -0.48529 6.28964e-05
          75    -0.48539   -0.485291 6.20664e-05
          76   -0.485458   -0.485293 6.12834e-05
          77   -0.485998   -0.485303 6.11696e-05
          78   -0.485541   -0.485306 6.04575e-05
          79    -0.48553   -0.485309 5.97551e-05
          80   -0.485738   -0.485314 5.92467e-05
          81   -0.485502   -0.485316 5.85566e-05
          82   -0.484577   -0.485307 5.85367e-05
          83   -0.485516    -0.48531 5.78818e-05
          84   -0.485402   -0.485311 5.71991e-05
          85   -0.485367   -0.485311  5.6526e-05
          86   -0.485961   -0.485319 5.63729e-05
          87   -0.486066   -0.485328 5.63795e-05
          88   -0.484666    -0.48532 5.62393e-05
          89   -0.485822   -0.485326 5.58886e-05
          90   -0.484662   -0.485318 5.57534e-05
          91    -0.48515   -0.485316 5.51682e-05
          92   -0.485046   -0.485314 5.46446e-05
          93   -0.485662   -0.485317 5.41833e-05
          94    -0.48585   -0.485323 5.39029e-05
          95   -0.486258   -0.485333 5.42339e-05
          96   -0.485672   -0.485336 5.37822e-05
          97   -0.485279   -0.485336 5.32281e-05
          98   -0.486213   -0.485345 5.34369e-05
          99   -0.485414   -0.485345  5.2899e-05
         100    -0.48497   -0.485342  5.2502e-05
