           1     1.88095     1.88095           0
           2     1.89468     1.88781  0.00686871
           3     1.89944     1.89169  0.00554552
           4     1.92817     1.90081   0.0099267
           5     1.89062     1.89877  0.00795465
           6     1.92285     1.90279  0.00763447
           7     1.91835     1.90501  0.00682448
           8     1.92169     1.90709  0.00626738
           9     1.91334     1.90779  0.00557068
          10     1.89309     1.90632  0.00519474
          11     1.92172     1.90772  0.00490306
          12     1.86804     1.90441  0.00556496
          13     1.91142     1.90495  0.00514734
          14     1.91723     1.90583  0.00484559
          15      1.9276     1.90728  0.00473886
          16     1.91174     1.90756  0.00444157
          17     1.92365     1.90851  0.00427812
          18     1.92717     1.90954  0.00416455
          19     1.91295     1.90972  0.00394334
          20     1.91591     1.91003  0.00375377
          21      1.9181     1.91041  0.00359117
          22     1.88236     1.90914  0.00365383
          23     1.92485     1.90982  0.00355757
          24     1.89627     1.90926  0.00345264
          25     1.94521      1.9107  0.00361037
          26     1.87336     1.90926  0.00375417
          27     1.94275      1.9105  0.00381945
          28     1.90161     1.91018   0.0036942
          29      1.8959     1.90969  0.00359841
          30     1.93843     1.91065  0.00360597
          31     1.89543     1.91016  0.00352208
          32     1.92522     1.91063  0.00344255
          33     1.89749     1.91023  0.00336027
          34     1.92465     1.91065  0.00328743
          35     1.88345     1.90988  0.00328541
          36     1.92696     1.91035  0.00322793
          37     1.93711     1.91107  0.00322167
          38     1.87749     1.91019  0.00325791
          39     1.93234     1.91076  0.00322371
          40     1.89315     1.91032  0.00317276
          41     1.90115     1.91009  0.00310248
          42     1.93366     1.91066  0.00307926
          43     1.95605     1.91171  0.00318676
          44     1.91074     1.91169  0.00311357
          45     1.94032     1.91233  0.00310936
          46     1.91004     1.91228  0.00304142
          47     1.89142     1.91183  0.00300891
          48     1.91396     1.91188  0.00294589
          49     1.96073     1.91287  0.00305255
          50     1.94294     1.91347  0.00305071
