           1   -0.589832   -0.589832           0
           2   -0.590888    -0.59036    0.000528
           3   -0.591483   -0.590734 0.000482808
           4   -0.590061   -0.590566 0.000380671
           5   -0.590368   -0.590526 0.000297514
           6   -0.590277   -0.590485 0.000246455
           7   -0.590181   -0.590441 0.000212772
           8   -0.589803   -0.590362 0.000200792
           9   -0.590266   -0.590351 0.000177403
          10   -0.591154   -0.590431  0.00017782
          11   -0.589008   -0.590302 0.000206423
          12    -0.59137   -0.590391 0.000208391
          13   -0.590939   -0.590433 0.000196278
          14   -0.590038   -0.590405 0.000183891
          15   -0.591213   -0.590459 0.000179468
          16   -0.590373   -0.590453 0.000167963
          17   -0.589179   -0.590378  0.00017467
          18   -0.590365   -0.590378 0.000164682
          19   -0.591232   -0.590423 0.000162134
          20   -0.590179    -0.59041 0.000154295
          21   -0.590112   -0.590396  0.00014745
          22   -0.590765   -0.590413 0.000141583
          23   -0.588869   -0.590346  0.00015103
          24   -0.591523   -0.590395 0.000152695
          25   -0.589634   -0.590364 0.000149592
          26    -0.58929   -0.590323  0.00014955
          27   -0.590931   -0.590346 0.000145657
          28   -0.589526   -0.590316 0.000143375
          29   -0.590349   -0.590317 0.000138348
          30   -0.589478   -0.590289 0.000136551
          31   -0.589301   -0.590258 0.000135869
          32   -0.590821   -0.590275 0.000132727
          33   -0.591022   -0.590298  0.00013062
          34   -0.590808   -0.590313 0.000127605
          35   -0.591669   -0.590352 0.000129821
          36   -0.591072   -0.590372  0.00012774
          37   -0.591138   -0.590392 0.000125953
          38   -0.590765   -0.590402 0.000122985
          39    -0.59068   -0.590409 0.000120002
          40    -0.59027   -0.590406 0.000117015
          41   -0.591122   -0.590423 0.000115453
          42   -0.590237   -0.590419 0.000112758
          43   -0.588989   -0.590386 0.000115017
          44   -0.591811   -0.590418 0.000116951
          45    -0.58932   -0.590394 0.000116897
          46   -0.589861   -0.590382 0.000114912
          47   -0.591339   -0.590402  0.00011427
          48   -0.591077   -0.590416 0.000112744
          49   -0.590648   -0.590421  0.00011052
          50   -0.589597   -0.590405 0.000109535
