           1     54.3779     54.3779           0
           2     48.2247     51.3013     3.07661
           3     50.4019     51.0015     1.80141
           4     51.9495     51.2385     1.29565
           5     54.9916     51.9891     1.25325
           6     51.2624      51.868     1.03042
           7     49.1664     51.4821    0.952551
           8     51.6447     51.5024    0.825184
           9     50.7089     51.4142    0.733065
          10      50.818     51.3546    0.658378
          11     49.2385     51.1622    0.625827
          12     50.8148     51.1333    0.572033
          13      51.278     51.1444    0.526311
          14     52.4646     51.2387     0.49631
          15     49.6426     51.1323    0.474134
          16     51.9016     51.1804     0.44611
          17     49.9395     51.1074    0.425358
          18     55.9929     51.3788    0.484244
          19     50.0445     51.3086    0.463401
          20     49.3494     51.2106    0.450403
          21     52.9574     51.2938    0.436419
          22     54.0126     51.4174    0.434073
          23      49.956     51.3538     0.41961
          24      49.199     51.2641    0.411657
          25      52.789     51.3251    0.399531
          26     54.2963     51.4393    0.400507
          27     51.5879     51.4448    0.385428
          28      49.023     51.3583    0.381346
          29     54.1259     51.4538    0.380135
          30     55.3587     51.5839     0.38963
          31      53.474     51.6449    0.381752
          32     49.6202     51.5816    0.375006
          33     49.7681     51.5267    0.367595
          34      54.312     51.6086    0.365908
          35     53.1436     51.6525    0.357996
          36      54.442     51.7299    0.356435
          37     51.5086      51.724    0.346719
          38     51.5494     51.7194    0.337503
          39     47.7117     51.6166    0.344422
          40     51.8992     51.6237    0.335776
          41     51.6451     51.6242    0.327484
          42     44.9397      51.465    0.357028
          43     52.9511     51.4996    0.350335
          44      53.152     51.5372    0.344335
          45     53.4149     51.5789    0.339172
          46     54.6253     51.6451    0.338263
          47     53.7552       51.69    0.334019
          48     53.5687     51.7291     0.32932
          49     49.1083     51.6757    0.326934
          50       51.37     51.6695    0.320387
