           1     0.25601     0.25601           0
           2    0.256018    0.256014 3.69858e-06
           3    0.256465    0.256164 0.000150144
           4    0.256758    0.256313 0.000182522
           5    0.257385    0.256527 0.000256899
           6    0.257376    0.256669  0.00025302
           7    0.257959    0.256853 0.000282301
           8    0.257425    0.256925 0.000254718
           9    0.258063    0.257051 0.000257785
          10    0.256859    0.257032 0.000231366
          11    0.256404    0.256975 0.000216927
          12    0.256876    0.256966 0.000198199
          13    0.257346    0.256996 0.000184638
          14    0.256304    0.256946 0.000177937
          15    0.256481    0.256915 0.000168526
          16    0.258147    0.256992 0.000175441
          17    0.256703    0.256975 0.000165675
          18    0.255949    0.256918 0.000166279
          19    0.258464       0.257 0.000177068
          20     0.25521     0.25691 0.000190315
          21     0.25693    0.256911 0.000181029
          22    0.257425    0.256934 0.000174178
          23    0.257882    0.256976 0.000171461
          24    0.257191    0.256985 0.000164407
          25    0.255194    0.256913 0.000173205
          26     0.25977    0.257023 0.000199418
          27    0.257095    0.257025 0.000191909
          28    0.256214    0.256997 0.000187183
          29    0.255776    0.256954 0.000185449
          30    0.256297    0.256933 0.000180495
          31    0.257111    0.256938  0.00017467
          32    0.257326     0.25695 0.000169556
          33    0.259847    0.257038 0.000186314
          34    0.254732     0.25697 0.000193062
          35    0.259112    0.257032   0.0001972
          36    0.258123    0.257062 0.000194025
          37    0.256383    0.257043 0.000189599
          38    0.258221    0.257074 0.000187128
          39    0.257008    0.257073 0.000182274
          40     0.25625    0.257052 0.000178846
          41    0.256819    0.257047 0.000174522
          42    0.259546    0.257106 0.000180416
          43    0.256778    0.257098 0.000176335
          44    0.256418    0.257083 0.000172973
          45    0.257451    0.257091 0.000169282
          46    0.258484    0.257121 0.000168306
          47    0.255835    0.257094 0.000166944
          48    0.260448    0.257164 0.000177742
          49     0.25742    0.257169 0.000174155
          50    0.256254    0.257151 0.000171616
          51     0.25731    0.257154 0.000168246
          52    0.253738    0.257088 0.000177577
          53    0.256613    0.257079 0.000174425
          54    0.254088    0.257024 0.000179906
          55    0.256422    0.257013 0.000176943
          56    0.257296    0.257018 0.000173828
          57    0.255025    0.256983 0.000174294
          58     0.25734    0.256989 0.000171373
          59    0.256744    0.256985 0.000168495
          60    0.255956    0.256968 0.000166549
          61    0.257681     0.25698 0.000164212
          62    0.259295    0.257017 0.000165802
          63    0.256925    0.257015 0.000163155
          64    0.259944    0.257061 0.000166976
          65    0.257652     0.25707 0.000164638
          66    0.258995    0.257099 0.000164726
          67    0.255626    0.257077 0.000163732
          68    0.256233    0.257065 0.000161784
          69    0.255967    0.257049 0.000160214
          70    0.257219    0.257052 0.000157927
          71    0.256966     0.25705 0.000155692
          72    0.255489    0.257029 0.000155038
          73    0.255702     0.25701 0.000153976
          74     0.25803    0.257024 0.000152505
          75    0.257184    0.257026 0.000150473
          76    0.257452    0.257032 0.000148585
          77    0.257689    0.257041 0.000146891
          78    0.256548    0.257034 0.000145133
          79    0.257868    0.257045 0.000143672
          80    0.256969    0.257044 0.000141868
          81     0.25836     0.25706 0.000141045
          82    0.257546    0.257066 0.000139441
          83    0.258585    0.257084  0.00013896
          84    0.257515    0.257089 0.000137392
          85     0.25922    0.257114  0.00013806
          86    0.258942    0.257136 0.000138091
          87    0.257403    0.257139 0.000136529
          88    0.253363    0.257096 0.000141625
          89    0.258182    0.257108 0.000140556
          90    0.256585    0.257102 0.000139107
          91    0.258567    0.257118 0.000138508
          92    0.259198    0.257141 0.000138847
          93    0.258382    0.257154 0.000137992
          94    0.255261    0.257134 0.000137994
          95    0.256522    0.257128 0.000136686
          96    0.255526    0.257111  0.00013628
          97     0.25744    0.257114 0.000134911
          98    0.254615    0.257089  0.00013594
          99    0.256028    0.257078 0.000134986
         100    0.255783    0.257065 0.000134255
