           1   -0.663262   -0.663262           0
           2   -0.663659   -0.663461   0.0001984
           3    -0.66412   -0.663681 0.000247797
           4    -0.66436    -0.66385 0.000244042
           5   -0.663539   -0.663788 0.000199017
           6   -0.663373   -0.663719 0.000176628
           7   -0.663309    -0.66366 0.000160364
           8   -0.663872   -0.663687 0.000141377
           9   -0.665349   -0.663871 0.000222818
          10   -0.664742   -0.663959 0.000217493
          11   -0.663981   -0.663961 0.000196741
          12   -0.663621   -0.663932 0.000181817
          13   -0.663595   -0.663906 0.000169245
          14   -0.665018   -0.663986 0.000175649
          15   -0.664901   -0.664047 0.000174529
          16   -0.665053    -0.66411 0.000174948
          17   -0.664363   -0.664125 0.000165011
          18   -0.664341   -0.664137 0.000156037
          19   -0.663179   -0.664086  0.00015596
          20   -0.663726   -0.664068 0.000149046
          21   -0.665002   -0.664113 0.000148576
          22   -0.664266    -0.66412 0.000141832
          23   -0.663672     -0.6641 0.000136915
          24   -0.663117   -0.664059  0.00013734
          25   -0.663627   -0.664042  0.00013286
          26   -0.664347   -0.664054 0.000128187
          27   -0.662086   -0.663981 0.000143259
          28   -0.664624   -0.664004 0.000139946
          29   -0.663354   -0.663981 0.000136882
          30   -0.663936    -0.66398  0.00013225
          31   -0.663933   -0.663978 0.000127921
          32   -0.663294   -0.663957  0.00012569
          33   -0.664064    -0.66396 0.000121864
          34   -0.663522   -0.663947 0.000118927
          35   -0.665096    -0.66398 0.000120053
          36   -0.665656   -0.664027 0.000125616
          37   -0.665981   -0.664079 0.000133101
          38   -0.662963    -0.66405 0.000132839
          39   -0.662936   -0.664021 0.000132504
          40   -0.664565   -0.664035 0.000129861
          41   -0.662661   -0.664002 0.000131015
          42   -0.664853   -0.664022 0.000129454
          43    -0.66533   -0.664052 0.000130015
          44   -0.664333   -0.664059 0.000127185
          45   -0.663802   -0.664053 0.000124458
          46   -0.664691   -0.664067 0.000122511
          47   -0.664982   -0.664086 0.000121448
          48    -0.66524    -0.66411 0.000121297
          49   -0.663387   -0.664096 0.000119708
          50   -0.664338     -0.6641  0.00011739
