           1     1.41577     1.41577           0
           2     1.42326     1.41951  0.00374482
           3     1.41564     1.41822  0.00251836
           4     1.40461     1.41482  0.00384056
           5     1.42635     1.41712  0.00376434
           6     1.41726     1.41715  0.00307366
           7     1.40785     1.41582  0.00291779
           8     1.40887     1.41495  0.00267191
           9     1.39942     1.41322  0.00292095
          10     1.41654     1.41356  0.00263358
          11     1.42715     1.41479  0.00268364
          12     1.41527     1.41483  0.00245014
          13     1.40729     1.41425  0.00232718
          14     1.40288     1.41344   0.0023025
          15     1.42439     1.41417  0.00226438
          16     1.39894     1.41322  0.00232205
          17     1.41573     1.41337   0.0021862
          18     1.42174     1.41383  0.00211298
          19     1.39636     1.41291  0.00219995
          20     1.40305     1.41242  0.00214451
          21     1.42096     1.41282  0.00207996
          22       1.411     1.41274   0.0019849
          23     1.41147     1.41269  0.00189745
          24     1.40266     1.41227  0.00186411
          25     1.42459     1.41276  0.00185472
          26     1.40626     1.41251  0.00179942
          27      1.4213     1.41284   0.0017618
          28     1.43547     1.41365  0.00188034
          29     1.42432     1.41401  0.00185133
          30     1.41708     1.41412  0.00179148
          31     1.39426     1.41348  0.00184732
          32      1.4046      1.4132  0.00181004
          33     1.39221     1.41256  0.00186607
          34     1.40722      1.4124  0.00181716
          35     1.41062     1.41235  0.00176522
          36     1.42956     1.41283  0.00178079
          37     1.41482     1.41289  0.00173283
          38     1.41039     1.41282  0.00168789
          39     1.41584      1.4129  0.00164586
          40     1.41306      1.4129  0.00160419
          41     1.40519     1.41271  0.00157583
          42     1.41246     1.41271  0.00153787
          43     1.42121     1.41291  0.00151463
          44     1.40712     1.41277  0.00148563
          45     1.41459     1.41281   0.0014528
          46     1.41604     1.41288   0.0014226
          47     1.41448     1.41292  0.00139241
          48     1.42664      1.4132  0.00139277
          49     1.41345     1.41321  0.00136406
          50     1.39852     1.41292  0.00136841
          51     1.39895     1.41264  0.00136896
          52     1.41926     1.41277   0.0013484
          53     1.41271     1.41277  0.00132271
          54      1.4085     1.41269  0.00130039
          55      1.4095     1.41263  0.00127784
          56     1.39082     1.41224  0.00131388
          57     1.41148     1.41223   0.0012907
          58     1.42582     1.41246  0.00128972
          59      1.4225     1.41263  0.00127903
          60     1.41572     1.41268  0.00125858
          61     1.41196     1.41267  0.00123783
          62     1.41716     1.41274  0.00121985
          63     1.40178     1.41257   0.0012129
          64     1.41292     1.41258  0.00119381
          65      1.4074      1.4125  0.00117799
          66     1.39595     1.41225  0.00118677
          67     1.40065     1.41207  0.00118165
          68     1.39794     1.41186  0.00118255
          69     1.40349     1.41174  0.00117158
          70     1.40449     1.41164  0.00115937
          71     1.41328     1.41166  0.00114316
          72      1.3973     1.41146  0.00114468
          73     1.39933      1.4113  0.00114105
          74     1.41148      1.4113  0.00112553
          75     1.41063     1.41129  0.00111046
          76     1.40806     1.41125  0.00109657
          77     1.41194     1.41126  0.00108227
          78     1.39768     1.41108  0.00108239
          79      1.4171     1.41116  0.00107132
          80     1.41352     1.41119  0.00105825
          81     1.41875     1.41128  0.00104926
          82     1.40124     1.41116  0.00104361
          83     1.42207     1.41129  0.00103931
          84     1.41511     1.41134  0.00102787
          85     1.40115     1.41122  0.00102275
          86     1.42526     1.41138  0.00102389
          87     1.40931     1.41136  0.00101234
          88      1.3929     1.41115  0.00102251
          89     1.40254     1.41105  0.00101557
          90     1.41923     1.41114  0.00100833
          91     1.40615     1.41109  0.00099869
          92     1.40617     1.41103 0.000989221
          93     1.41679     1.41109 0.000980484
          94     1.41609     1.41115 0.000971455
          95     1.39742       1.411 0.000971968
          96      1.4113     1.41101 0.000961795
          97     1.41718     1.41107 0.000953951
          98     1.42061     1.41117 0.000949175
          99      1.4044      1.4111 0.000942024
         100     1.40732     1.41106 0.000933323
