           1   -0.492968   -0.492968           0
           2   -0.493992    -0.49348    0.000512
           3   -0.493405   -0.493455 0.000296664
           4    -0.49459   -0.493739 0.000352966
           5   -0.492798   -0.493551 0.000331851
           6   -0.495806   -0.493927 0.000463414
           7    -0.49349   -0.493864 0.000396602
           8   -0.493339   -0.493799 0.000349681
           9   -0.492408   -0.493644 0.000344932
          10   -0.493642   -0.493644 0.000308517
          11   -0.494253   -0.493699 0.000284502
          12   -0.493794   -0.493707 0.000259833
          13   -0.494016   -0.493731  0.00024019
          14   -0.493866    -0.49374 0.000222581
          15   -0.493232   -0.493707 0.000209966
          16   -0.493842   -0.493715 0.000196586
          17   -0.494285   -0.493749 0.000187678
          18   -0.495512   -0.493846 0.000202256
          19   -0.492758   -0.493789 0.000199703
          20   -0.494418   -0.493821 0.000192042
          21   -0.493322   -0.493797 0.000184208
          22   -0.492642   -0.493744 0.000183318
          23   -0.492491    -0.49369 0.000183444
          24   -0.494051   -0.493705 0.000176279
          25   -0.493522   -0.493698 0.000169239
          26    -0.49252   -0.493652  0.00016879
          27   -0.492917   -0.493625 0.000164687
          28   -0.492176   -0.493573 0.000166922
          29   -0.493915   -0.493585 0.000161494
          30   -0.492906   -0.493562 0.000157653
          31   -0.492869    -0.49354 0.000154116
          32   -0.494317   -0.493564 0.000151183
          33   -0.493115   -0.493551 0.000147161
          34   -0.494006   -0.493564 0.000143395
          35   -0.494966   -0.493604 0.000144887
          36   -0.494941   -0.493641 0.000145618
          37    -0.49433    -0.49366 0.000142844
          38    -0.49341   -0.493653  0.00013919
          39    -0.49249   -0.493624 0.000138819
          40   -0.491462   -0.493569 0.000145692
          41   -0.492968   -0.493555  0.00014285
          42   -0.494066   -0.493567 0.000139936
          43   -0.494776   -0.493595 0.000139506
          44   -0.492226   -0.493564 0.000139807
          45   -0.493259   -0.493557 0.000136833
          46   -0.493032   -0.493546 0.000134311
          47   -0.492811    -0.49353 0.000132349
          48   -0.494419   -0.493549 0.000130879
          49   -0.493298   -0.493544 0.000128283
          50    -0.49471   -0.493567 0.000127839
