           1   -0.816088   -0.816088           0
           2   -0.815525   -0.815806   0.0002816
           3   -0.816005   -0.815873 0.000175518
           4   -0.815486   -0.815776 0.000157232
           5   -0.817315   -0.816084 0.000331057
           6   -0.814622    -0.81584 0.000363859
           7    -0.81387   -0.815559 0.000416843
           8   -0.814486   -0.815425 0.000385084
           9   -0.813574   -0.815219 0.000396999
          10   -0.815629    -0.81526 0.000357441
          11   -0.815122   -0.815248 0.000323563
          12   -0.813936   -0.815138 0.000314944
          13   -0.814893   -0.815119 0.000290321
          14   -0.814805   -0.815097 0.000269723
          15   -0.815891    -0.81515 0.000256621
          16   -0.815618   -0.815179 0.000241821
          17   -0.814842   -0.815159 0.000228017
          18   -0.814749   -0.815136 0.000216182
          19   -0.816941   -0.815231 0.000225464
          20   -0.814314   -0.815186 0.000218761
          21     -0.8158   -0.815215 0.000210131
          22   -0.817632   -0.815325 0.000228502
          23    -0.81551   -0.815333  0.00021849
          24   -0.813048   -0.815238 0.000229831
          25   -0.815131   -0.815233 0.000220487
          26   -0.816166   -0.815269 0.000214856
          27   -0.815334   -0.815272 0.000206759
          28   -0.815253   -0.815271 0.000199239
          29   -0.818275   -0.815375 0.000218382
          30   -0.814138   -0.815333 0.000214968
          31   -0.815456   -0.815337 0.000207956
          32   -0.815496   -0.815342 0.000201413
          33   -0.815195   -0.815338 0.000195265
          34   -0.814861   -0.815324 0.000189954
          35   -0.816832   -0.815367 0.000189414
          36   -0.815346   -0.815366 0.000184078
          37   -0.815429   -0.815368 0.000179042
          38   -0.814515   -0.815345 0.000175706
          39   -0.815792   -0.815357 0.000171524
          40   -0.814424   -0.815334   0.0001688
          41   -0.813981   -0.815301 0.000167905
          42   -0.815866   -0.815314  0.00016441
          43   -0.816518   -0.815342 0.000162966
          44   -0.813181   -0.815293 0.000166623
          45    -0.81611   -0.815311 0.000163888
          46    -0.81929   -0.815398 0.000182132
          47   -0.817701   -0.815447 0.000184829
          48   -0.812088   -0.815377 0.000193996
          49   -0.815538    -0.81538 0.000190024
          50   -0.813838   -0.815349  0.00018872
