           1    0.242237    0.242237           0
           2    0.244285    0.243261  0.00102399
           3    0.241773    0.242765 0.000771687
           4    0.241618    0.242479 0.000616432
           5    0.241084      0.2422 0.000552971
           6    0.242974    0.242329  0.00046959
           7    0.242743    0.242388 0.000401261
           8    0.243634    0.242544 0.000380827
           9     0.23884    0.242132  0.00053121
          10    0.242178    0.242137 0.000475151
          11    0.240676    0.242004 0.000449826
          12    0.242283    0.242027  0.00041129
          13    0.241314    0.241972 0.000382292
          14     0.24131    0.241925 0.000357081
          15    0.242883    0.241989  0.00033851
          16     0.24208    0.241995 0.000316698
          17    0.241188    0.241947 0.000301246
          18    0.241483    0.241921 0.000285186
          19    0.243265    0.241992 0.000278876
          20    0.242658    0.242025 0.000266649
          21    0.241728    0.242011 0.000254029
          22    0.242107    0.242016 0.000242246
          23    0.242843    0.242052 0.000234252
          24    0.240693    0.241995 0.000231313
          25    0.242124       0.242 0.000221928
          26    0.240808    0.241954 0.000218098
          27    0.241396    0.241934 0.000210881
          28    0.240216    0.241872  0.00021227
          29    0.240563    0.241827 0.000209733
          30     0.24263    0.241854 0.000204381
          31    0.244382    0.241935 0.000213843
          32    0.240904    0.241903 0.000209547
          33    0.244614    0.241985 0.000219078
          34    0.241171    0.241961 0.000213882
          35    0.241469    0.241947 0.000208157
          36    0.243077    0.241979 0.000204711
          37    0.241923    0.241977 0.000199107
          38    0.239925    0.241923  0.00020118
          39    0.240215    0.241879 0.000200786
          40    0.240989    0.241857 0.000196965
          41    0.243934    0.241908 0.000198671
          42    0.242357    0.241918 0.000194178
          43    0.241318    0.241904 0.000190122
          44    0.242851    0.241926 0.000186993
          45     0.24193    0.241926  0.00018279
          46    0.242436    0.241937 0.000179116
          47    0.243216    0.241964 0.000177364
          48    0.238851      0.2419 0.000185351
          49    0.242415     0.24191 0.000181833
          50    0.241569    0.241903  0.00017829
          51    0.242838    0.241922 0.000175718
          52    0.243267    0.241947 0.000174238
          53    0.244159    0.241989 0.000175941
          54    0.240841    0.241968 0.000173955
          55    0.242055     0.24197 0.000170771
          56    0.242097    0.241972 0.000167709
          57    0.240859    0.241952 0.000165893
          58    0.243061    0.241971 0.000164124
          59    0.243722    0.242001 0.000164026
          60    0.239172    0.241954  0.00016802
          61    0.239649    0.241916 0.000169506
          62    0.239065     0.24187 0.000172975
          63    0.241453    0.241864 0.000170336
          64    0.242156    0.241868 0.000167716
          65    0.241994     0.24187 0.000165127
          66    0.243129    0.241889  0.00016372
          67    0.241759    0.241887  0.00016127
          68    0.241273    0.241878 0.000159137
          69    0.243569    0.241903 0.000158717
          70    0.241921    0.241903 0.000156434
          71    0.242352    0.241909 0.000154344
          72    0.242322    0.241915 0.000152293
          73    0.242038    0.241917 0.000150202
          74    0.241314    0.241908 0.000148382
          75     0.24161    0.241904 0.000146444
          76    0.243508    0.241926 0.000146037
          77    0.240812    0.241911 0.000144851
          78    0.240876    0.241898 0.000143597
          79    0.242501    0.241905 0.000141973
          80    0.242062    0.241907 0.000140201
          81    0.243427    0.241926 0.000139724
          82    0.243854     0.24195 0.000139998
          83    0.240238    0.241929  0.00013983
          84    0.242296    0.241933 0.000138225
          85    0.241866    0.241933 0.000136591
          86    0.242392    0.241938 0.000135099
          87    0.240033    0.241916  0.00013532
          88    0.241912    0.241916 0.000133773
          89     0.24268    0.241925  0.00013254
          90    0.243972    0.241947 0.000133018
          91    0.242462    0.241953 0.000131669
          92    0.240587    0.241938 0.000131074
          93    0.243976     0.24196 0.000131496
          94    0.242046    0.241961 0.000130092
          95    0.241429    0.241955 0.000128837
          96    0.242773    0.241964 0.000127772
          97    0.241677    0.241961 0.000126483
          98    0.240481    0.241946 0.000126093
          99     0.24054    0.241932 0.000125617
         100    0.241933    0.241932 0.000124355
