           1    -0.86438    -0.86438           0
           2   -0.865524   -0.864952    0.000572
           3   -0.864156   -0.864687 0.000423631
           4   -0.864923   -0.864746 0.000305333
           5   -0.863658   -0.864528  0.00032141
           6   -0.866047   -0.864781 0.000364645
           7   -0.864144    -0.86469  0.00032135
           8   -0.863482   -0.864539 0.000316616
           9   -0.864443   -0.864529 0.000279433
          10   -0.865175   -0.864593 0.000258161
          11   -0.864802   -0.864612 0.000234288
          12   -0.865599   -0.864695 0.000229142
          13   -0.866712    -0.86485 0.000261748
          14   -0.865743   -0.864914 0.000250595
          15   -0.865817   -0.864974 0.000240937
          16   -0.864248   -0.864928 0.000229895
          17   -0.864918   -0.864928  0.00021595
          18   -0.865116   -0.864938 0.000203868
          19   -0.863078    -0.86484 0.000216281
          20   -0.864165   -0.864807 0.000207944
          21     -0.8634    -0.86474 0.000208827
          22   -0.866882   -0.864837 0.000221655
          23   -0.865405   -0.864862 0.000213233
          24   -0.863893   -0.864821 0.000208108
          25    -0.86588   -0.864864 0.000204053
          26   -0.863779   -0.864822 0.000200436
          27   -0.864543   -0.864812 0.000193145
          28   -0.863771   -0.864774 0.000189792
          29   -0.864803   -0.864775 0.000183134
          30   -0.865446   -0.864798 0.000178332
          31    -0.86645   -0.864851 0.000180534
          32   -0.863979   -0.864824 0.000176912
          33   -0.868153   -0.864925  0.00019894
          34   -0.866033   -0.864957 0.000195732
          35   -0.863228   -0.864908 0.000196375
          36   -0.865866   -0.864935 0.000192687
          37   -0.863635   -0.864899 0.000190669
          38   -0.864678   -0.864894 0.000185675
          39   -0.864728   -0.864889 0.000180902
          40   -0.865689   -0.864909  0.00017745
          41   -0.864626   -0.864902 0.000173206
          42   -0.863534    -0.86487 0.000172145
          43   -0.864216   -0.864855 0.000168781
          44   -0.866056   -0.864882 0.000167145
          45   -0.863815   -0.864858 0.000165099
          46   -0.863366   -0.864826 0.000164698
          47   -0.862664    -0.86478 0.000167591
          48    -0.86488   -0.864782 0.000164076
          49   -0.864954   -0.864785 0.000160731
          50    -0.86441   -0.864778 0.000157663
          51   -0.864737   -0.864777 0.000154543
          52   -0.865279   -0.864787 0.000151849
          53   -0.865178   -0.864794 0.000149139
          54   -0.862868   -0.864758 0.000150635
          55   -0.863975   -0.864744 0.000148554
          56   -0.864705   -0.864743 0.000145879
          57   -0.865418   -0.864755 0.000143784
          58   -0.865543   -0.864769 0.000141935
          59   -0.864882   -0.864771 0.000139522
          60   -0.864756   -0.864771 0.000137177
          61   -0.865675   -0.864785 0.000135722
          62   -0.865566   -0.864798 0.000134107
          63   -0.863257   -0.864774 0.000134209
          64   -0.865157   -0.864779 0.000132232
          65   -0.864466   -0.864775 0.000130271
          66    -0.86385   -0.864761 0.000129045
          67   -0.866052    -0.86478 0.000128558
          68   -0.865649   -0.864793 0.000127296
          69   -0.866956   -0.864824 0.000129296
          70   -0.865538   -0.864834 0.000127843
          71   -0.864692   -0.864832 0.000126045
          72   -0.865172   -0.864837 0.000124372
          73   -0.863023   -0.864812 0.000125147
          74   -0.866265   -0.864832 0.000124996
          75   -0.865326   -0.864838 0.000123494
          76   -0.866736   -0.864863  0.00012439
          77   -0.865991   -0.864878 0.000123635
          78    -0.86495   -0.864879 0.000122043
          79   -0.864234   -0.864871 0.000120764
          80   -0.864244   -0.864863 0.000119502
          81   -0.864756   -0.864862 0.000118025
          82   -0.863499   -0.864845 0.000117755
          83   -0.864805   -0.864844 0.000116328
          84    -0.86636   -0.864863 0.000116343
          85   -0.864929   -0.864863 0.000114968
          86   -0.865452    -0.86487  0.00011383
          87   -0.864336   -0.864864 0.000112681
          88   -0.863483   -0.864848 0.000112493
          89   -0.866667   -0.864869 0.000113084
          90   -0.865202   -0.864872 0.000111882
          91   -0.864086   -0.864864 0.000110983
          92   -0.865012   -0.864865 0.000109782
          93   -0.864403    -0.86486 0.000108709
          94   -0.865685   -0.864869 0.000107903
          95    -0.86527   -0.864873 0.000106844
          96   -0.865953   -0.864885 0.000106321
          97   -0.864434    -0.86488 0.000105322
          98   -0.865244   -0.864884 0.000104308
          99   -0.865442   -0.864889 0.000103403
         100    -0.86595     -0.8649 0.000102912
