           1     0.26317     0.26317           0
           2    0.265158    0.264164 0.000993926
           3    0.265942    0.264756 0.000824863
           4    0.268875    0.265786  0.00118334
           5     0.26302    0.265233  0.00107058
           6     0.26515    0.265219 0.000874233
           7    0.264021    0.265048 0.000758419
           8    0.262572    0.264738 0.000726072
           9    0.263389    0.264589 0.000657662
          10    0.264726    0.264602 0.000588391
          11    0.266548    0.264779 0.000560856
          12    0.264846    0.264785  0.00051202
          13    0.263808     0.26471 0.000476945
          14    0.264637    0.264704 0.000441596
          15    0.265748    0.264774 0.000416948
          16    0.264194    0.264738 0.000391702
          17    0.267579    0.264905 0.000404117
          18     0.26734     0.26504 0.000404305
          19    0.265253    0.265051 0.000382599
          20    0.261405    0.264869 0.000406171
          21    0.267817    0.265009 0.000411064
          22    0.264844    0.265002 0.000392006
          23    0.260204    0.264793 0.000428745
          24    0.266263    0.264855 0.000415034
          25    0.268297    0.264992 0.000421231
          26    0.265528    0.265013 0.000405231
          27    0.262005    0.264901 0.000405535
          28    0.265554    0.264925 0.000391477
          29    0.266909    0.264993 0.000383883
          30    0.263959    0.264959 0.000372465
          31    0.265231    0.264967 0.000360356
          32    0.266765    0.265024 0.000353405
          33    0.263716    0.264984 0.000344814
          34    0.265158    0.264989 0.000334558
          35    0.267187    0.265052  0.00033087
          36    0.264259     0.26503 0.000322301
          37    0.265168    0.265034 0.000313492
          38    0.263636    0.264997 0.000307339
          39    0.261396    0.264905 0.000313274
          40    0.266736     0.26495 0.000308756
          41    0.266548    0.264989 0.000303641
          42    0.265506    0.265002 0.000296578
          43    0.265852    0.265021 0.000290274
          44    0.265308    0.265028 0.000283675
          45    0.265637    0.265041  0.00027763
          46    0.264553    0.265031 0.000271734
          47    0.263658    0.265002  0.00026749
          48    0.260673    0.264911  0.00027695
          49    0.262338    0.264859 0.000276278
          50    0.264233    0.264846 0.000270985
