           1   0.0412268   0.0412268           0
           2   0.0403548   0.0407908    0.000436
           3   0.0397572   0.0404463 0.000426695
           4    0.040534   0.0404682 0.000302515
           5   0.0439492   0.0411644 0.000734577
           6   0.0382892   0.0406852 0.000767703
           7   0.0397812   0.0405561 0.000661555
           8    0.040868   0.0405951 0.000574249
           9   0.0341776    0.039882 0.000874598
          10   0.0406372   0.0399575 0.000785901
          11   0.0396712   0.0399315 0.000711351
          12   0.0418376   0.0400903 0.000668516
          13   0.0402904   0.0401057 0.000615138
          14     0.04613    0.040536 0.000713794
          15    0.040244   0.0405166 0.000664791
          16   0.0373308   0.0403174 0.000652954
          17   0.0373044   0.0401402 0.000638438
          18   0.0402488   0.0401462 0.000601955
          19     0.03858   0.0400638 0.000575329
          20   0.0387372   0.0399975 0.000549821
          21   0.0415012   0.0400691 0.000527863
          22   0.0426328   0.0401856 0.000516612
          23   0.0418384   0.0402575 0.000498843
          24   0.0419852   0.0403295 0.000483001
          25   0.0384184    0.040253 0.000469543
          26   0.0410944   0.0402854 0.000452281
          27    0.036854   0.0401583 0.000453384
          28   0.0426644   0.0402478 0.000445966
          29   0.0419632    0.040307 0.000434359
          30   0.0401704   0.0403024 0.000419656
          31    0.038954   0.0402589 0.000408217
          32   0.0401216   0.0402546 0.000395277
          33   0.0425984   0.0403256  0.00038964
          34   0.0399812   0.0403155 0.000378142
          35   0.0439096   0.0404182 0.000381268
          36   0.0412376    0.040441 0.000371224
          37   0.0437936   0.0405316 0.000372249
          38   0.0369156   0.0404364 0.000374608
          39   0.0388676   0.0403962 0.000367086
          40   0.0401844   0.0403909 0.000357831
          41   0.0404564   0.0403925 0.000348998
          42   0.0432772   0.0404612 0.000347443
          43   0.0400184   0.0404509 0.000339423
          44   0.0370912   0.0403745 0.000340297
          45    0.040964   0.0403876 0.000332906
          46   0.0386924   0.0403508 0.000327668
          47   0.0374116   0.0402882 0.000326662
          48   0.0412572   0.0403084 0.000320421
          49    0.039268   0.0402872 0.000314531
          50   0.0396408   0.0402743 0.000308447
          51   0.0419608   0.0403073 0.000304142
          52   0.0399896   0.0403012 0.000298298
          53    0.043312    0.040358 0.000298079
          54   0.0437592    0.040421 0.000299211
          55   0.0383016   0.0403825 0.000296238
          56   0.0424928   0.0404202  0.00029333
          57    0.037926   0.0403764 0.000291442
          58   0.0379004   0.0403337 0.000289537
          59   0.0363708   0.0402665 0.000292407
          60   0.0470328   0.0403793 0.000308818
          61    0.041716   0.0404012 0.000304503
          62     0.03992   0.0403935 0.000299652
          63    0.042724   0.0404305 0.000297169
          64   0.0402968   0.0404284 0.000292496
          65   0.0396456   0.0404163 0.000288213
          66   0.0371056   0.0403662 0.000288211
          67   0.0423572   0.0403959 0.000285428
          68   0.0408616   0.0404027 0.000281283
          69   0.0368332    0.040351 0.000281963
          70   0.0405632    0.040354 0.000277922
          71   0.0406136   0.0403577 0.000274004
          72    0.043744   0.0404047 0.000274235
          73   0.0355868   0.0403387 0.000278388
          74   0.0393572   0.0403255 0.000274921
          75   0.0378788   0.0402928 0.000273185
          76   0.0409616   0.0403016  0.00026971
          77   0.0393452   0.0402892 0.000266474
          78   0.0436252    0.040332  0.00026649
          79    0.038382   0.0403073  0.00026425
          80   0.0359288   0.0402526 0.000266605
          81    0.037394   0.0402173 0.000265647
          82    0.035996   0.0401658  0.00026739
          83    0.036776    0.040125 0.000267287
          84   0.0386472   0.0401074 0.000264672
          85   0.0419008   0.0401285 0.000262389
          86   0.0407104   0.0401352 0.000259408
          87   0.0381532   0.0401124 0.000257419
          88   0.0422044   0.0401362 0.000255585
          89   0.0405664   0.0401411 0.000252743
          90    0.039376   0.0401326 0.000250064
          91   0.0378144   0.0401071 0.000248609
          92    0.039412   0.0400995 0.000246008
          93   0.0401088   0.0400996 0.000243349
          94    0.043568   0.0401365 0.000243557
          95   0.0388672   0.0401232  0.00024135
          96   0.0404276   0.0401263 0.000238843
          97   0.0402832   0.0401279 0.000236374
          98     0.04123   0.0401392  0.00023422
          99   0.0374024   0.0401115 0.000233484
         100   0.0414176   0.0401246 0.000231506
