           1   -0.569179   -0.569179           0
           2   -0.567538   -0.568358   0.0008208
           3   -0.570733    -0.56915 0.000922491
           4   -0.567458   -0.568727 0.000777483
           5   -0.569594     -0.5689 0.000626691
           6   -0.569451   -0.568992 0.000519868
           7   -0.569272   -0.569032 0.000441186
           8   -0.568782   -0.569001  0.00038335
           9   -0.568765   -0.568975 0.000339098
          10   -0.568054   -0.568883  0.00031695
          11   -0.568314   -0.568831 0.000291321
          12   -0.569566   -0.568892 0.000272911
          13   -0.568541   -0.568865 0.000252492
          14   -0.568366   -0.568829 0.000236461
          15    -0.56848   -0.568806 0.000221363
          16   -0.567952   -0.568753 0.000213837
          17   -0.567994   -0.568708  0.00020577
          18   -0.567686   -0.568651 0.000202135
          19    -0.56812   -0.568623 0.000193235
          20   -0.568658   -0.568625 0.000183327
          21   -0.569403   -0.568662 0.000178272
          22     -0.5688   -0.568668 0.000170091
          23   -0.567453   -0.568616 0.000170906
          24   -0.568998   -0.568632 0.000164405
          25   -0.568133   -0.568612 0.000158949
          26   -0.568274   -0.568599 0.000153265
          27   -0.568731   -0.568603 0.000147561
          28   -0.567822   -0.568576 0.000144904
          29   -0.570029   -0.568626 0.000148527
          30   -0.568669   -0.568627 0.000143498
          31   -0.567691   -0.568597 0.000142038
          32   -0.569562   -0.568627 0.000140792
          33   -0.568763   -0.568631 0.000136521
          34   -0.568738   -0.568634 0.000132482
          35   -0.570333   -0.568683  0.00013749
          36   -0.569086   -0.568694 0.000134086
          37   -0.568994   -0.568702 0.000130662
          38   -0.568736   -0.568703  0.00012718
          39   -0.568976    -0.56871 0.000124074
          40    -0.56691   -0.568665 0.000129031
          41   -0.569378   -0.568682 0.000127038
          42    -0.56823   -0.568672 0.000124443
          43   -0.569562   -0.568692 0.000123264
          44   -0.568638   -0.568691 0.000120437
          45   -0.569534    -0.56871 0.000119212
          46   -0.569083   -0.568718 0.000116874
          47   -0.568149   -0.568706 0.000114999
          48   -0.568902    -0.56871 0.000112652
          49   -0.568341   -0.568702 0.000110586
          50   -0.567592    -0.56868 0.000110605
