           1    0.410568    0.410568           0
           2    0.418169    0.414369  0.00380039
           3    0.418617    0.415785  0.00261138
           4    0.407816    0.413793  0.00271632
           5    0.408821    0.412798  0.00232716
           6    0.417036    0.413504  0.00202715
           7    0.409751    0.412968  0.00179522
           8    0.413148    0.412991  0.00155487
           9     0.42148    0.413934  0.00166435
          10    0.416389    0.414179  0.00150875
          11    0.410172    0.413815  0.00141249
          12    0.414885    0.413904   0.0012925
          13    0.420745     0.41443  0.00130016
          14    0.412166    0.414269  0.00121453
          15     0.42343    0.414879  0.00128508
          16    0.410964    0.414635  0.00122674
          17    0.411442    0.414447  0.00116753
          18    0.416331    0.414552  0.00110572
          19    0.411934    0.414414  0.00105494
          20    0.405283    0.413957  0.00110002
          21    0.418312    0.414165  0.00106668
          22    0.413997    0.414157  0.00101707
          23    0.419236    0.414378  0.00099661
          24    0.407754    0.414102 0.000993297
          25    0.416449    0.414196 0.000957353
          26    0.425763    0.414641  0.00102173
          27    0.409419    0.414447  0.00100201
          28    0.410477    0.414305 0.000975912
          29    0.424564    0.414659  0.00100592
          30    0.418032    0.414772 0.000978288
          31    0.408266    0.414562 0.000969198
          32    0.417518    0.414654 0.000942958
          33    0.411555     0.41456 0.000918751
          34    0.412157     0.41449 0.000894117
          35    0.413182    0.414452 0.000868999
          36    0.413173    0.414417 0.000845262
          37    0.417028    0.414487 0.000825122
          38    0.410408     0.41438 0.000810258
          39    0.412297    0.414326 0.000791014
          40    0.415236    0.414349  0.00077132
          41    0.412425    0.414302 0.000753734
          42    0.414841    0.414315 0.000735681
          43    0.407579    0.414158 0.000735253
          44    0.416532    0.414212  0.00072037
          45    0.413481    0.414196 0.000704368
          46     0.41446    0.414202 0.000688909
          47    0.409111    0.414094  0.00068274
          48    0.412654    0.414064 0.000669037
          49    0.410759    0.413996 0.000658701
          50    0.416863    0.414053 0.000647934
