43.6826 28.5585
32.9865 23.445
30.3286 21.8948
28.5501 19.7933
26.3399 18.2295
24.2061 17.2262
22.6587 16.1135
21.1094 14.8851
20.3249 13.7345
19.3935 12.6986
18.4782 11.9409
17.244 11.1516
16.3344 10.8542
16.2154 10.4007
15.8958 10.3542
15.4379 10.268
15.1267 9.96264
14.6576 9.60559
14.1332 8.76889
13.4772 8.749
12.9567 8.48414
12.7574 8.4279
12.3269 8.16303
12.386 6.95087
11.477 6.95087
11.2967 6.79389
10.8175 6.60556
10.553 6.5292
10.4437 6.42866
10.3442 6.3523
10.3192 6.3523
10.2026 6.33075
10.1109 6.33075
10.0995 6.32695
9.90046 6.30539
9.97943 6.30539
9.96239 6.30539
10.056 6.28727
10.0098 6.2403
9.83841 6.2403
9.79975 6.2403
9.80033 6.2403
10.0479 6.2403
9.8967 6.2403
9.79081 6.2403
9.83082 6.2403
9.87522 6.2403
9.89574 6.2403
10.0438 6.2403
9.61134 6.2403
9.81161 6.2403
10.0796 6.2403
9.82799 6.2403
9.97718 6.2403
9.92176 6.2403
9.96279 6.2403
9.79178 6.2403
9.62044 6.2403
9.83289 6.2403
9.93177 6.2403
9.97168 6.2403
9.90206 6.2403
9.84769 6.2403
9.82916 6.2403
9.85553 6.2403
9.77133 6.2403
9.94365 6.2403
9.81175 6.2403
9.9124 6.2403
9.87691 6.2403
9.64249 6.2403
9.71553 6.2403
9.82485 6.2403
9.63902 6.2403
9.7476 6.2403
9.86623 6.2403
9.81037 6.2403
9.88994 6.2403
9.80732 6.2403
9.8836 6.2403
9.86748 6.2403
9.78505 6.2403
9.832 6.2403
9.85462 6.2403
9.74989 6.2403
9.78153 6.2403
9.8594 6.2403
10.1349 6.2403
9.80422 6.2403
9.8547 6.2403
9.98694 6.2403
10.026 6.2403
9.89043 6.2403
9.74467 6.2403
9.9091 6.2403
9.97114 6.2403
9.89758 6.2403
9.93065 6.2403
9.74314 6.2403
9.72254 6.2403
9.77581 6.2403
