43.6826 28.5585
33.063 23.3796
30.5291 21.8919
28.2824 20.2302
26.4059 19.4702
24.9478 18.3362
23.4248 16.851
21.9865 15.549
20.7872 14.9387
19.8282 14.0837
19.7322 13.8528
19.0023 12.6575
18.1046 11.8776
17.5635 11.6813
17.1521 11.6614
16.8591 11.4591
16.5497 11.4477
16.2723 11.3084
16.0618 11.1885
15.7297 11.0551
15.31 10.8328
15.1306 10.817
14.9248 10.8156
14.8253 10.7045
14.4881 10.537
14.751 10.537
14.6995 10.4791
15.0149 9.63222
14.5482 9.2206
14.4059 9.02659
14.3961 8.40932
13.6356 8.27918
13.1389 7.33212
12.9798 7.33212
12.7346 6.71485
12.0373 6.5847
11.2949 6.5847
10.8884 6.5847
10.5715 6.5847
10.2919 6.5847
10.2606 6.5847
10.1403 6.26186
10.2813 6.26186
10.0531 6.26186
9.8728 6.26186
9.77319 6.26186
9.79554 6.26186
9.96414 6.2403
10.0849 6.2403
9.80772 6.2403
9.86259 6.2403
9.9923 6.2403
9.89167 6.2403
10.0559 6.2403
9.96776 6.2403
9.84806 6.2403
9.71344 6.2403
9.72803 6.2403
9.84362 6.2403
9.93202 6.2403
9.87141 6.2403
9.97475 6.2403
9.79014 6.2403
9.75529 6.2403
9.79309 6.2403
9.80891 6.2403
9.76315 6.2403
9.71085 6.2403
9.85767 6.2403
9.70834 6.2403
9.72651 6.2403
9.75153 6.2403
9.75987 6.2403
9.53338 6.2403
9.67141 6.2403
9.95056 6.2403
9.84857 6.2403
9.79538 6.2403
9.77699 6.2403
9.73549 6.2403
9.72859 6.2403
9.88091 6.2403
9.83082 6.2403
9.66532 6.2403
9.63619 6.2403
9.81365 6.2403
9.82571 6.2403
10.0964 6.2403
9.79159 6.2403
9.77378 6.2403
10.1006 6.2403
10.0342 6.2403
9.81278 6.2403
9.87978 6.2403
9.8644 6.2403
9.77919 6.2403
9.81699 6.2403
9.93792 6.2403
9.70952 6.2403
9.73424 6.2403
9.85184 6.2403
