-0.465779   -0.422361   0.0673996
0.285761   0.40122   0.301361
-0.224448   0.0563938   -0.417808
-0.190643   0.411502   0.0259352
-0.00781726   -0.235667   -0.47639
-0.171814   0.0994693   0.411226
0.00779774   -0.387341   -0.0565329
0.162459   -0.155086   0.292993
-0.352756   0.0188875   0.357267
-0.4339   -0.440042   0.286548
0.343983   -0.112265   -0.0204076
0.426545   -0.305697   -0.0856898
0.233351   0.222195   -0.00116232
-0.413291   0.195174   0.302568
0.147412   0.057099   0.437076
0.112603   0.341448   -0.356595
-0.464875   0.0833573   0.156479
-0.456442   -0.358134   0.151163
-0.27233   0.277953   0.158857
-0.32412   0.418906   -0.0677707
0.262118   -0.0851431   -0.257366
-0.206711   -0.00540753   0.327863
-0.132261   -0.0481496   0.491062
-0.140805   0.382718   -0.495194
0.211513   0.414186   0.206533
-0.331204   -0.0700719   0.376367
-0.457384   0.159982   -0.458693
-0.111727   0.188924   -0.0278692
-0.185397   0.192966   0.0395806
-0.457389   -0.232418   -0.396981
-0.361566   -0.321807   0.234521
-0.325855   -0.145025   0.403972
-0.237905   0.345506   -0.407786
0.112785   0.186246   0.374042
-0.00992889   -0.0486448   -0.440784
0.437204   -0.12599   0.0920689
-0.199042   0.214685   0.137126
-0.49044   0.180623   0.466822
0.179167   -0.051875   0.121906
-0.474731   -0.0215197   0.0510622
0.449731   0.00197102   -0.469376
-0.470436   0.0575448   -0.245235
0.30727   -0.497129   -0.426651
0.106467   0.0469431   -0.0402605
0.279279   -0.0579441   -0.0395795
-0.475631   -0.135903   -0.339572
0.42027   -0.362759   0.210522
-0.0800283   -0.438758   0.32562
0.349466   0.159745   -0.479046
0.182116   0.481151   0.0419674
0.277282   0.0787589   -0.368737
0.475005   -0.123756   -0.414511
0.421656   0.434323   0.407721
0.264365   -0.265555   0.486705
0.178787   0.256459   -0.295494
0.159504   -0.388149   0.0154629
0.360801   -0.296414   0.00625188
-0.484683   0.468612   -0.103865
0.418671   -0.0592924   -0.397368
-0.0976341   0.267664   -0.399282
0.427867   -0.197886   -0.379327
-0.202405   -0.323223   0.435402
0.288341   0.260949   -0.276223
-0.117141   0.0225019   -0.21609
0.383357   -0.299041   -0.292937
-0.213048   0.188692   -0.19416
-0.418557   -0.305034   0.0837579
-0.434503   0.457584   0.379039
0.184337   0.109948   0.193948
0.0389305   -0.36915   0.141752
-0.264512   0.0129884   -0.165532
0.218833   0.428263   -0.236084
0.291826   0.121514   0.374895
-0.0373941   0.487604   0.329637
0.132068   0.229694   -0.366491
-0.230076   0.398304   0.427702
-0.374778   0.100306   -0.272713
0.468662   -0.238263   -0.441837
-0.267385   -0.403268   0.299824
0.451287   -0.339653   -0.176631
0.38201   0.0242109   -0.0334008
-0.277832   0.113414   -0.485394
0.433843   0.433261   0.253033
0.252884   -0.13199   0.146716
-0.275546   0.189411   0.113398
0.48136   0.0792985   -0.463074
0.160146   0.408101   0.358519
-0.0767425   0.104674   -0.0395951
-0.43827   -0.112881   0.113687
0.328126   -0.127105   -0.125747
-0.360416   -0.131512   -0.166709
-0.173282   0.281119   -0.423547
0.0902446   0.494011   0.34884
0.148931   -0.239438   -0.0228599
0.16892   -0.429882   -0.066382
-0.205572   0.308727   -0.248232
0.462324   -0.374922   -0.0717004
-0.358038   0.113496   0.133325
-0.0667991   -0.248474   0.0380193
0.0109152   -0.16225   0.24275
0.488574   -0.0385687   0.411066
0.144159   0.151843   -0.160116
-0.401668   -0.0570183   -0.474057
-0.409646   0.498097   -0.0921542
-0.0272467   -0.4818   -0.22354
0.114604   -0.451698   0.17463
0.334493   -0.228061   -0.341626
-0.219107   -0.171781   -0.219375
