           1    -0.35215    -0.35215           0
           2   -0.356069    -0.35411  0.00195953
           3   -0.379625   -0.362615  0.00858012
           4   -0.389568   -0.369353  0.00906713
           5   -0.361355   -0.367753  0.00720324
           6    -0.35102   -0.364964  0.00650915
           7   -0.362306   -0.364585  0.00551433
           8   -0.358958   -0.363881  0.00482707
           9   -0.363582   -0.363848  0.00425721
          10   -0.370211   -0.364484  0.00386055
          11   -0.382333   -0.366107  0.00385058
          12   -0.388464    -0.36797  0.00397831
          13   -0.406511   -0.370935   0.0047097
          14   -0.422569   -0.374623  0.00571095
          15   -0.440167   -0.378992  0.00688184
          16   -0.459441    -0.38402  0.00816828
          17   -0.498276   -0.390741   0.0102001
          18   -0.502054   -0.396925   0.0114335
          19   -0.483962   -0.401506   0.0117451
          20   -0.504539   -0.406658   0.0122757
          21   -0.504008   -0.411294   0.0125631
          22   -0.469457   -0.413937   0.0122667
          23   -0.501229   -0.417733   0.0123204
          24   -0.507299   -0.421465   0.0123721
          25   -0.511395   -0.425062   0.0124002
          26   -0.481154   -0.427219   0.0121075
          27   -0.460245   -0.428442   0.0117144
          28   -0.483655   -0.430414   0.0114592
          29   -0.496231   -0.432684   0.0112876
          30   -0.512357    -0.43534   0.0112236
          31   -0.480584   -0.436799   0.0109531
          32   -0.476566   -0.438042   0.0106779
          33   -0.488385   -0.439567   0.0104611
          34   -0.485251   -0.440911   0.0102373
          35   -0.481166   -0.442061   0.0100068
          36    -0.44448   -0.442128  0.00972513
          37   -0.442312   -0.442133  0.00945864
          38   -0.428019   -0.441762  0.00921385
          39   -0.404812   -0.440814  0.00902436
          40   -0.409072   -0.440021  0.00883159
          41   -0.409024   -0.439265   0.0086466
          42   -0.408194   -0.438525  0.00847059
          43   -0.399238   -0.437611  0.00832156
          44   -0.396649    -0.43668  0.00818336
          45   -0.397096   -0.435801  0.00804766
          46   -0.393433    -0.43488  0.00792448
          47    -0.37798   -0.433669  0.00784797
          48   -0.393416   -0.432831  0.00772837
          49   -0.427985   -0.432732  0.00756965
          50   -0.335822   -0.430793  0.00766578
          51   -0.378626   -0.429771  0.00758327
          52   -0.413908   -0.429466  0.00744227
          53   -0.402578   -0.428958   0.0073181
          54   -0.381401   -0.428078   0.0072351
          55   -0.374472   -0.427103   0.0071689
          56   -0.391674    -0.42647  0.00706809
          57   -0.379998   -0.425655  0.00699069
          58   -0.381281    -0.42489  0.00691158
          59   -0.376383   -0.424068  0.00684299
          60   -0.368192   -0.423136  0.00679212
          61   -0.381978   -0.422462  0.00671383
          62   -0.389776   -0.421935  0.00662566
          63    -0.37422   -0.421177  0.00656349
          64   -0.328814   -0.419734  0.00661936
          65   -0.376167   -0.419064  0.00655111
          66   -0.392949   -0.418668  0.00646321
          67    -0.40939    -0.41853  0.00636752
          68    -0.39888   -0.418241  0.00627983
          69   -0.384227   -0.417748  0.00620775
          70   -0.396473   -0.417444  0.00612597
          71   -0.390057   -0.417058  0.00605138
          72   -0.391436   -0.416702  0.00597734
          73   -0.400062   -0.416474   0.0058993
          74   -0.381218   -0.415998   0.0058385
          75   -0.380486   -0.415524  0.00577956
          76   -0.386998   -0.415149  0.00571534
          77   -0.378326   -0.414671  0.00566086
          78   -0.351514   -0.413861  0.00564618
          79   -0.392024   -0.413585   0.0055811
          80   -0.395297   -0.413356  0.00551563
          81    -0.40757   -0.413285  0.00544758
          82   -0.407162    -0.41321  0.00538125
          83   -0.375559   -0.412756  0.00533534
          84   -0.391741   -0.412506  0.00527738
          85   -0.403344   -0.412398  0.00521604
          86   -0.406606   -0.412331  0.00515547
          87   -0.395983   -0.412143  0.00509933
          88   -0.422991   -0.412266  0.00504255
          89   -0.421541   -0.412371  0.00498666
          90   -0.380087   -0.412012  0.00494397
          91   -0.404438   -0.411929  0.00489005
          92    -0.40922   -0.411899   0.0048367
          93   -0.402388   -0.411797   0.0047855
          94   -0.424817   -0.411935  0.00473634
          95    -0.41195   -0.411936  0.00468622
          96   -0.393318   -0.411742   0.0046412
          97    -0.38814   -0.411498  0.00459955
          98   -0.390406   -0.411283  0.00455746
          99   -0.401124    -0.41118  0.00451235
         100   -0.385852   -0.410927  0.00447418
