           1   0.0567742   0.0567742           0
           2    0.055445   0.0561096 0.000664599
           3   0.0456862   0.0526352  0.00349559
           4   0.0408007   0.0496765  0.00385526
           5   0.0483223   0.0494057  0.00299853
           6   0.0505125   0.0495902  0.00245523
           7   0.0450431   0.0489406  0.00217435
           8   0.0433064   0.0482363  0.00201043
           9   0.0400767   0.0473297  0.00199139
          10   0.0376693   0.0463636  0.00202626
          11   0.0362477    0.045444   0.0020506
          12   0.0394607   0.0449454   0.0019372
          13   0.0418154   0.0447046  0.00179816
          14   0.0459101   0.0447907  0.00166699
          15   0.0495002   0.0451047  0.00158333
          16   0.0507254    0.045456  0.00152216
          17   0.0450748   0.0454336  0.00142999
          18     0.04949   0.0456589  0.00136692
          19   0.0584213   0.0463306  0.00145704
          20   0.0537627   0.0467022  0.00143135
          21   0.0535846     0.04703  0.00140037
          22    0.060566   0.0476452  0.00147015
          23   0.0474789    0.047638  0.00140479
          24   0.0405429   0.0473424  0.00137709
          25    0.038648   0.0469946  0.00136588
          26   0.0500268   0.0471112  0.00131747
          27   0.0580405    0.047516  0.00133079
          28   0.0512272   0.0476486  0.00128921
          29   0.0458363   0.0475861  0.00124553
          30    0.041626   0.0473874  0.00121959
          31   0.0523432   0.0475473  0.00119037
          32   0.0543787   0.0477607  0.00117218
          33   0.0485059   0.0477833  0.00113633
          34   0.0450434   0.0477027  0.00110534
          35   0.0431289   0.0475721  0.00108122
          36   0.0502883   0.0476475  0.00105346
          37   0.0468187   0.0476251  0.00102484
          38   0.0450441   0.0475572 0.000999816
          39   0.0447442   0.0474851  0.00097651
          40   0.0367989   0.0472179 0.000988567
          41   0.0329909   0.0468709   0.0010247
          42   0.0346202   0.0465792  0.00104167
          43   0.0426043   0.0464868  0.00102135
          44   0.0503496   0.0465746  0.00100172
          45   0.0568411   0.0468027  0.00100544
          46   0.0619869   0.0471328  0.00103726
          47   0.0670694    0.047557  0.00110003
          48   0.0595308   0.0478064  0.00110538
          49   0.0465802   0.0477814  0.00108288
          50   0.0689434   0.0482047   0.0011423
          51   0.0543352   0.0483249  0.00112611
          52   0.0387888   0.0481415  0.00111937
          53   0.0393822   0.0479762  0.00111041
          54   0.0467149   0.0479529   0.0010899
          55    0.050713    0.048003  0.00107108
          56   0.0473179   0.0479908  0.00105185
          57   0.0512239   0.0480475  0.00103479
          58   0.0509564   0.0480977  0.00101803
          59   0.0505986   0.0481401  0.00100152
          60   0.0492854   0.0481592 0.000984873
          61   0.0411459   0.0480442 0.000975393
          62   0.0371214    0.047868 0.000975571
          63   0.0444689   0.0478141 0.000961476
          64   0.0608982   0.0480185 0.000968164
          65   0.0504296   0.0480556 0.000953875
          66    0.045906    0.048023 0.000939875
          67   0.0434776   0.0479552 0.000928224
          68   0.0504015   0.0479912 0.000915179
          69   0.0570913    0.048123  0.00091141
          70   0.0529069   0.0481914 0.000900892
          71    0.052141    0.048247 0.000889853
          72   0.0492891   0.0482615 0.000877526
          73   0.0456279   0.0482254 0.000866174
          74    0.050779   0.0482599 0.000855085
          75    0.051633   0.0483049 0.000844805
          76   0.0502674   0.0483307 0.000834015
          77   0.0535221   0.0483981 0.000825869
          78   0.0598175   0.0485445 0.000828254
          79   0.0454909   0.0485059 0.000818615
          80   0.0417807   0.0484218 0.000812677
          81   0.0395168   0.0483119 0.000810076
          82   0.0446891   0.0482677 0.000801355
          83   0.0590586   0.0483977 0.000802246
          84    0.057671   0.0485081 0.000800289
          85   0.0535612   0.0485676 0.000793049
          86   0.0498354   0.0485823 0.000783912
          87   0.0490379   0.0485875 0.000774867
          88   0.0396259   0.0484857 0.000772751
          89   0.0425841   0.0484194 0.000766891
          90   0.0590894   0.0485379 0.000767534
          91   0.0561424   0.0486215 0.000763638
          92   0.0541951   0.0486821 0.000757718
          93   0.0525651   0.0487238 0.000750688
          94   0.0428495   0.0486614 0.000745284
          95   0.0443633   0.0486161 0.000738784
          96   0.0492148   0.0486223 0.000731074
          97   0.0504683   0.0486414 0.000723748
          98   0.0488168   0.0486432 0.000716327
          99   0.0445654    0.048602  0.00071025
         100    0.047166   0.0485876 0.000703258
