           0           0           0
           1           0           0
           2           0           0
           3           0           0
           4           0           0
           5           0           0
           6           0           0
           7           0           0
           8           0           0
           9           0           0
          10           0           0
          11           0           0
          12           0           0
          13  0.00119736  0.00119736
          14    0.141683   0.0214028
          15     0.95019   0.0578669
          16     1.95766    0.074456
          17      2.4071   0.0632241
          18     2.14153   0.0607853
          19      1.9864   0.0556045
          20     1.66518   0.0572614
          21     1.48676   0.0539434
          22     1.17129   0.0451402
          23     1.15062   0.0484848
          24     1.02826   0.0338191
          25     1.03128    0.034292
          26     1.13724   0.0351922
          27     1.13629   0.0366399
          28     1.07932   0.0296192
          29     1.03386   0.0278967
          30     1.02738   0.0280723
          31     1.08133   0.0268067
          32     1.00414   0.0278726
          33     1.00899   0.0233491
          34     1.02325    0.023837
          35     1.03172   0.0251318
          36    0.993171   0.0239788
          37    0.989191   0.0205139
          38     1.01204   0.0241684
          39     1.01994   0.0269812
          40     1.01777   0.0218328
          41    0.948213    0.020749
          42    0.969143   0.0228172
          43    0.971939   0.0176709
          44    0.925717   0.0185311
          45    0.925758   0.0171006
          46    0.911359    0.016296
          47    0.923705   0.0171895
          48    0.989631   0.0188873
          49    0.949338   0.0166925
          50    0.948496    0.014657
          51    0.904118   0.0148438
          52    0.936538   0.0123603
          53    0.940411   0.0160189
          54    0.923858   0.0135685
          55    0.949516    0.014473
          56    0.974744   0.0165849
          57    0.966591   0.0160792
          58      1.0032   0.0132191
          59    0.990115   0.0136017
          60    0.949246   0.0141187
          61    0.969884   0.0145626
          62    0.961172   0.0114605
          63    0.961593   0.0120573
          64    0.970158   0.0139653
          65    0.987679   0.0148575
          66     0.98809   0.0114822
          67    0.972088   0.0111281
          68    0.967805      0.0103
          69    0.966009   0.0128342
          70    0.978155   0.0118397
          71    0.984381   0.0119696
          72    0.986695  0.00966368
          73     0.96797   0.0116443
          74    0.977344   0.0112188
          75    0.991879   0.0113047
          76    0.960801  0.00970943
          77    0.977549   0.0104984
          78     1.02265  0.00868368
          79     1.00512   0.0107851
          80    0.996116   0.0107786
          81     1.02203   0.0103279
          82     1.00157  0.00996287
          83    0.986274   0.0101197
          84    0.971186   0.0100588
          85    0.965744  0.00904114
          86    0.997873   0.0082623
          87    0.990636  0.00957992
          88    0.983832   0.0104482
          89    0.993612   0.0097404
          90     1.02065  0.00957248
          91     1.01479   0.0100872
          92    0.995923  0.00955848
          93     1.00112  0.00776477
          94    0.996177  0.00939407
          95     1.00711  0.00945506
          96    0.991241  0.00859503
          97      1.0021   0.0088192
          98     0.98183  0.00823532
          99     1.00168  0.00800349
