           1     2.05985     2.05985           0
           2     2.20292     2.13139   0.0715394
           3     2.22242     2.16173    0.051253
           4     1.96127     2.11162   0.0618459
           5     1.87779     2.06485   0.0669474
           6     1.80085     2.02085   0.0701708
           7     1.81246     1.99108   0.0663576
           8     2.44837     2.04824   0.0810551
           9     2.06185     2.04976   0.0714999
          10     2.12405     2.05718   0.0643815
          11     2.18393     2.06871   0.0593642
          12     1.82794     2.04864   0.0577868
          13      1.7354     2.02455   0.0583624
          14     2.00923     2.02345   0.0540442
          15     1.91247     2.01605   0.0508536
          16     2.12302     2.02274   0.0480366
          17     1.45995     1.98963   0.0559644
          18     1.90157     1.98474   0.0529902
          19     2.62095     2.01823   0.0602794
          20     2.56334     2.04548   0.0633491
          21     2.58816     2.07132   0.0655646
          22     2.03786      2.0698   0.0625319
          23     1.89086     2.06202   0.0602556
          24     2.21163     2.06826   0.0580262
          25     2.06287     2.06804   0.0556572
          26     2.01948     2.06617   0.0535063
          27     1.49624     2.04506   0.0556456
          28     1.65205     2.03103    0.055428
          29     1.77322     2.02214   0.0542164
          30     1.95869     2.02002   0.0524207
          31     2.09896     2.02257   0.0507654
          32     2.01666     2.02239   0.0491538
          33     1.67784     2.01194   0.0487716
          34     2.40111     2.02339   0.0486802
          35     2.56424     2.03884   0.0497306
          36      2.2014     2.04336   0.0485399
          37     2.40277     2.05307   0.0481988
          38     2.50968     2.06509   0.0484277
          39     2.27596      2.0705   0.0474785
          40     2.84611     2.08989   0.0501745
          41     2.36557     2.09661   0.0493952
          42     2.19358     2.09892     0.04826
          43     2.36104     2.10501    0.047517
          44     2.34243     2.11041    0.046737
          45     2.19563      2.1123   0.0457258
          46     1.70379     2.10342    0.045594
          47     1.59149     2.09253   0.0459238
          48     2.27293     2.09629   0.0451137
          49     2.94413     2.11359   0.0474506
          50     2.34376      2.1182   0.0467193
          51     1.87053     2.11334   0.0460508
          52     1.81579     2.10762   0.0455176
          53     2.10837     2.10763   0.0446505
          54     2.17139     2.10881   0.0438318
          55     2.36877     2.11354   0.0432863
          56     2.34066     2.11759   0.0426993
          57     2.59522     2.12597   0.0427724
          58     2.43978     2.13138   0.0423753
          59     2.53819     2.13828   0.0422177
          60     2.26649     2.14042   0.0415631
          61     2.03714     2.13872   0.0409111
          62     2.41439     2.14317   0.0404907
          63     2.64705     2.15117   0.0406376
          64     1.98618     2.14859   0.0400806
          65      1.7786      2.1429   0.0398676
          66     2.01241     2.14092   0.0393087
          67     2.46008     2.14568   0.0390095
          68     2.97228     2.15784   0.0403081
          69     2.05173      2.1563   0.0397494
          70     2.21633     2.15716   0.0391868
          71     2.11957     2.15663   0.0386346
          72     2.02623     2.15482   0.0381372
          73     2.04304     2.15329   0.0376423
          74     1.84032     2.14906   0.0373703
          75     1.70628     2.14315   0.0373383
          76     2.44941     2.14718   0.0370635
          77     2.33228     2.14959   0.0366579
          78     2.23682     2.15071   0.0362021
          79     2.61688     2.15661   0.0362248
          80     2.07086     2.15554   0.0357851
          81      2.0714      2.1545   0.0353559
          82     2.27236     2.15593   0.0349516
          83     2.49043     2.15996   0.0347623
          84     3.22604     2.17266   0.0366158
          85     2.80256     2.18007   0.0369336
          86     2.21167     2.18043   0.0365035
          87     1.86372     2.17679   0.0362646
          88      1.8782      2.1734   0.0360104
          89      2.0572     2.17209   0.0356274
          90     2.15595     2.17192   0.0352298
          91     2.60299     2.17665    0.035161
          92     2.51182      2.1803   0.0349671
          93      2.0487     2.17888    0.034618
          94     2.45776     2.18185    0.034376
          95     2.55103     2.18573   0.0342335
          96     2.30068     2.18693   0.0338961
          97     1.85112     2.18347   0.0337231
          98     2.19823     2.18362   0.0333775
          99      2.1549     2.18333   0.0330399
         100     1.65248     2.17802   0.0331358
