           1    -5.06962    -5.06962           0
           2    -5.04531    -5.05747    0.012156
           3    -5.01929    -5.04474   0.0145324
           4    -5.05812    -5.04809   0.0108064
           5     -5.0579    -5.05005  0.00859779
           6    -5.06944    -5.05328  0.00772852
           7     -5.0813    -5.05728   0.0076606
           8    -4.95121    -5.04403   0.0148259
           9    -5.05199    -5.04491   0.0131052
          10    -5.01725    -5.04214   0.0120437
          11    -5.00137    -5.03844   0.0115072
          12    -5.07765    -5.04171   0.0110011
          13    -5.07631    -5.04437   0.0104638
          14    -5.01144    -5.04202    0.009969
          15     -5.0348    -5.04153  0.00929309
          16    -4.98338     -5.0379  0.00942215
          17    -5.14876    -5.04442   0.0109937
          18    -5.05312     -5.0449   0.0103762
          19    -4.90728    -5.03766   0.0121984
          20    -4.92628    -5.03209   0.0128428
          21    -4.89832    -5.02572   0.0137771
          22    -5.02434    -5.02566   0.0131361
          23    -5.08584    -5.02828   0.0128219
          24    -5.02741    -5.02824    0.012276
          25    -5.06156    -5.02957     0.01185
          26    -5.05241    -5.03045   0.0114189
          27    -5.14046    -5.03453    0.011719
          28    -5.08882    -5.03646    0.011458
          29    -5.08399     -5.0381   0.0111766
          30    -5.06587    -5.03903   0.0108373
          31    -5.02882     -5.0387    0.010487
          32     -5.0248    -5.03826   0.0101633
          33     -5.1263    -5.04093   0.0102054
          34    -4.97371    -5.03896   0.0100961
          35    -4.93623    -5.03602   0.0102333
          36    -5.00197    -5.03507   0.0099899
          37    -4.95053    -5.03279  0.00998122
          38     -4.9725     -5.0312  0.00984371
          39    -5.07769     -5.0324   0.0096618
          40    -4.94281    -5.03016  0.00967979
          41    -5.02893    -5.03013   0.0094408
          42    -5.05612    -5.03074  0.00923403
          43    -5.02283    -5.03056  0.00901861
          44    -5.01263    -5.03015  0.00882067
          45    -5.00401    -5.02957  0.00864198
          46    -5.08822    -5.03085  0.00854766
          47    -5.12204    -5.03279  0.00858591
          48    -5.00342    -5.03218  0.00842737
          49    -4.86402    -5.02874  0.00893856
          50    -4.99409    -5.02805  0.00878534
          51    -5.08422    -5.02915  0.00868151
          52    -5.09593    -5.03044  0.00860923
          53    -5.04143    -5.03064  0.00844778
          54    -5.04589    -5.03093  0.00829467
          55    -5.00739     -5.0305   0.0081537
          56     -5.0422    -5.03071   0.0080095
          57    -4.98555    -5.02991  0.00790752
          58    -4.98726    -5.02918  0.00780471
          59    -4.92046    -5.02734   0.0078895
          60    -4.97446    -5.02646  0.00780681
          61    -5.02933     -5.0265   0.0076779
          62    -4.95378    -5.02533  0.00764357
          63    -4.89109     -5.0232  0.00781727
          64     -5.0282    -5.02328  0.00769455
          65    -5.06664    -5.02394  0.00760457
          66    -5.01566    -5.02382  0.00748951
          67    -4.92925    -5.02241  0.00751069
          68    -4.81312    -5.01933    0.008014
          69    -5.02763    -5.01945  0.00789792
          70    -4.99058    -5.01904  0.00779519
          71    -5.02095    -5.01906  0.00768466
          72    -5.02248    -5.01911  0.00757733
          73    -4.99309    -5.01876  0.00748131
          74    -5.02119    -5.01879  0.00737959
          75    -5.05244    -5.01924  0.00729434
          76    -4.89202    -5.01756   0.0073898
          77    -4.91947    -5.01629  0.00740361
          78     -4.9622     -5.0156   0.0073409
          79      -4.912    -5.01428  0.00736508
          80    -5.05868    -5.01484  0.00729357
          81    -5.05387    -5.01532  0.00721906
          82    -5.03245    -5.01553  0.00713354
          83    -4.98964    -5.01522  0.00705397
          84    -4.81121    -5.01279  0.00738054
          85    -4.90016    -5.01146  0.00741259
          86     -5.0237    -5.01161  0.00732728
          87    -5.09333    -5.01255  0.00730323
          88    -5.06833    -5.01318  0.00724754
          89    -5.01801    -5.01323  0.00716585
          90    -4.99764    -5.01306   0.0070879
          91    -4.91663      -5.012  0.00708923
          92    -4.94586    -5.01128  0.00704851
          93    -5.06332    -5.01184  0.00699472
          94    -4.98176    -5.01152  0.00692731
          95    -4.96093    -5.01099  0.00687466
          96    -4.97475    -5.01061  0.00681313
          97    -5.05134    -5.01103  0.00675559
          98    -4.98577    -5.01077  0.00669127
          99    -5.00814    -5.01075  0.00662339
         100    -5.10137    -5.01165  0.00661915
