           0           0           0
           1           0           0
           2           0           0
           3           0           0
           4           0           0
           5           0           0
           6           0           0
           7           0           0
           8           0           0
           9           0           0
          10           0           0
          11           0           0
          12           0           0
          13           0           0
          14           0           0
          15           0           0
          16           0           0
          17           0           0
          18           0           0
          19           0           0
          20           0           0
          21           0           0
          22           0           0
          23           0           0
          24           0           0
          25           0           0
          26           0           0
          27           0           0
          28           0           0
          29           0           0
          30           0           0
          31           0           0
          32           0           0
          33           0           0
          34 0.000550231 0.000387102
          35    0.023212   0.0023256
          36    0.184673  0.00773194
          37     0.58316    0.011248
          38     1.21043   0.0175155
          39     1.86665   0.0225404
          40     2.35444   0.0248281
          41     2.55779   0.0243878
          42     2.54689   0.0227206
          43     2.42307   0.0220959
          44     2.19082   0.0224052
          45     1.94384    0.022302
          46     1.71706   0.0190736
          47     1.51843   0.0157913
          48     1.39929   0.0170125
          49     1.23882   0.0149536
          50     1.10391   0.0128278
          51     1.01392    0.012354
          52    0.944102   0.0137836
          53    0.878325   0.0130415
          54    0.808096   0.0109722
          55    0.759571   0.0099859
          56    0.728784    0.011226
          57    0.706099   0.0121403
          58    0.698752   0.0110808
          59      0.6713   0.0102386
          60    0.667991   0.0097422
          61    0.682174  0.00956662
          62    0.685194   0.0085202
          63    0.665841  0.00877879
          64    0.704024   0.0102625
          65    0.738463   0.0084593
          66    0.803456  0.00969254
          67    0.820268   0.0084672
          68    0.842927  0.00882241
          69     0.86506  0.00917188
          70    0.890284  0.00977322
          71    0.953228   0.0102206
          72    0.978326  0.00950816
          73     1.03063  0.00975308
          74     1.07692   0.0102192
          75     1.08535  0.00990253
          76      1.1247   0.0103839
          77     1.13879  0.00979077
          78     1.17671  0.00922948
          79     1.19064  0.00937741
          80     1.20016  0.00943051
          81      1.1981  0.00806879
          82     1.19711   0.0103403
          83     1.17001  0.00922546
          84     1.15838  0.00892717
          85     1.15401  0.00808403
          86     1.11517   0.0084559
          87     1.09055  0.00752614
          88     1.06185  0.00826987
          89     1.03747  0.00687578
          90     1.00299  0.00661371
          91     0.98163  0.00695672
          92    0.961821  0.00709072
          93    0.947114  0.00638643
          94    0.934779  0.00671099
          95    0.918548  0.00808242
          96    0.893796   0.0070799
          97    0.904492  0.00783069
          98    0.927219  0.00794626
          99     0.90346  0.00640241
