          5000             0             0             0
          5000             0             0             0
          5000             0             0             0
          5000             0             0             0
          5000             0             0             0
          5000             0             0             0
          5000             0             0             0
          5000             0             0             0
          5000             0             0             0
          5000             0             0             0
          5000             0             0             0
          5000             0             0             0
          5000             0             0             0
          5000             0             0             0
          5000             0             0             0
          5000             0             0             0
          5000             0             0             0
          5000             0             0             0
          5000             0             0             0
          5000             0             0             0
          5000             0             0             0
          5000             0             0             0
          5000             0             0             0
          5000             0             0             0
          5000             0             0             0
          5000             0             0             0
          5000             0             0             0
          5000             0             0             0
          5000             0             0             0
          5000             0             0             0
          5000             0             0             0
          5000             0             0             0
          5000             0             0             0
          5000             0             0             0
          5000             0             0             0
          5000             0   0.000558997   8.50388e-05
          5000             0     0.0201418   0.000500891
          5000      0.122072      0.220939    0.00152345
          5000       1.09602       1.11322    0.00319397
          5000       2.48765       3.03405    0.00510269
          5000       5.53409       5.28317    0.00641359
          5000       6.90145       6.48218    0.00711248
          5000       5.85631       6.03825    0.00709446
          5000       5.24607       4.48735    0.00591335
          5000       2.23591       2.75704    0.00437886
          5000        1.5794       1.42034    0.00316913
          5000       0.57454      0.632324    0.00218392
          5000      0.119206      0.242238     0.0013627
          5000      0.077036     0.0790728   0.000776176
          5000             0     0.0225866   0.000411922
          5000             0    0.00531565   0.000194086
          5000             0    0.00173023   0.000108489
          5000             0    0.00205356   0.000116614
          5000             0    0.00605392    0.00019615
          5000   0.000308332     0.0193633   0.000344077
          5000    0.00119289     0.0573963   0.000572859
          5000      0.201446      0.145226   0.000908348
          5000      0.334773      0.314944    0.00126473
          5000      0.732003      0.579416    0.00162072
          5000      0.838311      0.901458    0.00189889
          5000       1.27038       1.19103    0.00224896
          5000        1.3544         1.317    0.00242162
          5000      0.890751       1.23115    0.00224774
          5000      0.907972      0.964443    0.00187368
          5000      0.902144      0.632275    0.00149366
          5000      0.374896      0.348766    0.00115137
          5000     0.0646973      0.163277   0.000808445
          5000     0.0620942     0.0646154    0.00051617
          5000      0.020004      0.027557   0.000350066
          5000     0.0389411     0.0335641   0.000390772
          5000     0.0574492      0.103263   0.000671692
          5000      0.353835      0.305828     0.0011549
          5000      0.563397      0.754423    0.00169668
          5000        1.5622       1.51607    0.00217526
          5000        2.4209       2.48018    0.00262117
          5000       3.54987       3.32774    0.00317532
          5000       3.81103       3.68224    0.00359482
          5000       3.41336       3.36548    0.00337789
          5000       2.38192       2.56077    0.00257838
          5000        1.6974       1.62626    0.00203274
          5000      0.806491      0.870209    0.00164593
          5000      0.451675      0.394263    0.00117929
          5000      0.143572      0.160633   0.000768749
          5000      0.097002      0.100325   0.000603097
          5000      0.109564      0.171861   0.000705405
          5000      0.333464      0.379517   0.000985608
          5000      0.627266      0.711585    0.00122835
          5000       0.90695       1.07406    0.00146461
          5000       1.64508       1.32776    0.00171563
          5000       1.44176       1.35466    0.00174511
          5000       1.24356       1.15556    0.00157078
          5000      0.659014      0.827197    0.00124774
          5000      0.595845      0.508133   0.000984368
          5000      0.225468      0.291983   0.000879882
          5000      0.187881      0.225471   0.000882732
          5000             0             0             0
          5000             0             0             0
          5000             0             0             0
          5000             0             0             0
          5000             0             0             0
