        5000           0           0           0
        5000           0           0           0
        5000           0           0           0
        5000           0           0           0
        5000           0           0           0
        5000           0           0           0
        5000           0           0           0
        5000           0           0           0
        5000           0           0           0
        5000           0           0           0
        5000           0           0           0
        5000           0           0           0
        5000           0           0           0
        5000           0  0.00094951 4.01333e-05
        5000    0.108987    0.148184 0.000487304
        5000    0.994701     1.06624  0.00148916
        5000     1.70353     2.04025  0.00241494
        5000     2.40532     2.26815  0.00250843
        5000     2.30543     2.08699  0.00221989
        5000     1.88853     1.83188  0.00182333
        5000      1.6309     1.61854  0.00155495
        5000     1.51816     1.45463  0.00135316
        5000     1.32587     1.33537  0.00118601
        5000     1.06525     1.24695  0.00107732
        5000     1.16191     1.18836   0.0010036
        5000     1.17329     1.14332 0.000945946
        5000     1.09263     1.11089 0.000877099
        5000     1.08679     1.08972 0.000839023
        5000     1.08443     1.07441 0.000803198
        5000     1.00338     1.06597 0.000787368
        5000      1.0607     1.05943 0.000759124
        5000     1.03843     1.05676 0.000722959
        5000     1.08092      1.0555 0.000693779
        5000     1.00957     1.05295 0.000687645
        5000    0.964739     1.04871 0.000662134
        5000    0.960525     1.04269 0.000635484
        5000    0.934017     1.03704 0.000611255
        5000      1.0471     1.03154 0.000600602
        5000     1.02655     1.02573 0.000578719
        5000     1.11655     1.02139 0.000565961
        5000     1.00021      1.0166 0.000545092
        5000     1.04132     1.01406 0.000532209
        5000    0.973554     1.00933 0.000512084
        5000    0.951807     1.00746 0.000493543
        5000     1.01865     1.00557 0.000489581
        5000    0.945372     1.00339 0.000482019
        5000     1.04297     1.00077  0.00045636
        5000    0.993226     1.00008 0.000457789
        5000    0.991672    0.998543 0.000444317
        5000     1.01527    0.997489 0.000429736
        5000     1.02383    0.997562  0.00042101
        5000    0.926836    0.995405 0.000417015
        5000    0.980181    0.995036 0.000400976
        5000     0.97401    0.994603 0.000389315
        5000    0.945945     0.99287 0.000389831
        5000      0.9352    0.992908 0.000385546
        5000     1.04703    0.991079 0.000374036
        5000    0.984188      0.9918 0.000368021
        5000     0.99357    0.990658 0.000353209
        5000     1.01164    0.990692 0.000352293
        5000    0.956105    0.989421 0.000345692
        5000     1.00809    0.989197 0.000338313
        5000     1.00432    0.988934 0.000325814
        5000    0.984035    0.989169 0.000325986
        5000     1.00204    0.988445  0.00031815
        5000     1.01773    0.987952 0.000323295
        5000    0.972046    0.988364 0.000306396
        5000    0.996645    0.987807 0.000300974
        5000     1.02452    0.987439 0.000298129
        5000    0.980562     0.98767 0.000298307
        5000     1.01026    0.987348 0.000288648
        5000     0.99779    0.987032 0.000294471
        5000    0.972324     0.98704 0.000284885
        5000     1.03152    0.986736 0.000281481
        5000     1.01699    0.986273 0.000271221
        5000     1.02125    0.986775 0.000268344
        5000    0.989134    0.987018 0.000265226
        5000    0.981584    0.986518 0.000264831
        5000     1.00492    0.986171 0.000253547
        5000     1.01555    0.986309 0.000255907
        5000    0.980198    0.986275 0.000249636
        5000      1.0051     0.98598  0.00024465
        5000    0.991307    0.986475 0.000247494
        5000    0.962226    0.986186 0.000245536
        5000     1.02474    0.986117 0.000235865
        5000    0.976122    0.986307 0.000235913
        5000    0.990593    0.985691 0.000232014
        5000     1.00045    0.986202 0.000227661
        5000    0.988417    0.985535 0.000227684
        5000     1.00788    0.986149 0.000227385
        5000     1.03051    0.986187 0.000224834
        5000    0.998462    0.985823 0.000218648
        5000    0.990003    0.986225 0.000217266
        5000      1.0054    0.985849 0.000215545
        5000     1.00367    0.986103 0.000213276
        5000    0.989344    0.985706 0.000207186
        5000     1.00493    0.986158  0.00020857
        5000    0.998089    0.985857 0.000204479
        5000    0.949574    0.986385 0.000206672
        5000    0.996628    0.986018 0.000200909
