           0           0           0
           1           0           0
           2           0           0
           3           0           0
           4           0           0
           5           0           0
           6           0           0
           7           0           0
           8           0           0
           9           0           0
          10           0           0
          11           0           0
          12           0           0
          13           0           0
          14           0           0
          15           0           0
          16           0           0
          17           0           0
          18           0           0
          19           0           0
          20           0           0
          21           0           0
          22           0           0
          23           0           0
          24           0           0
          25           0           0
          26           0           0
          27           0           0
          28           0           0
          29           0           0
          30           0           0
          31           0           0
          32           0           0
          33           0           0
          34           0           0
          35           0           0
          36           0           0
          37           0           0
          38 7.36405e-05 7.36405e-05
          39  0.00370784  0.00095611
          40   0.0581623  0.00340854
          41    0.340789  0.00816375
          42     1.12355   0.0150294
          43     2.37265   0.0182755
          44     3.62818   0.0235306
          45     4.54923   0.0288494
          46      4.7515   0.0280543
          47     4.32762   0.0264385
          48     3.56403   0.0286722
          49     2.65334   0.0216917
          50      1.8473   0.0167713
          51     1.17731   0.0121431
          52    0.696898   0.0109126
          53    0.386591  0.00725693
          54    0.201978  0.00672279
          55    0.104683  0.00499958
          56   0.0564891  0.00365467
          57   0.0445707  0.00304856
          58   0.0630909  0.00316556
          59    0.102397  0.00418707
          60    0.189312  0.00457914
          61    0.298994   0.0050196
          62    0.455827  0.00638579
          63    0.639799   0.0079095
          64    0.785546  0.00820403
          65    0.923206   0.0102059
          66    0.963604  0.00988657
          67    0.922783  0.00976977
          68    0.802751  0.00821497
          69    0.639863  0.00624197
          70    0.474473   0.0066914
          71    0.323572  0.00478409
          72    0.233362  0.00485474
          73    0.211456  0.00532115
          74    0.280337  0.00667894
          75    0.468574  0.00681129
          76     0.81065  0.00901469
          77     1.23559  0.00934642
          78     1.72983   0.0108373
          79     2.19417   0.0114481
          80      2.5311   0.0122571
          81     2.62764   0.0150183
          82     2.48949   0.0158142
          83     2.12335   0.0129036
          84     1.67072   0.0103043
          85      1.2119  0.00699674
          86    0.845462   0.0093988
          87    0.582631  0.00724436
          88    0.477888  0.00705958
          89     0.49913  0.00664326
          90    0.610324  0.00569325
          91    0.773528  0.00606542
          92    0.904781  0.00685113
          93    0.978729  0.00653802
          94    0.982145  0.00815339
          95    0.885419  0.00747985
          96    0.782917  0.00520145
          97    0.668152  0.00497886
          98    0.575516  0.00616494
          99    0.587006   0.0067712
