           1    -6.58655    -6.58655           0
           2    -6.61567    -6.60111   0.0145609
           3    -6.62668    -6.60963   0.0119708
           4    -6.61359    -6.61062  0.00852216
           5    -6.65325    -6.61915   0.0107832
           6    -6.61048     -6.6177  0.00892222
           7    -6.55032    -6.60808   0.0122276
           8    -6.59653    -6.60663   0.0106874
           9    -6.63449    -6.60973  0.00992075
          10     -6.6209    -6.61085  0.00894345
          11    -6.59841    -6.60971  0.00816831
          12    -6.61936    -6.61052  0.00749977
          13    -6.63967    -6.61276  0.00725405
          14    -6.56018    -6.60901  0.00769466
          15    -6.61511    -6.60941   0.0071749
          16    -6.65426    -6.61222  0.00727327
          17    -6.58139     -6.6104  0.00706857
          18    -6.50226    -6.60439  0.00897275
          19    -6.70405    -6.60964  0.00997739
          20    -6.59464    -6.60889  0.00949504
          21     -6.5861     -6.6078  0.00909653
          22    -6.65104    -6.60977  0.00889305
          23    -6.62733    -6.61053  0.00853184
          24    -6.60915    -6.61048  0.00816882
          25    -6.65187    -6.61213  0.00800828
          26    -6.64466    -6.61338  0.00779514
          27    -6.60298      -6.613  0.00751076
          28    -6.52459    -6.60984  0.00789623
          29    -6.56795     -6.6084   0.0077548
          30    -6.61794    -6.60871   0.0074986
          31    -6.65487     -6.6102   0.0074039
          32    -6.62835    -6.61077   0.0071912
          33    -6.63495     -6.6115   0.0070083
          34    -6.55329    -6.60979  0.00701131
          35    -6.60632    -6.60969  0.00680876
          36    -6.58598    -6.60903  0.00664962
          37    -6.64941    -6.61012  0.00655884
          38     -6.5391    -6.60825  0.00665185
          39    -6.61651    -6.60847   0.0064825
          40    -6.64684    -6.60943  0.00639076
          41    -6.67031    -6.61091   0.0064074
          42    -6.59974    -6.61064  0.00625863
          43     -6.5978    -6.61035  0.00611865
          44    -6.63271    -6.61085  0.00599953
          45    -6.57735    -6.61011  0.00591177
          46    -6.62599    -6.61045  0.00579212
          47    -6.61849    -6.61063  0.00567012
          48    -6.66618    -6.61178  0.00567012
          49    -6.58245    -6.61118  0.00558537
          50    -6.58762    -6.61071  0.00549278
          51     -6.6681    -6.61184  0.00550033
          52    -6.58569    -6.61134  0.00541691
          53    -6.62861    -6.61166  0.00532371
          54    -6.67239    -6.61279  0.00534386
          55    -6.59256    -6.61242  0.00525868
          56    -6.49491    -6.61032  0.00557394
          57     -6.5692     -6.6096  0.00552259
          58    -6.60634    -6.60954  0.00542683
          59    -6.70234    -6.61112  0.00556113
          60    -6.67939    -6.61225  0.00558481
          61     -6.5568    -6.61134  0.00556721
          62    -6.58418    -6.61091  0.00549417
          63    -6.52347    -6.60952  0.00558157
          64    -6.61176    -6.60955  0.00549378
          65    -6.66071    -6.61034  0.00546555
          66    -6.58944    -6.61002  0.00539142
          67    -6.64499    -6.61055  0.00533592
          68    -6.62635    -6.61078    0.005262
          69    -6.64313    -6.61125  0.00520633
          70    -6.58617    -6.61089  0.00514391
          71    -6.63586    -6.61124  0.00508313
          72    -6.57516    -6.61074  0.00503702
          73    -6.59974    -6.61059  0.00496982
          74    -6.59485    -6.61038  0.00490682
          75    -6.61354    -6.61042  0.00484113
          76    -6.49593    -6.60891  0.00500891
          77    -6.66654    -6.60966  0.00499977
          78    -6.66254    -6.61034  0.00498159
          79    -6.60651    -6.61029  0.00491837
          80    -6.59274    -6.61007  0.00486145
          81    -6.51739    -6.60893  0.00493552
          82    -6.62269    -6.60909  0.00487785
          83      -6.639    -6.60945  0.00483218
          84    -6.64384    -6.60986  0.00479182
          85    -6.56924    -6.60939  0.00475917
          86    -6.61837    -6.60949  0.00470466
          87     -6.7478    -6.61108   0.0049145
          88    -6.60353    -6.61099  0.00485909
          89    -6.55696    -6.61039  0.00484239
          90    -6.55895    -6.60982  0.00482227
          91    -6.65744    -6.61034  0.00479761
          92    -6.54503    -6.60963  0.00479799
          93    -6.66507    -6.61022  0.00478341
          94    -6.71224    -6.61131  0.00485511
          95    -6.61949     -6.6114   0.0048045
          96    -6.48388    -6.61007  0.00493625
          97    -6.61539    -6.61012  0.00488541
          98    -6.66098    -6.61064  0.00486307
          99     -6.5997    -6.61053  0.00481496
         100    -6.65405    -6.61097  0.00478639
