           1     10.0315     10.0315           0
           2     9.83974     9.93561   0.0958711
           3     9.81552     9.89558   0.0683088
           4     9.91063     9.89934   0.0484479
           5     9.62767     9.84501   0.0660345
           6     9.89157     9.85277   0.0544726
           7     10.2231     9.90568   0.0701329
           8     9.98421     9.91549    0.061525
           9     9.74978     9.89708   0.0572988
          10     9.84148     9.89152   0.0515503
          11     9.99489     9.90092   0.0475664
          12     9.85543     9.89713   0.0435871
          13     9.74771     9.88563   0.0417093
          14     10.1953     9.90775   0.0445015
          15     9.90915     9.90785   0.0414288
          16     9.65213     9.89186   0.0419194
          17     10.0665     9.90214    0.040695
          18     10.4896     9.93477   0.0503703
          19     9.38645     9.90592    0.055704
          20     9.97057     9.90915   0.0529442
          21     10.0184     9.91435    0.050628
          22     9.62306     9.90111   0.0500549
          23     9.75897     9.89493   0.0482267
          24     9.83146     9.89228   0.0462492
          25     9.65322     9.88272   0.0453797
          26      9.6926     9.87541   0.0442084
          27     9.88887     9.87591   0.0425424
          28     10.3268     9.89201   0.0440442
          29     10.1373     9.90047   0.0433319
          30     9.82072     9.89781   0.0419469
          31     9.62338     9.88896   0.0415258
          32     9.78082     9.88558    0.040349
          33      9.7406     9.88119   0.0393532
          34     10.2134     9.89096    0.039409
          35     9.91398     9.89162   0.0382721
          36     10.0347     9.89559   0.0374056
          37     9.67984     9.88976    0.036845
          38     10.2728     9.89984   0.0372518
          39     9.85443     9.89868   0.0363027
          40     9.71648     9.89412   0.0356755
          41     9.61112     9.88722   0.0354725
          42     9.95527     9.88884   0.0346556
          43     9.94075     9.89005   0.0338615
          44     9.76607     9.88723   0.0332028
          45     10.0929      9.8918   0.0327767
          46     9.81702     9.89017   0.0320974
          47     9.84816     9.88928   0.0314198
          48     9.56875      9.8826   0.0314748
          49     10.0477     9.88597   0.0310094
          50     10.0299     9.88885   0.0305189
          51     9.61199     9.88342   0.0304031
          52     10.0423     9.88648   0.0299689
          53     9.75582     9.88401   0.0295012
          54     9.59346     9.87863   0.0294455
          55      10.012     9.88106   0.0290068
          56     10.5026     9.89216   0.0305702
          57     10.1626      9.8969   0.0304017
          58     9.90211     9.89699   0.0298731
          59     9.38095     9.88824   0.0306374
          60     9.48531     9.88153   0.0308619
          61     10.1595     9.88608   0.0306919
          62     10.0246     9.88832   0.0302754
          63     10.3665     9.89591   0.0307425
          64     9.89058     9.89583   0.0302585
          65     9.62587     9.89167   0.0300774
          66     10.0036     9.89337   0.0296667
          67     9.70877     9.89061   0.0293501
          68     9.77665     9.88894   0.0289638
          69     9.66207     9.88565   0.0287297
          70     10.0101     9.88743   0.0283721
          71     9.81924     9.88647   0.0279861
          72     10.1356     9.88993   0.0278108
          73     9.94963     9.89074   0.0274394
          74     10.0239     9.89254   0.0271258
          75     9.88585     9.89245   0.0267618
          76     10.5105     9.90059   0.0276312
          77     9.62364     9.89699   0.0275061
          78     9.62618     9.89352   0.0273723
          79     9.90133     9.89362   0.0270238
          80     9.99597      9.8949   0.0267145
          81     10.4046     9.90119   0.0271228
          82     9.82192     9.90022   0.0268074
          83     9.72212     9.89808   0.0265692
          84     9.70198     9.89574   0.0263546
          85     10.1189     9.89837   0.0261747
          86      9.8253     9.89752   0.0258825
          87     9.11661     9.88854   0.0271122
          88     9.96184     9.88937   0.0268153
          89     10.2227     9.89312   0.0267755
          90     10.1658     9.89615   0.0266491
          91     9.63598     9.89329   0.0265092
          92     10.2122     9.89676   0.0264476
          93     9.58501      9.8934   0.0263755
          94      9.3646     9.88778    0.026693
          95     9.85386     9.88742   0.0264129
          96     10.5854     9.89469   0.0271287
          97     9.84982     9.89423   0.0268515
          98     9.57717     9.89099   0.0267723
          99     9.95615     9.89165   0.0265087
         100     9.68097     9.88955   0.0263267
