  -0.0351882
   -0.211637
   -0.380279
   -0.457623
   -0.405239
   -0.343408
   -0.454489
   -0.510841
    -0.48649
   -0.483215
   -0.420636
   -0.379393
   -0.436729
   -0.392017
   -0.347134
   -0.365461
   -0.394857
   -0.389425
   -0.442153
   -0.469217
   -0.340474
   -0.387663
   -0.490158
   -0.445545
   -0.366161
   -0.490113
   -0.517596
   -0.499309
   -0.479825
   -0.440071
   -0.468002
   -0.461394
   -0.408216
   -0.412093
   -0.384632
   -0.393783
   -0.450311
   -0.462293
   -0.434928
    -0.38397
   -0.373111
   -0.429416
    -0.49986
   -0.443452
   -0.422872
   -0.463538
   -0.461392
   -0.420028
    -0.39553
   -0.491854
   -0.491154
   -0.375297
   -0.463828
   -0.449391
   -0.325538
   -0.364335
   -0.429109
   -0.431821
   -0.417654
   -0.456585
    -0.49067
   -0.477567
   -0.439751
   -0.409908
   -0.461356
   -0.364109
   -0.399322
   -0.371146
   -0.393402
   -0.433301
   -0.486125
   -0.439944
   -0.490075
   -0.498124
   -0.498759
   -0.451196
   -0.478394
   -0.423539
   -0.370673
   -0.453435
   -0.405321
   -0.419386
   -0.375762
    -0.47164
   -0.440813
   -0.424455
   -0.482065
   -0.440129
   -0.474863
    -0.46017
   -0.442755
   -0.442047
   -0.439788
   -0.483884
   -0.524908
   -0.574449
   -0.530502
   -0.543835
   -0.508862
   -0.481654
   -0.455665
   -0.380045
   -0.346104
    -0.35251
   -0.327453
    -0.40189
   -0.430028
   -0.390308
   -0.356826
    -0.36338
   -0.408909
   -0.406211
   -0.371458
    -0.35478
   -0.389068
   -0.386976
   -0.434524
   -0.425242
   -0.425455
   -0.379128
   -0.369628
   -0.440178
   -0.409557
   -0.370607
   -0.380627
   -0.400241
   -0.398768
    -0.39349
    -0.36337
   -0.444497
   -0.425091
   -0.436969
   -0.378826
   -0.383654
   -0.411098
   -0.376497
   -0.473175
   -0.444076
   -0.421385
   -0.456793
   -0.430061
   -0.428933
   -0.385494
   -0.381723
   -0.358569
    -0.41416
   -0.399162
   -0.389218
    -0.37257
   -0.467991
   -0.483317
   -0.464858
   -0.412491
   -0.455835
   -0.403687
   -0.387655
   -0.387468
     -0.3908
   -0.366459
   -0.371715
   -0.415517
   -0.432572
   -0.467334
   -0.462486
   -0.466354
   -0.410069
    -0.35126
    -0.33188
   -0.329713
   -0.390564
   -0.330129
   -0.404988
   -0.415244
   -0.443705
   -0.400326
   -0.449466
   -0.466653
    -0.46111
   -0.436254
   -0.501834
   -0.495983
    -0.40618
   -0.423864
   -0.457863
   -0.405637
   -0.405036
   -0.378338
   -0.444113
    -0.44567
   -0.502993
   -0.430379
   -0.446384
   -0.462225
   -0.424048
   -0.480835
   -0.467962
   -0.430893
   -0.411315
   -0.383033
    -0.38821
   -0.435018
   -0.369502
   -0.450502
   -0.444347
   -0.460989
   -0.461226
   -0.518417
   -0.446871
   -0.422903
   -0.445466
   -0.421082
   -0.447521
   -0.401767
   -0.368357
   -0.386665
   -0.378683
   -0.447392
   -0.467187
   -0.459332
   -0.489196
   -0.466302
   -0.499073
   -0.487732
   -0.505882
   -0.457234
   -0.439982
   -0.418672
   -0.379608
   -0.398172
   -0.417415
   -0.393809
   -0.431543
    -0.42238
   -0.400209
   -0.374757
   -0.374889
   -0.360701
   -0.417587
   -0.399742
    -0.36647
   -0.367941
   -0.438645
   -0.396262
   -0.418092
   -0.442495
   -0.422058
   -0.436196
   -0.428161
   -0.487809
    -0.41563
   -0.389804
   -0.472177
   -0.414014
   -0.387356
   -0.472295
   -0.473209
   -0.445829
   -0.448941
   -0.466253
   -0.428082
   -0.478756
   -0.475663
   -0.462535
   -0.511433
    -0.41983
   -0.565118
   -0.463402
   -0.409077
    -0.39196
   -0.435087
   -0.464239
   -0.444206
   -0.422596
   -0.451966
   -0.394728
   -0.462071
   -0.395128
   -0.402329
   -0.344729
   -0.378906
   -0.429253
   -0.403488
   -0.398394
   -0.420846
   -0.422388
   -0.471461
   -0.427113
   -0.415885
   -0.438602
   -0.344641
   -0.319358
   -0.380202
   -0.464178
   -0.356849
   -0.409883
   -0.370772
   -0.388913
   -0.409081
   -0.375484
   -0.306611
     -0.3459
   -0.372069
   -0.398367
   -0.360282
    -0.38498
    -0.43588
   -0.398912
   -0.349934
   -0.368338
   -0.352818
   -0.329783
   -0.449843
   -0.496731
   -0.422471
   -0.543348
   -0.497701
   -0.489628
   -0.361144
   -0.330006
   -0.382627
   -0.413277
   -0.480759
   -0.500475
   -0.381579
   -0.356614
   -0.354065
    -0.36237
   -0.370823
   -0.379449
    -0.36652
   -0.361661
     -0.2953
   -0.433982
   -0.425717
   -0.391747
   -0.428524
   -0.418765
   -0.408474
   -0.412216
   -0.490264
   -0.464192
    -0.41798
   -0.389835
    -0.38864
   -0.387078
   -0.446105
   -0.431072
   -0.410325
   -0.377183
   -0.412152
   -0.408743
   -0.395867
   -0.398258
   -0.382119
   -0.386297
   -0.322979
   -0.367362
   -0.438917
   -0.359259
   -0.352797
   -0.343199
   -0.394135
   -0.364833
   -0.364014
    -0.31539
   -0.325012
   -0.355953
    -0.39553
   -0.450885
   -0.461182
   -0.450109
   -0.439044
   -0.377769
   -0.325223
   -0.406481
   -0.412035
    -0.42499
   -0.448534
   -0.451448
   -0.449688
   -0.329873
   -0.378887
   -0.394814
   -0.480612
   -0.468998
   -0.425488
   -0.370578
   -0.368791
   -0.362305
   -0.384754
   -0.457346
   -0.435935
    -0.34344
   -0.385133
   -0.434696
    -0.44279
   -0.456585
    -0.49907
   -0.479371
   -0.436139
   -0.414653
    -0.39694
   -0.448253
   -0.431178
   -0.415405
   -0.458848
   -0.366422
   -0.406752
   -0.422928
   -0.376644
   -0.383668
   -0.369714
   -0.414939
   -0.482179
   -0.380686
   -0.357717
   -0.367717
   -0.354064
    -0.38899
   -0.414946
   -0.411175
   -0.383057
   -0.424978
   -0.389265
   -0.430683
    -0.37228
    -0.40649
   -0.407165
   -0.461508
   -0.511714
   -0.499364
   -0.536362
   -0.466929
   -0.394841
   -0.397002
   -0.488946
   -0.427634
   -0.418514
   -0.415432
   -0.471829
   -0.418845
    -0.40823
   -0.396105
   -0.389846
   -0.475801
   -0.470377
   -0.409498
   -0.378251
    -0.39351
   -0.403562
   -0.404156
    -0.40316
   -0.380105
   -0.430207
   -0.445602
   -0.416404
   -0.418215
   -0.465021
   -0.406603
    -0.40585
   -0.400055
   -0.426071
    -0.43076
   -0.403107
   -0.370536
   -0.484239
   -0.459446
   -0.429973
   -0.402619
   -0.370296
   -0.354884
   -0.330558
   -0.351921
   -0.358186
   -0.425492
   -0.311078
   -0.346977
   -0.396266
   -0.410481
   -0.332502
   -0.346476
    -0.37768
   -0.399722
    -0.42147
   -0.487204
   -0.407714
   -0.474239
   -0.398676
   -0.399513
   -0.371493
   -0.487742
   -0.433306
   -0.349026
   -0.374311
   -0.417518
   -0.423153
   -0.451761
   -0.434416
   -0.447455
   -0.407606
   -0.367525
   -0.350366
   -0.444475
   -0.437734
   -0.425939
   -0.431125
   -0.525362
   -0.450315
   -0.461938
   -0.421482
   -0.367368
   -0.415296
    -0.40778
   -0.394277
   -0.411093
   -0.413607
    -0.41376
   -0.468544
   -0.481008
   -0.420937
   -0.446732
   -0.356133
   -0.340609
   -0.323922
   -0.278577
   -0.337656
   -0.347948
    -0.30898
   -0.387648
    -0.42456
   -0.420537
   -0.455252
   -0.445618
   -0.443928
   -0.424729
   -0.459133
   -0.432706
   -0.422244
   -0.389864
   -0.406862
    -0.33749
   -0.392108
   -0.351766
   -0.397649
   -0.343805
   -0.379114
   -0.435753
   -0.458825
   -0.528971
   -0.513162
   -0.523455
    -0.44239
   -0.436727
   -0.424151
   -0.367848
   -0.370213
   -0.400451
   -0.421246
   -0.361163
   -0.391571
   -0.331043
   -0.350134
   -0.377887
   -0.359896
   -0.360301
   -0.389523
   -0.419854
    -0.38177
   -0.405013
   -0.386342
    -0.37206
   -0.425337
    -0.36341
   -0.496324
   -0.458259
   -0.505453
   -0.524321
   -0.492622
   -0.413093
   -0.432751
   -0.488382
   -0.452759
    -0.38667
   -0.365036
   -0.327786
   -0.323505
    -0.36015
   -0.409399
   -0.370362
   -0.361223
   -0.430125
   -0.467355
   -0.408508
   -0.386772
    -0.46313
   -0.452589
   -0.465087
   -0.530743
   -0.478837
   -0.519201
   -0.417156
   -0.381223
   -0.445003
   -0.464641
   -0.423985
   -0.453669
   -0.393401
   -0.392607
   -0.395873
   -0.383973
   -0.357014
   -0.339342
   -0.405414
   -0.378001
   -0.412521
   -0.407151
   -0.474159
   -0.419314
   -0.448597
    -0.48096
   -0.435576
   -0.438195
   -0.487928
   -0.495518
   -0.438132
    -0.44608
   -0.410597
   -0.401908
   -0.400825
   -0.368138
   -0.395447
     -0.3931
   -0.439696
   -0.525193
   -0.500299
   -0.415571
   -0.498533
   -0.526667
   -0.553712
   -0.503931
   -0.494327
   -0.477036
   -0.460045
   -0.494163
   -0.430283
   -0.486609
   -0.482135
   -0.455646
   -0.484807
   -0.478869
   -0.455274
   -0.504343
   -0.500969
   -0.434868
   -0.442743
   -0.476395
   -0.368658
   -0.363188
   -0.429099
    -0.39085
   -0.412749
   -0.421814
   -0.489423
   -0.485611
   -0.449186
   -0.343445
   -0.342633
   -0.383168
   -0.334472
   -0.314371
   -0.340665
   -0.326717
   -0.350425
   -0.412904
   -0.412488
   -0.386923
   -0.415437
   -0.445493
   -0.487735
    -0.52537
   -0.418106
   -0.458974
    -0.44147
   -0.491884
   -0.476494
   -0.486735
   -0.446688
   -0.464193
   -0.466631
   -0.459046
   -0.389215
   -0.429594
   -0.484034
   -0.461685
   -0.550938
   -0.573557
    -0.49507
   -0.422038
   -0.403169
   -0.425858
   -0.408919
   -0.404067
   -0.458393
   -0.438919
   -0.458392
   -0.392863
   -0.403506
   -0.432199
   -0.424355
    -0.44121
   -0.410526
   -0.437358
   -0.374101
   -0.326293
   -0.441994
   -0.477984
   -0.395646
   -0.420353
   -0.439816
   -0.396223
   -0.325146
   -0.329224
   -0.406322
    -0.38702
   -0.384539
    -0.37735
   -0.448973
   -0.384232
   -0.451464
   -0.449967
   -0.490383
   -0.447279
   -0.408411
    -0.33905
   -0.357373
   -0.361292
   -0.377704
   -0.387303
   -0.378872
   -0.310182
   -0.410411
   -0.429251
   -0.369013
   -0.421009
   -0.387236
   -0.346242
   -0.357141
   -0.360169
   -0.438154
   -0.367212
    -0.34016
   -0.328938
   -0.343478
   -0.329033
   -0.385134
   -0.363664
   -0.320749
   -0.309901
    -0.34708
   -0.383514
   -0.420383
   -0.403717
   -0.470868
   -0.389004
   -0.373892
    -0.35475
   -0.431501
   -0.477613
   -0.405756
   -0.434046
   -0.399599
   -0.413904
   -0.440632
   -0.416171
   -0.399938
   -0.419918
   -0.402194
   -0.400299
   -0.347047
   -0.343834
   -0.386829
   -0.358363
   -0.379988
   -0.406602
   -0.480986
   -0.462679
   -0.416898
   -0.454544
   -0.386925
   -0.399041
   -0.404708
   -0.389493
   -0.448619
    -0.44638
   -0.390553
   -0.450925
   -0.453504
   -0.425187
   -0.392481
   -0.363734
   -0.353503
   -0.336458
   -0.357035
   -0.407193
   -0.441088
   -0.415921
   -0.411291
   -0.362581
   -0.441249
   -0.425681
   -0.439481
   -0.352568
     -0.3478
   -0.394819
   -0.413756
   -0.426528
   -0.401776
   -0.430529
   -0.427375
   -0.429425
   -0.387266
   -0.425258
   -0.440313
    -0.47622
   -0.438144
   -0.463273
   -0.436616
   -0.461136
   -0.438278
   -0.408488
   -0.441802
    -0.53554
   -0.536631
   -0.475967
   -0.405337
   -0.439838
   -0.423568
   -0.463866
   -0.460049
    -0.46132
   -0.398374
   -0.381166
   -0.423917
    -0.37533
   -0.379514
   -0.391196
   -0.374496
   -0.384623
   -0.371208
   -0.439209
   -0.465221
   -0.338491
   -0.356196
   -0.341249
   -0.354447
   -0.406861
   -0.378261
   -0.285629
   -0.338971
   -0.358225
   -0.380312
   -0.394618
   -0.377495
   -0.398227
   -0.386382
   -0.357994
   -0.297244
   -0.329203
   -0.331626
   -0.380605
   -0.394485
    -0.37129
    -0.37105
   -0.362436
   -0.389074
   -0.338569
    -0.35247
   -0.404299
   -0.334526
   -0.417325
   -0.372388
   -0.365845
   -0.392397
   -0.381916
   -0.412885
   -0.420839
   -0.337958
   -0.350172
   -0.412058
   -0.345135
   -0.433584
   -0.444354
   -0.442951
   -0.384401
   -0.361177
   -0.385936
   -0.439273
   -0.424182
   -0.438794
   -0.432252
   -0.375827
   -0.306031
   -0.408539
   -0.385287
   -0.387627
   -0.452749
   -0.463156
   -0.423853
   -0.407724
   -0.411335
   -0.399834
   -0.391471
   -0.429214
   -0.478593
   -0.467644
   -0.418123
   -0.471264
    -0.50677
   -0.419749
   -0.402261
   -0.437712
   -0.381295
   -0.401834
    -0.35987
   -0.369058
   -0.388299
   -0.422192
   -0.391525
   -0.481856
   -0.425796
   -0.396755
   -0.406487
   -0.408946
    -0.46367
     -0.4693
   -0.509025
    -0.44553
    -0.37444
   -0.383939
   -0.450072
   -0.441275
   -0.361194
   -0.384509
   -0.374385
   -0.409851
   -0.421562
   -0.394333
   -0.345507
    -0.34049
   -0.377248
   -0.470912
   -0.396112
   -0.401869
   -0.375731
   -0.419358
   -0.468664
   -0.516245
   -0.518439
   -0.443492
   -0.412115
   -0.292382
   -0.383241
   -0.437554
   -0.390039
   -0.395358
   -0.408617
   -0.421757
   -0.447777
   -0.418592
   -0.431957
   -0.421646
   -0.466617
   -0.487223
   -0.448381
   -0.450065
   -0.427027
   -0.448158
   -0.339963
   -0.415752
   -0.450854
   -0.404562
   -0.360244
   -0.372829
   -0.411414
   -0.392605
   -0.409727
   -0.440193
   -0.359021
   -0.408729
     -0.4086
   -0.401896
   -0.429508
   -0.436941
   -0.436809
   -0.410249
   -0.505656
   -0.572513
   -0.461491
   -0.444946
   -0.405311
   -0.331533
    -0.35684
   -0.401791
   -0.420937
   -0.421997
   -0.413392
   -0.406616
   -0.396096
   -0.408634
   -0.437775
   -0.388642
   -0.464761
   -0.384735
   -0.358367
   -0.376174
   -0.354632
   -0.370566
   -0.406527
   -0.460546
   -0.421508
   -0.328294
   -0.353422
   -0.382565
   -0.313487
   -0.344301
   -0.307421
   -0.383583
   -0.426048
   -0.386559
   -0.377077
   -0.379723
   -0.410532
   -0.386129
   -0.462856
   -0.381461
    -0.32837
   -0.344907
   -0.331672
   -0.314927
   -0.391201
   -0.383549
   -0.422198
   -0.380261
    -0.35594
   -0.374869
   -0.473755
   -0.405224
   -0.493279
   -0.474603
   -0.452854
     -0.4757
   -0.411285
   -0.504695
   -0.484188
   -0.463015
   -0.437125
   -0.386179
   -0.392587
   -0.351248
   -0.438196
   -0.387762
   -0.451438
   -0.455369
   -0.402816
   -0.405461
   -0.382025
   -0.370563
   -0.420582
   -0.485191
   -0.562415
   -0.480018
   -0.396171
   -0.366321
   -0.361198
   -0.349883
   -0.371415
   -0.361406
   -0.392087
   -0.424831
   -0.405598
   -0.395255
   -0.440898
   -0.421792
   -0.331262
   -0.356129
   -0.395358
   -0.443008
   -0.386584
    -0.29746
   -0.384023
   -0.469579
   -0.393429
   -0.382607
   -0.430358
    -0.39667
   -0.414808
    -0.42625
   -0.451874
   -0.396804
    -0.42661
   -0.444536
   -0.459887
    -0.48414
   -0.489974
   -0.527124
   -0.502794
   -0.507936
   -0.576078
   -0.470991
   -0.410251
   -0.477938
   -0.440169
   -0.380619
   -0.416759
   -0.379164
   -0.370502
   -0.384319
   -0.372188
   -0.369132
    -0.42453
   -0.422478
   -0.421723
   -0.424356
   -0.494046
   -0.458394
   -0.444701
   -0.419234
   -0.447239
   -0.394488
   -0.428182
   -0.405727
   -0.354519
   -0.405806
   -0.465585
   -0.453753
   -0.403954
   -0.339272
   -0.345769
   -0.394288
   -0.310115
   -0.328645
   -0.353806
   -0.356571
   -0.416629
   -0.416562
   -0.398598
   -0.387588
   -0.296215
     -0.3146
   -0.368895
   -0.431462
   -0.447168
   -0.469623
   -0.446189
   -0.378862
   -0.393422
   -0.399759
   -0.358572
   -0.370333
   -0.408538
   -0.416294
   -0.458851
   -0.445197
   -0.393476
   -0.424893
   -0.411832
   -0.484606
   -0.488915
   -0.422939
   -0.348142
   -0.369639
   -0.382114
   -0.395633
   -0.356159
   -0.291154
   -0.363685
   -0.382556
   -0.405347
   -0.445322
   -0.329565
   -0.362878
   -0.389851
   -0.360797
   -0.361709
   -0.347483
   -0.392551
   -0.340445
   -0.418236
   -0.497586
   -0.478687
   -0.438295
   -0.406286
   -0.398199
   -0.374643
   -0.409491
   -0.407287
   -0.436453
   -0.435572
   -0.414341
    -0.36204
    -0.35149
   -0.407096
   -0.379498
   -0.347312
   -0.424486
   -0.440468
   -0.421163
   -0.379092
   -0.408923
   -0.344066
   -0.425172
   -0.460495
   -0.461931
   -0.428657
   -0.432587
   -0.443957
   -0.506914
   -0.460544
   -0.528084
   -0.430449
    -0.39727
   -0.461527
   -0.439279
   -0.413776
   -0.436005
   -0.378669
   -0.401124
   -0.454415
   -0.486752
   -0.446272
   -0.399236
   -0.452264
   -0.486547
   -0.449535
   -0.473975
   -0.466207
   -0.445699
   -0.356612
   -0.472417
   -0.409921
   -0.485236
   -0.426724
   -0.487235
   -0.482229
   -0.446096
   -0.451553
   -0.454074
   -0.434135
   -0.434786
   -0.399415
   -0.264675
   -0.336812
   -0.347266
   -0.346074
    -0.33427
   -0.406566
   -0.425491
   -0.434937
   -0.444435
   -0.457862
   -0.401154
   -0.390114
   -0.343885
   -0.388942
   -0.361232
   -0.369028
   -0.396839
   -0.522273
   -0.515059
   -0.501264
   -0.461813
   -0.491186
   -0.463795
    -0.40906
   -0.454356
   -0.416981
   -0.396365
   -0.417354
   -0.389702
   -0.389169
   -0.384495
   -0.391288
   -0.389366
   -0.461215
   -0.448788
   -0.423113
   -0.398609
   -0.441511
   -0.426742
   -0.419522
   -0.479609
   -0.473951
   -0.587436
    -0.51807
   -0.456611
   -0.470052
   -0.457693
    -0.41972
   -0.364326
    -0.44056
   -0.450019
   -0.487993
   -0.491007
   -0.506211
   -0.411014
   -0.425037
   -0.402442
    -0.39652
    -0.43824
   -0.477563
   -0.501293
   -0.458425
   -0.434112
   -0.433454
     -0.4621
     -0.4278
    -0.35284
   -0.386826
   -0.408911
   -0.348461
   -0.359417
   -0.369924
   -0.378631
    -0.37843
   -0.351876
   -0.363523
    -0.42207
   -0.325086
    -0.33328
    -0.39203
   -0.468251
   -0.429638
   -0.460094
   -0.419699
   -0.434474
   -0.334656
   -0.402992
   -0.414647
   -0.404084
   -0.400444
   -0.423446
   -0.398651
   -0.410198
   -0.366542
   -0.347422
   -0.472239
   -0.495829
   -0.380469
   -0.411749
   -0.453745
    -0.37177
   -0.417775
   -0.388983
   -0.414929
   -0.399207
   -0.359135
   -0.364905
   -0.361311
   -0.320144
   -0.392414
   -0.395889
    -0.40209
   -0.420582
   -0.379326
   -0.363508
    -0.46318
   -0.380334
   -0.439268
   -0.480639
   -0.475536
   -0.464286
   -0.430712
   -0.404926
   -0.377098
   -0.395123
   -0.404885
   -0.403254
   -0.359564
    -0.35625
   -0.394068
   -0.444149
   -0.453141
   -0.345075
   -0.366114
   -0.308033
   -0.394568
   -0.429991
     -0.4935
    -0.41483
   -0.438447
   -0.392913
   -0.411002
    -0.45092
   -0.400665
   -0.320304
   -0.359561
   -0.355295
   -0.373652
    -0.46315
   -0.523028
   -0.433791
   -0.387532
   -0.408482
    -0.42479
   -0.364152
   -0.445099
   -0.489597
   -0.481263
   -0.449323
   -0.433562
   -0.417771
   -0.410539
   -0.483099
   -0.399662
   -0.402661
   -0.412029
   -0.381912
   -0.419524
   -0.432726
   -0.507412
   -0.451795
   -0.391453
   -0.438943
   -0.427715
   -0.435358
   -0.359165
   -0.349561
   -0.312394
   -0.421836
   -0.449604
   -0.443915
   -0.433975
   -0.388754
   -0.380932
   -0.448796
   -0.430632
    -0.40062
   -0.477524
    -0.46774
     -0.4817
    -0.49259
   -0.525692
   -0.483927
   -0.438708
   -0.463909
   -0.409151
   -0.410742
   -0.438848
   -0.478361
   -0.474836
   -0.455311
    -0.46358
   -0.476318
   -0.480674
   -0.471688
   -0.430297
   -0.401824
   -0.373444
   -0.360038
    -0.38251
   -0.374804
   -0.410694
   -0.452233
   -0.479355
   -0.438857
   -0.444229
   -0.447393
   -0.377836
     -0.4543
   -0.447586
   -0.431793
   -0.456059
   -0.380637
   -0.434762
   -0.493871
   -0.462543
   -0.483079
    -0.42565
   -0.387897
   -0.312607
    -0.36657
   -0.376269
   -0.442175
   -0.437062
   -0.444388
   -0.396282
   -0.355571
   -0.367915
   -0.350021
   -0.374065
   -0.372285
   -0.323721
   -0.376997
   -0.394652
   -0.412368
   -0.371761
   -0.356872
   -0.318803
   -0.431385
   -0.379773
   -0.364054
   -0.358852
   -0.394032
   -0.354607
   -0.331025
   -0.354218
   -0.412068
   -0.416114
   -0.413921
   -0.387113
   -0.411314
    -0.40531
   -0.431593
   -0.459667
   -0.414656
   -0.440971
   -0.405746
   -0.424381
   -0.413813
   -0.389238
   -0.371455
   -0.467643
   -0.385975
   -0.454098
   -0.408713
   -0.372789
    -0.43086
   -0.394615
   -0.415053
   -0.442155
   -0.491369
   -0.388174
   -0.430508
   -0.449113
   -0.434588
   -0.421073
   -0.430592
    -0.49489
   -0.463655
   -0.406428
   -0.379512
   -0.327945
   -0.271534
    -0.30342
   -0.395595
   -0.469331
   -0.508576
   -0.515995
    -0.46096
   -0.408107
   -0.379133
   -0.332108
   -0.398114
    -0.40506
    -0.39772
   -0.413037
   -0.463004
   -0.438971
   -0.399488
   -0.388009
   -0.397319
   -0.482844
   -0.503524
   -0.410168
    -0.37865
   -0.326263
   -0.336414
   -0.352773
   -0.363047
   -0.414196
   -0.352841
   -0.396119
   -0.404628
   -0.366155
   -0.342805
   -0.372631
   -0.386296
   -0.377798
   -0.429843
   -0.439531
    -0.50642
   -0.436406
   -0.461658
   -0.407218
   -0.469915
   -0.444981
    -0.47196
   -0.565009
   -0.515831
   -0.491598
   -0.427264
   -0.416069
    -0.37159
   -0.404163
    -0.40357
   -0.410613
   -0.442566
   -0.380846
   -0.358402
   -0.412205
   -0.406897
   -0.385554
   -0.409597
   -0.374169
   -0.363722
    -0.32301
   -0.371668
   -0.414123
   -0.434249
   -0.389304
   -0.389401
   -0.348162
   -0.412845
   -0.369856
    -0.33471
   -0.331002
   -0.417356
   -0.414765
    -0.47075
   -0.475819
   -0.494454
   -0.487395
   -0.522927
   -0.487458
    -0.53526
   -0.591365
   -0.521792
    -0.46313
   -0.475661
   -0.421283
   -0.428685
   -0.447991
   -0.433147
   -0.395695
   -0.405123
   -0.401851
   -0.455396
   -0.513866
   -0.525654
   -0.462636
   -0.439684
    -0.46676
   -0.454879
   -0.432586
   -0.477675
   -0.494393
   -0.513122
   -0.433179
   -0.420714
   -0.416914
   -0.377821
   -0.396633
   -0.370092
   -0.425183
   -0.448578
   -0.424943
   -0.384156
   -0.362674
   -0.341711
   -0.360582
    -0.37266
   -0.366067
   -0.316987
   -0.372238
   -0.382776
    -0.35423
   -0.353523
   -0.382864
   -0.331844
   -0.381982
   -0.348917
   -0.324682
   -0.392709
   -0.381951
   -0.412219
   -0.387441
   -0.370452
   -0.393121
    -0.35683
   -0.421246
   -0.398147
   -0.409212
   -0.351735
   -0.445927
   -0.532173
    -0.44804
   -0.472052
   -0.468232
   -0.438641
   -0.475011
   -0.455291
   -0.456159
   -0.424718
   -0.380944
   -0.418746
   -0.432689
   -0.439276
   -0.439715
   -0.434673
    -0.40529
   -0.516701
   -0.450461
   -0.390206
   -0.427031
   -0.471802
   -0.449098
   -0.498892
   -0.460045
   -0.410062
   -0.426971
   -0.405963
   -0.368515
   -0.382635
    -0.33468
   -0.304209
    -0.28918
   -0.314391
   -0.400429
   -0.354469
   -0.313502
   -0.369282
   -0.343755
   -0.399246
   -0.385069
   -0.374725
   -0.450411
   -0.472249
   -0.497967
   -0.427474
   -0.419931
   -0.400046
   -0.371676
   -0.358074
   -0.427281
   -0.398648
   -0.397548
    -0.40884
    -0.42115
    -0.41891
   -0.437674
   -0.427554
   -0.362348
   -0.367374
   -0.406932
   -0.381465
   -0.378477
   -0.352335
   -0.385258
   -0.405973
   -0.546363
   -0.566551
   -0.494225
   -0.421887
   -0.421696
   -0.447734
   -0.492956
   -0.370901
   -0.347624
   -0.379962
   -0.391364
   -0.486899
   -0.413036
   -0.375044
   -0.358512
   -0.406566
    -0.39325
   -0.347256
   -0.311513
   -0.342255
   -0.395581
   -0.376427
   -0.427928
   -0.445811
   -0.438354
   -0.378685
    -0.48118
   -0.436222
   -0.391115
   -0.455245
   -0.448919
   -0.465131
   -0.500034
   -0.511316
   -0.376256
   -0.439595
   -0.447177
   -0.458701
   -0.452499
   -0.373121
   -0.388115
    -0.38436
   -0.468136
   -0.456068
   -0.452469
   -0.352225
   -0.416018
   -0.428854
   -0.422443
   -0.381968
    -0.35915
   -0.439695
   -0.418882
   -0.453218
   -0.348533
   -0.345394
   -0.307902
   -0.319655
   -0.423452
    -0.40355
   -0.450677
   -0.523192
   -0.509471
   -0.413654
   -0.416993
   -0.413019
   -0.406282
   -0.397921
   -0.388137
   -0.470882
   -0.449652
   -0.448923
   -0.422685
   -0.432834
   -0.405148
   -0.372414
   -0.353485
   -0.375536
   -0.429723
   -0.363519
   -0.346224
   -0.356478
   -0.349941
    -0.37028
   -0.363618
   -0.338979
   -0.354818
   -0.416516
   -0.408737
   -0.420451
   -0.427744
   -0.467897
   -0.449794
   -0.392594
   -0.463534
    -0.43256
   -0.519936
   -0.486291
   -0.482317
   -0.458921
   -0.374329
   -0.401136
   -0.350048
   -0.429282
   -0.436769
   -0.453001
   -0.435668
   -0.444114
   -0.353939
   -0.380645
   -0.364925
   -0.399711
   -0.375122
   -0.407655
   -0.403614
   -0.332972
   -0.321426
   -0.387813
   -0.314315
   -0.460476
   -0.466541
   -0.454284
   -0.513252
   -0.473216
    -0.41805
   -0.428507
   -0.425913
   -0.423192
   -0.405724
   -0.436246
   -0.443751
   -0.409316
   -0.488997
   -0.495121
   -0.487903
   -0.537094
   -0.533456
   -0.455408
   -0.534793
    -0.49136
   -0.551622
   -0.561045
   -0.616387
   -0.499651
    -0.50271
   -0.527056
    -0.47704
   -0.470904
   -0.411355
   -0.433314
   -0.446761
   -0.480579
   -0.451997
   -0.453587
   -0.382435
    -0.41078
   -0.440029
   -0.356313
   -0.374829
   -0.398701
   -0.411294
   -0.377418
   -0.356151
   -0.405586
   -0.439592
   -0.483211
    -0.39479
    -0.41653
   -0.412814
   -0.388176
   -0.354228
   -0.363096
   -0.389185
   -0.449831
   -0.416458
   -0.396068
   -0.452946
   -0.435242
   -0.404311
   -0.362008
   -0.361345
   -0.336915
   -0.358512
   -0.432562
   -0.503973
   -0.483584
   -0.479609
   -0.388153
   -0.374944
   -0.401192
   -0.476292
   -0.543675
   -0.471458
   -0.378766
   -0.381808
   -0.424099
   -0.488218
   -0.449135
   -0.426667
   -0.401759
   -0.385566
   -0.436366
   -0.435712
   -0.433275
   -0.410578
   -0.394985
    -0.44034
   -0.423675
   -0.369975
    -0.42146
   -0.396762
   -0.400094
   -0.405902
   -0.440341
   -0.421605
   -0.426384
   -0.363771
   -0.387663
   -0.360302
   -0.375184
   -0.374145
   -0.325867
   -0.311909
   -0.409857
   -0.387281
   -0.399431
   -0.386807
   -0.388647
   -0.408178
    -0.41212
   -0.356795
   -0.347104
   -0.390147
   -0.400191
   -0.370279
   -0.416088
    -0.45291
   -0.422278
   -0.434435
   -0.442266
   -0.371671
   -0.383541
   -0.432895
   -0.410872
   -0.427218
   -0.409043
   -0.392038
   -0.390366
   -0.404415
   -0.390872
   -0.318643
   -0.314805
    -0.38489
   -0.430679
   -0.397692
   -0.380964
   -0.370896
   -0.374633
   -0.414182
   -0.361476
   -0.404019
   -0.437166
   -0.476321
    -0.41618
   -0.423372
   -0.388671
    -0.36756
   -0.390882
    -0.43974
   -0.448214
   -0.438991
   -0.507733
   -0.573591
   -0.490888
    -0.42689
   -0.418776
   -0.449811
   -0.436506
   -0.468686
    -0.43598
   -0.544131
   -0.488717
   -0.480372
   -0.458844
    -0.42829
   -0.428196
   -0.425034
   -0.408282
   -0.472858
   -0.553631
   -0.572384
   -0.449828
   -0.424896
   -0.400322
   -0.381233
   -0.470469
   -0.508929
   -0.502656
   -0.570259
   -0.475274
   -0.496727
   -0.387797
   -0.358226
   -0.360645
   -0.408273
   -0.424867
   -0.458554
   -0.437072
   -0.445591
   -0.420229
   -0.398885
   -0.364413
   -0.408109
   -0.435398
   -0.430499
   -0.438438
   -0.428172
   -0.536497
   -0.582809
   -0.480863
   -0.584718
   -0.569545
   -0.645869
   -0.605057
   -0.493667
   -0.526802
   -0.565234
   -0.557094
   -0.526063
   -0.459993
    -0.47919
    -0.49458
     -0.5125
   -0.463708
   -0.585111
   -0.506462
   -0.506093
   -0.449766
    -0.42644
   -0.357784
   -0.384846
   -0.400529
   -0.460536
   -0.361398
   -0.293132
   -0.415795
   -0.408351
   -0.402926
   -0.381354
   -0.371228
    -0.41717
   -0.414926
   -0.395845
   -0.355935
   -0.342975
   -0.371365
   -0.373681
   -0.420375
   -0.501677
   -0.481595
    -0.49858
   -0.510695
   -0.534486
   -0.526827
   -0.514116
   -0.419634
   -0.461409
   -0.486568
   -0.448034
   -0.401966
   -0.321126
    -0.32757
   -0.416068
   -0.387047
   -0.362284
    -0.35272
   -0.331988
   -0.438573
   -0.418479
   -0.335207
   -0.327974
   -0.356474
   -0.335008
   -0.382885
   -0.431576
   -0.468044
    -0.47767
   -0.414454
   -0.426121
   -0.387754
   -0.474436
   -0.532456
   -0.425274
    -0.45311
   -0.407595
   -0.429013
   -0.396688
   -0.394396
   -0.441732
   -0.429007
   -0.408083
   -0.379092
   -0.415309
   -0.398948
   -0.394984
   -0.415364
   -0.408118
   -0.376074
   -0.348709
   -0.392068
   -0.403475
   -0.393123
   -0.351879
   -0.396032
   -0.410702
   -0.438152
   -0.436428
   -0.500817
   -0.444456
   -0.490581
   -0.467069
   -0.443588
    -0.41855
   -0.427639
   -0.427692
   -0.352032
   -0.371478
   -0.394519
   -0.400588
    -0.41593
   -0.364424
   -0.466904
    -0.40812
   -0.395205
   -0.427973
   -0.366105
   -0.404085
   -0.348724
   -0.332921
   -0.362615
   -0.313009
   -0.349609
   -0.316776
   -0.342365
   -0.264559
   -0.367397
   -0.417479
   -0.430447
   -0.431324
   -0.539537
   -0.461013
   -0.457589
   -0.413312
   -0.385246
   -0.403806
   -0.358627
   -0.402261
   -0.369955
   -0.410231
   -0.381535
   -0.324918
   -0.391607
   -0.393687
   -0.383235
   -0.319475
   -0.397163
   -0.384597
    -0.42463
   -0.455512
   -0.498028
   -0.450221
   -0.425623
   -0.454785
   -0.426226
   -0.378818
   -0.363765
    -0.48999
   -0.460026
   -0.474366
   -0.454528
   -0.474972
   -0.441527
   -0.451522
   -0.462208
   -0.388632
   -0.381024
   -0.417213
   -0.387016
    -0.46366
   -0.400329
   -0.389177
   -0.344217
   -0.397357
   -0.394597
   -0.425116
   -0.449717
   -0.407801
   -0.410448
   -0.384831
   -0.390696
   -0.345546
   -0.410767
   -0.437464
    -0.44075
    -0.43669
    -0.46671
   -0.410608
   -0.457259
   -0.465082
   -0.428733
   -0.482997
   -0.413549
   -0.430665
   -0.379929
   -0.380866
   -0.336913
    -0.35491
    -0.38878
    -0.40557
   -0.372025
   -0.380728
   -0.404651
   -0.419564
   -0.402802
   -0.391139
    -0.38945
   -0.461606
   -0.420681
   -0.431054
    -0.48403
   -0.415057
   -0.434805
   -0.393438
   -0.424393
   -0.467137
   -0.459441
   -0.482519
        -0.5
   -0.527046
   -0.443344
   -0.379273
    -0.46885
   -0.422828
   -0.438243
   -0.451512
   -0.460298
   -0.401933
   -0.396921
   -0.427325
   -0.405012
   -0.455871
   -0.480957
   -0.391966
    -0.29063
   -0.332332
   -0.367575
   -0.378866
   -0.388616
   -0.379011
   -0.406117
   -0.427804
   -0.481429
   -0.428788
   -0.418137
   -0.392284
   -0.410544
   -0.401769
   -0.368978
   -0.381817
   -0.388572
   -0.389189
   -0.384726
   -0.395318
   -0.364658
   -0.406134
   -0.426971
   -0.417598
   -0.402477
   -0.475558
   -0.440282
   -0.436746
   -0.425826
   -0.389486
     -0.4289
   -0.412519
   -0.406591
   -0.337879
   -0.323931
   -0.410352
   -0.340913
    -0.35278
   -0.348072
   -0.349029
   -0.327822
   -0.281914
    -0.37215
   -0.332392
   -0.377638
   -0.373295
   -0.376979
   -0.397122
   -0.404948
   -0.405489
   -0.377033
   -0.411161
   -0.364442
   -0.424246
   -0.391747
   -0.390986
   -0.418763
   -0.381017
   -0.447487
   -0.409458
   -0.421579
    -0.44336
   -0.495366
   -0.525507
   -0.536895
   -0.536737
   -0.459742
   -0.446026
   -0.449506
   -0.426698
   -0.397338
   -0.397046
    -0.31684
   -0.450034
    -0.44942
   -0.354864
   -0.373182
   -0.366509
   -0.284096
   -0.330238
   -0.388833
   -0.397414
   -0.360177
   -0.350225
   -0.424643
   -0.402847
   -0.369133
    -0.37154
    -0.32999
   -0.439128
   -0.443431
   -0.388849
   -0.364382
   -0.314753
   -0.286399
   -0.295617
   -0.375728
   -0.393233
   -0.428866
   -0.421386
   -0.493839
   -0.487225
    -0.48505
   -0.441479
   -0.512602
   -0.518667
    -0.48685
   -0.485318
     -0.4971
   -0.522141
   -0.494363
    -0.44258
   -0.414652
    -0.44669
   -0.424353
   -0.422476
   -0.435932
   -0.395407
   -0.351305
   -0.444841
   -0.441131
   -0.383491
    -0.46979
   -0.457412
   -0.450722
   -0.430717
   -0.475266
   -0.427771
   -0.403302
   -0.408478
   -0.402378
   -0.366855
    -0.41625
   -0.408661
   -0.348001
   -0.381166
   -0.332541
   -0.379034
   -0.381256
    -0.38651
   -0.388584
   -0.355101
   -0.398196
   -0.386802
   -0.426449
   -0.469879
    -0.45529
   -0.421082
   -0.401776
   -0.320972
    -0.38807
   -0.382747
   -0.367232
   -0.328672
   -0.412512
    -0.39222
   -0.406417
   -0.456248
   -0.447473
   -0.369574
   -0.427927
   -0.401654
   -0.489301
   -0.435365
   -0.349869
   -0.490356
   -0.514539
   -0.476857
   -0.418455
   -0.480163
   -0.408635
   -0.436913
   -0.384887
   -0.423467
   -0.387555
   -0.337518
   -0.310133
   -0.395913
   -0.425927
   -0.382657
   -0.340166
     -0.3631
   -0.375073
   -0.350483
   -0.423582
   -0.438172
   -0.457204
   -0.405858
   -0.454083
   -0.433965
   -0.429997
   -0.408351
   -0.399771
   -0.291953
   -0.361923
   -0.395495
   -0.362994
   -0.410781
   -0.427779
   -0.431212
   -0.369349
   -0.367142
   -0.398996
   -0.450917
   -0.498632
   -0.462761
   -0.523804
   -0.470542
   -0.417261
   -0.374171
   -0.409426
   -0.426302
   -0.444783
   -0.427861
    -0.41562
   -0.425453
   -0.380058
   -0.363234
    -0.38718
   -0.369309
   -0.378058
   -0.364764
   -0.365524
   -0.408082
   -0.419991
   -0.490331
   -0.446133
   -0.438573
    -0.47471
   -0.425485
   -0.417794
   -0.446162
   -0.393913
   -0.378134
   -0.400717
   -0.422524
    -0.40895
   -0.456898
   -0.428668
   -0.346808
    -0.38562
   -0.421174
   -0.451982
   -0.396064
   -0.427412
   -0.417175
   -0.411745
   -0.481747
   -0.490394
   -0.391575
   -0.404588
   -0.465049
   -0.422891
   -0.437163
   -0.502084
   -0.437894
   -0.360919
   -0.335725
   -0.383672
   -0.409617
   -0.372537
   -0.428477
   -0.403322
   -0.372111
   -0.357915
   -0.449947
   -0.470311
   -0.433121
   -0.398575
   -0.347075
   -0.328707
   -0.315723
   -0.358425
   -0.348267
   -0.321622
    -0.32675
   -0.348789
   -0.437822
   -0.496071
   -0.348908
   -0.435499
   -0.460854
   -0.404609
   -0.389375
   -0.362383
   -0.431892
   -0.367412
   -0.326593
   -0.360657
   -0.320749
   -0.346526
   -0.368799
   -0.338145
   -0.337296
   -0.275394
   -0.329402
   -0.414974
   -0.349479
   -0.324514
   -0.326674
   -0.403437
   -0.451403
   -0.397187
   -0.466189
   -0.404325
   -0.385761
   -0.357973
   -0.398973
    -0.36906
   -0.391955
   -0.378524
   -0.316447
   -0.356174
   -0.306885
   -0.315454
   -0.325116
   -0.386494
   -0.396418
   -0.382209
   -0.332209
   -0.344895
   -0.336303
   -0.332531
   -0.349617
   -0.404898
   -0.424308
   -0.378697
   -0.356907
   -0.368737
    -0.35807
   -0.344934
   -0.315884
   -0.338439
   -0.391363
   -0.436771
   -0.392218
   -0.422006
   -0.407616
   -0.426476
   -0.446296
   -0.465933
   -0.426682
   -0.404126
   -0.306254
   -0.331076
   -0.379838
   -0.345694
   -0.443066
   -0.454487
    -0.45414
   -0.433665
     -0.3882
   -0.499718
   -0.527101
   -0.477692
   -0.431748
   -0.419676
   -0.463066
   -0.392855
    -0.34409
   -0.382722
   -0.427705
   -0.389998
   -0.367286
   -0.449936
   -0.466631
   -0.386049
    -0.37233
   -0.404189
   -0.403433
    -0.40187
   -0.379771
   -0.404774
   -0.437313
   -0.437721
   -0.527892
   -0.498879
   -0.447468
   -0.454901
   -0.513049
   -0.524565
   -0.516771
   -0.542424
   -0.555401
   -0.507814
   -0.463951
   -0.316302
   -0.419107
   -0.400366
   -0.358636
   -0.386144
   -0.447755
   -0.390293
   -0.357844
   -0.388566
   -0.400698
     -0.4157
   -0.447621
   -0.387516
   -0.402428
   -0.453211
   -0.489324
   -0.477694
   -0.458911
   -0.422167
    -0.45274
   -0.465361
   -0.465732
   -0.476668
   -0.477341
   -0.482416
   -0.413875
   -0.427523
   -0.417416
   -0.402331
   -0.356244
    -0.42366
   -0.462411
   -0.423745
   -0.481948
   -0.508015
   -0.445701
   -0.433522
   -0.448088
   -0.466891
   -0.500245
   -0.439845
   -0.423466
   -0.438498
   -0.364861
   -0.361581
    -0.38011
   -0.407905
   -0.397734
   -0.437503
   -0.415824
    -0.47462
   -0.420603
   -0.430131
   -0.396329
   -0.465071
   -0.464558
   -0.503075
   -0.418775
    -0.47007
   -0.450456
   -0.400531
   -0.356032
   -0.387359
   -0.406805
   -0.419911
    -0.45545
   -0.480825
   -0.478931
   -0.465707
   -0.445854
   -0.442377
   -0.479704
   -0.490694
   -0.403672
   -0.447726
   -0.448229
   -0.380643
   -0.406851
   -0.381534
   -0.406629
   -0.440962
   -0.436336
   -0.356998
   -0.418212
   -0.371619
    -0.32333
   -0.374307
   -0.392507
   -0.456892
   -0.498349
   -0.477058
   -0.423561
   -0.429837
   -0.472803
   -0.454386
   -0.474411
   -0.496849
   -0.434584
   -0.452688
   -0.437668
    -0.40948
   -0.405472
    -0.44759
   -0.393452
   -0.419986
   -0.461662
   -0.518216
   -0.537518
    -0.52973
   -0.471892
   -0.386075
    -0.33486
   -0.398409
   -0.336885
   -0.342533
   -0.390312
    -0.42308
   -0.303997
    -0.37798
    -0.41457
   -0.409873
    -0.40777
   -0.430154
   -0.379649
   -0.368535
   -0.397909
   -0.468386
    -0.42709
   -0.395273
   -0.378956
   -0.408117
    -0.33546
   -0.368478
   -0.372713
   -0.405482
   -0.319666
   -0.349586
   -0.495306
   -0.554787
   -0.540818
   -0.529147
   -0.447031
   -0.410881
   -0.439079
   -0.406051
   -0.401887
   -0.438791
   -0.464462
   -0.409717
   -0.389479
   -0.419739
   -0.438583
   -0.403824
   -0.451192
   -0.511129
   -0.489797
   -0.447371
   -0.371433
   -0.400222
   -0.368504
   -0.413482
   -0.505114
   -0.421129
   -0.387459
   -0.399082
   -0.344387
   -0.342625
   -0.364952
   -0.386518
   -0.399259
   -0.353883
   -0.395156
    -0.39147
   -0.376437
   -0.454324
   -0.395813
   -0.400529
   -0.377991
   -0.367168
   -0.359988
     -0.3639
   -0.316435
   -0.370782
   -0.405546
    -0.41802
   -0.441339
   -0.423495
   -0.430037
    -0.41473
   -0.427087
   -0.472603
   -0.518098
   -0.526697
   -0.506262
   -0.503669
   -0.523702
   -0.496437
   -0.408548
   -0.344746
   -0.379008
   -0.386134
   -0.400772
   -0.414501
   -0.400807
   -0.419923
   -0.357479
   -0.370941
   -0.365406
   -0.415241
   -0.428465
   -0.416469
   -0.411119
    -0.41867
   -0.371076
   -0.383542
   -0.386132
   -0.382665
   -0.364502
   -0.376716
   -0.377651
   -0.372015
   -0.372197
   -0.386769
   -0.394513
   -0.420468
   -0.389681
   -0.411304
   -0.535436
   -0.396654
   -0.403867
   -0.405635
   -0.395564
   -0.460446
   -0.500657
   -0.512998
   -0.494193
   -0.429844
    -0.49519
   -0.480294
    -0.48858
   -0.493288
   -0.409653
    -0.43957
   -0.456331
   -0.477584
   -0.456456
   -0.436257
   -0.370548
   -0.465518
   -0.449773
   -0.450906
   -0.404349
   -0.500632
   -0.488981
   -0.475995
   -0.364723
    -0.38935
   -0.396032
    -0.37194
   -0.315225
   -0.342481
   -0.372074
   -0.409402
   -0.408045
     -0.3952
   -0.362311
    -0.33269
   -0.357178
    -0.37362
   -0.410507
   -0.374227
    -0.34098
   -0.367791
    -0.36289
   -0.358201
   -0.361392
     -0.3724
   -0.311221
   -0.342049
   -0.399051
   -0.448643
   -0.421798
   -0.355374
   -0.402136
   -0.364513
   -0.395407
   -0.428321
   -0.396319
   -0.369269
   -0.416451
   -0.381003
   -0.434248
   -0.416958
   -0.396798
   -0.376217
   -0.461512
   -0.383206
   -0.374815
   -0.326885
   -0.398358
   -0.382282
   -0.385123
   -0.366965
   -0.359686
   -0.308452
    -0.36057
   -0.418341
   -0.427883
   -0.431948
   -0.446039
   -0.405375
   -0.423504
   -0.463785
   -0.416819
   -0.385942
   -0.414723
   -0.449828
   -0.453447
   -0.490333
   -0.446963
    -0.38534
   -0.434512
   -0.407754
   -0.419216
   -0.418826
   -0.390198
   -0.330875
   -0.398994
   -0.454859
   -0.403143
   -0.420954
   -0.422987
   -0.428265
   -0.409617
   -0.412558
   -0.374678
   -0.374813
   -0.392228
   -0.446067
   -0.421063
   -0.425352
   -0.396713
   -0.433042
   -0.394316
   -0.468531
   -0.482363
   -0.455949
     -0.4621
   -0.504224
   -0.510534
   -0.471208
   -0.490037
   -0.431971
   -0.430061
    -0.41731
    -0.40759
   -0.388423
   -0.426083
   -0.376921
   -0.377117
   -0.380907
   -0.385163
   -0.380874
   -0.437874
   -0.374054
   -0.354758
   -0.461141
   -0.494969
   -0.441513
   -0.475633
   -0.416196
   -0.439835
   -0.389311
   -0.321478
    -0.34651
   -0.340062
   -0.406879
   -0.385679
     -0.3513
   -0.352789
   -0.363129
   -0.414255
   -0.418527
   -0.413344
   -0.395926
   -0.381965
   -0.386165
   -0.455201
   -0.423568
   -0.398292
   -0.420484
   -0.417407
   -0.428614
   -0.350724
   -0.368445
   -0.337501
   -0.371395
   -0.378499
   -0.383399
   -0.376093
   -0.366678
   -0.407623
   -0.398015
   -0.386588
   -0.345995
   -0.372124
   -0.394992
   -0.436965
   -0.412693
   -0.433764
   -0.483264
    -0.41881
   -0.458931
   -0.479474
   -0.419216
   -0.432721
   -0.423152
   -0.418249
   -0.405915
   -0.402415
   -0.391761
    -0.35368
   -0.342357
   -0.376783
   -0.405836
   -0.427536
   -0.381607
   -0.395698
   -0.405805
    -0.39399
   -0.461784
   -0.423068
   -0.429621
   -0.352626
   -0.384992
   -0.488899
   -0.445164
   -0.403146
   -0.454593
   -0.361674
   -0.365706
   -0.387982
   -0.446427
   -0.450681
   -0.481427
   -0.528425
   -0.489261
   -0.493469
   -0.457677
   -0.505593
   -0.381625
   -0.408105
   -0.445722
   -0.480348
   -0.433152
   -0.431527
   -0.401257
   -0.388765
   -0.380113
   -0.407703
   -0.376757
   -0.441985
   -0.470596
   -0.508067
   -0.513182
    -0.43437
   -0.453873
   -0.452737
   -0.472349
   -0.375273
   -0.397922
   -0.320959
   -0.369549
   -0.395351
   -0.333767
   -0.411401
   -0.445042
    -0.37766
   -0.409725
   -0.352679
   -0.404928
   -0.389276
   -0.388217
   -0.360507
   -0.330313
   -0.403175
   -0.400322
   -0.438435
   -0.430738
   -0.324537
   -0.365767
   -0.387431
   -0.357578
   -0.419095
   -0.403243
   -0.474897
   -0.432137
   -0.384581
   -0.334317
   -0.340066
   -0.305634
   -0.303032
   -0.307398
   -0.426785
   -0.452169
   -0.437117
   -0.418513
    -0.40924
   -0.433029
   -0.423831
   -0.425449
   -0.436226
   -0.463252
   -0.487605
   -0.505694
   -0.441324
   -0.354753
   -0.355525
   -0.430292
   -0.596685
   -0.596745
   -0.539573
   -0.546153
   -0.446929
   -0.463282
   -0.514171
   -0.510336
   -0.527289
   -0.508166
   -0.517145
    -0.54529
   -0.527466
   -0.426603
   -0.442543
   -0.394685
   -0.456408
   -0.425904
   -0.397453
   -0.375789
   -0.362104
   -0.386046
   -0.404553
   -0.402455
   -0.510514
   -0.494792
   -0.444457
   -0.354424
   -0.314972
   -0.339162
   -0.407192
   -0.481761
   -0.431462
   -0.416725
   -0.435457
   -0.384213
   -0.349783
   -0.330392
   -0.318257
   -0.348865
   -0.364677
   -0.343595
   -0.327216
   -0.420621
   -0.431968
   -0.441428
   -0.386468
   -0.341612
   -0.374395
    -0.39483
   -0.431704
   -0.482751
   -0.428676
   -0.454965
   -0.469131
   -0.413123
   -0.389143
    -0.39647
   -0.366566
   -0.369976
   -0.449514
   -0.431382
   -0.457401
   -0.483144
   -0.486413
   -0.461198
   -0.418827
   -0.402124
   -0.506841
   -0.405378
    -0.45127
   -0.425053
   -0.387576
   -0.426748
   -0.444859
   -0.408203
   -0.442759
   -0.406879
   -0.388113
   -0.360128
   -0.350639
   -0.395645
   -0.321824
   -0.331026
   -0.367579
   -0.358766
   -0.328793
   -0.395821
   -0.386365
   -0.355804
    -0.36836
   -0.391253
   -0.404308
   -0.376867
   -0.407352
   -0.389654
   -0.370104
   -0.404557
   -0.423723
   -0.479325
   -0.472485
   -0.386457
   -0.366427
   -0.387481
   -0.437809
   -0.408353
   -0.386721
   -0.483038
   -0.454644
   -0.472183
   -0.469037
   -0.461275
   -0.446481
    -0.46988
   -0.419825
   -0.419996
   -0.355307
   -0.438762
   -0.432854
   -0.476242
   -0.468582
    -0.44962
   -0.468474
   -0.511969
     -0.4715
   -0.426707
    -0.45217
   -0.501465
   -0.413041
   -0.471584
   -0.478815
   -0.486599
   -0.507679
   -0.537186
   -0.580914
    -0.59865
   -0.477099
   -0.482904
   -0.623673
   -0.548588
   -0.494967
   -0.481775
   -0.469782
   -0.410639
    -0.45707
   -0.470765
   -0.484952
   -0.443211
   -0.401144
   -0.405039
    -0.46063
   -0.383885
   -0.378347
     -0.3543
   -0.402052
   -0.301746
   -0.284168
   -0.385519
   -0.376251
   -0.457712
   -0.345119
   -0.356866
   -0.403354
   -0.454006
   -0.392444
   -0.372884
   -0.383034
   -0.425027
   -0.407941
    -0.36059
   -0.329491
   -0.375355
   -0.322414
   -0.395874
   -0.365905
   -0.365635
   -0.399422
   -0.446135
   -0.427215
   -0.476057
   -0.399011
   -0.357816
   -0.430844
   -0.358154
   -0.338644
   -0.474147
   -0.464616
   -0.432019
   -0.457133
   -0.457534
   -0.385393
   -0.388464
   -0.388041
   -0.382708
   -0.394855
   -0.384822
   -0.405962
   -0.368747
   -0.354307
    -0.36294
   -0.325098
   -0.344052
   -0.365135
   -0.360025
   -0.440213
   -0.408583
   -0.401582
    -0.39075
   -0.400304
   -0.392489
   -0.387442
   -0.336585
    -0.37066
   -0.391222
   -0.345848
    -0.33484
   -0.395881
   -0.449317
   -0.426554
   -0.386825
   -0.403265
    -0.34685
   -0.383297
   -0.345211
   -0.329898
    -0.34922
   -0.391838
   -0.402469
   -0.418965
   -0.376095
   -0.396918
   -0.403117
   -0.456059
   -0.406753
   -0.451382
   -0.458022
   -0.492704
   -0.486456
   -0.479333
   -0.448389
   -0.420465
     -0.3747
   -0.401145
   -0.399756
    -0.39083
   -0.397772
   -0.407955
   -0.329418
   -0.316062
   -0.322901
   -0.323426
   -0.392454
   -0.453693
    -0.36761
    -0.40896
   -0.435753
   -0.424168
   -0.458904
   -0.424752
   -0.426418
   -0.463365
   -0.478429
   -0.465513
   -0.366233
   -0.458918
   -0.341768
   -0.417763
   -0.390247
   -0.407812
   -0.388282
   -0.360079
    -0.34514
   -0.355353
   -0.321129
   -0.302314
   -0.345607
   -0.405074
    -0.43331
    -0.48682
   -0.441537
   -0.380179
   -0.397897
   -0.412982
   -0.366702
   -0.422524
   -0.393905
   -0.427424
   -0.433314
   -0.430298
   -0.425391
   -0.437438
   -0.397545
   -0.418319
   -0.449754
   -0.436127
   -0.446286
   -0.424021
   -0.402784
   -0.373657
    -0.36463
    -0.32223
   -0.291377
   -0.354548
   -0.351245
    -0.33548
   -0.353195
   -0.332189
   -0.411146
   -0.396328
   -0.418914
   -0.459831
   -0.447804
   -0.417613
   -0.439212
   -0.426358
    -0.40564
    -0.37365
   -0.430767
    -0.41762
   -0.404424
   -0.372366
   -0.391694
   -0.441568
   -0.358529
   -0.392051
   -0.412896
   -0.444575
   -0.439159
     -0.4272
   -0.394793
   -0.441875
   -0.423426
    -0.43045
   -0.404674
   -0.375978
   -0.355529
   -0.375868
   -0.374954
    -0.47681
   -0.441644
   -0.468341
   -0.476413
   -0.460361
   -0.442911
   -0.465246
   -0.372954
   -0.360849
   -0.478846
   -0.502064
    -0.40445
   -0.451097
    -0.47586
   -0.435106
   -0.467497
   -0.449958
   -0.446287
   -0.477507
   -0.528851
   -0.477155
   -0.546413
   -0.424662
   -0.379614
   -0.407668
   -0.447536
   -0.436695
   -0.440126
   -0.453037
   -0.408761
   -0.407075
   -0.484984
   -0.438177
   -0.425164
    -0.40064
   -0.372073
   -0.356129
   -0.386648
   -0.442531
   -0.477788
   -0.386744
   -0.428756
    -0.50074
   -0.525723
   -0.504719
    -0.46771
   -0.492891
   -0.469383
   -0.511439
   -0.428074
   -0.367247
    -0.38513
   -0.396293
   -0.384601
   -0.369654
   -0.422471
   -0.368561
   -0.392905
    -0.37922
   -0.405838
   -0.489309
   -0.450096
   -0.477582
   -0.481021
   -0.484514
   -0.443227
   -0.408152
   -0.386965
   -0.446455
   -0.350452
   -0.374249
   -0.420338
   -0.440209
   -0.449566
   -0.491496
   -0.473894
   -0.472408
   -0.499415
   -0.432079
   -0.470061
    -0.42689
   -0.434399
    -0.39361
   -0.437415
   -0.427169
    -0.37085
   -0.439021
   -0.454125
   -0.492044
   -0.435135
   -0.485688
   -0.387248
   -0.371615
   -0.436722
   -0.422689
   -0.428588
   -0.449009
   -0.385762
   -0.472639
   -0.455365
   -0.458178
   -0.497068
   -0.518018
   -0.489672
   -0.518823
   -0.456109
   -0.449208
   -0.410752
   -0.474107
     -0.3526
   -0.333324
   -0.348341
   -0.359694
   -0.356374
   -0.328196
   -0.352004
   -0.416716
   -0.387789
    -0.40486
    -0.37764
   -0.424751
   -0.451147
   -0.433794
   -0.449944
   -0.411141
   -0.445705
   -0.433798
   -0.431644
   -0.369457
   -0.365602
   -0.401297
   -0.425759
   -0.394121
   -0.328016
   -0.426439
   -0.385284
   -0.376317
    -0.47163
   -0.377054
   -0.432023
   -0.427884
   -0.480964
   -0.461155
   -0.505426
   -0.479383
   -0.420758
   -0.418897
   -0.411796
   -0.443341
   -0.388815
   -0.385589
   -0.433289
   -0.431011
   -0.483275
   -0.491112
   -0.493676
   -0.453156
   -0.460698
   -0.429404
   -0.410696
   -0.392794
   -0.387926
   -0.392688
   -0.323653
    -0.34356
   -0.325552
   -0.356817
   -0.339915
   -0.364422
   -0.374746
   -0.452763
   -0.323039
   -0.342423
   -0.315007
    -0.37395
   -0.383427
     -0.3992
   -0.352563
   -0.385421
   -0.366688
   -0.406083
    -0.45004
   -0.367693
   -0.358596
   -0.342306
   -0.358865
   -0.399814
   -0.394561
   -0.349011
   -0.380265
   -0.422848
   -0.380227
   -0.375239
   -0.361955
   -0.428955
   -0.415341
   -0.424414
   -0.397735
   -0.376826
   -0.345527
    -0.35656
   -0.345439
     -0.4166
   -0.371087
   -0.366786
   -0.338943
   -0.356775
   -0.434119
   -0.473286
   -0.436066
   -0.387054
   -0.380758
    -0.34938
   -0.349617
   -0.381302
   -0.428491
   -0.361388
   -0.378952
    -0.31924
    -0.30222
   -0.407788
   -0.381948
    -0.35576
   -0.365981
   -0.335008
   -0.309222
   -0.342325
   -0.438404
   -0.405966
   -0.399426
   -0.420813
   -0.402528
   -0.388932
   -0.355424
   -0.462174
   -0.490754
   -0.444403
   -0.385088
   -0.413473
   -0.453379
   -0.422839
   -0.448328
   -0.441302
   -0.463148
   -0.403713
   -0.394838
   -0.421482
   -0.462473
   -0.471635
   -0.432315
   -0.426017
    -0.41783
   -0.475785
   -0.469026
   -0.465427
   -0.462807
   -0.433115
   -0.414876
   -0.464985
   -0.449694
   -0.462128
   -0.483866
   -0.445962
   -0.467265
   -0.473708
   -0.506482
   -0.456258
   -0.466142
   -0.346716
   -0.404386
   -0.371268
   -0.394365
   -0.405157
   -0.421814
   -0.469837
   -0.480774
    -0.53763
   -0.563173
   -0.519761
   -0.493216
   -0.451456
   -0.547133
   -0.450081
   -0.482034
   -0.511247
   -0.444031
   -0.449739
   -0.516076
   -0.430216
    -0.43761
   -0.458858
   -0.382791
   -0.427288
   -0.400941
   -0.372807
   -0.322473
   -0.365563
   -0.417933
   -0.440072
   -0.427719
   -0.342052
   -0.373969
   -0.429448
   -0.385029
   -0.433793
   -0.441604
   -0.368965
    -0.51308
   -0.547913
   -0.466733
   -0.411075
   -0.402814
   -0.325444
   -0.386805
   -0.370038
   -0.394872
   -0.397161
   -0.432243
    -0.38257
   -0.381214
   -0.371718
   -0.325687
   -0.317802
   -0.306734
   -0.310177
   -0.381651
    -0.41449
   -0.416541
   -0.496648
   -0.485866
   -0.423783
   -0.443896
   -0.400062
   -0.316346
   -0.363724
    -0.45316
   -0.450156
    -0.32259
   -0.392768
   -0.379375
   -0.416891
   -0.456418
   -0.415835
   -0.395926
   -0.395481
   -0.385652
    -0.36769
   -0.425004
   -0.366059
   -0.366988
   -0.359995
   -0.319236
   -0.305453
   -0.357398
   -0.352494
   -0.362489
   -0.364237
    -0.38029
   -0.352497
   -0.406565
   -0.434926
   -0.417334
   -0.451209
   -0.455025
   -0.535868
   -0.433355
   -0.403735
   -0.411277
   -0.471677
   -0.490148
   -0.473533
   -0.414657
   -0.431983
   -0.450096
    -0.46945
     -0.4508
   -0.476876
   -0.518165
   -0.482438
   -0.417072
    -0.41933
   -0.451214
   -0.488277
   -0.469957
   -0.477413
   -0.518461
   -0.507095
   -0.504646
   -0.539261
   -0.623779
   -0.462892
   -0.437641
   -0.469072
   -0.529432
     -0.4626
   -0.415949
   -0.409898
    -0.40968
   -0.446089
   -0.422846
   -0.448889
   -0.428612
   -0.518706
   -0.418456
   -0.419167
   -0.432138
   -0.418463
   -0.397519
   -0.415242
   -0.413126
   -0.405174
   -0.444648
   -0.410063
   -0.440868
   -0.404931
   -0.428279
   -0.397454
   -0.358889
   -0.376149
   -0.381782
   -0.386911
    -0.34073
   -0.371126
   -0.373941
   -0.460802
   -0.449523
   -0.485957
   -0.473087
   -0.467719
   -0.409642
   -0.409123
   -0.386938
    -0.34559
   -0.389859
   -0.345727
   -0.371945
   -0.422877
   -0.421365
   -0.379423
    -0.38976
   -0.441379
   -0.454785
   -0.438001
   -0.346252
   -0.373435
   -0.418631
   -0.388013
   -0.425908
   -0.460114
   -0.442843
   -0.382066
   -0.380424
   -0.436184
   -0.432912
   -0.450729
   -0.415338
   -0.400109
   -0.393735
   -0.375773
   -0.427802
   -0.368269
   -0.390822
   -0.332056
   -0.377814
   -0.303011
   -0.262486
   -0.271938
   -0.384115
   -0.392727
   -0.367991
   -0.368304
   -0.308506
   -0.394128
   -0.425009
   -0.445581
   -0.391927
   -0.394694
   -0.401417
   -0.368851
   -0.398322
   -0.341605
   -0.304917
   -0.385547
   -0.445169
   -0.401099
   -0.402402
    -0.39326
   -0.337512
   -0.358587
   -0.345967
   -0.392339
   -0.419701
   -0.444353
   -0.501449
    -0.43716
   -0.394463
   -0.336204
   -0.358829
    -0.42053
   -0.371637
    -0.36725
   -0.299449
   -0.394035
   -0.483347
   -0.533719
   -0.521738
   -0.472581
   -0.533266
   -0.567737
   -0.542758
   -0.457568
   -0.518332
   -0.518728
   -0.481129
   -0.467234
   -0.501698
   -0.441209
   -0.518246
   -0.460746
   -0.395704
    -0.43683
   -0.401593
    -0.37209
   -0.357265
   -0.413342
   -0.388738
   -0.406141
   -0.415429
   -0.410439
   -0.369222
    -0.40042
     -0.4365
   -0.407594
   -0.368468
   -0.367431
    -0.32602
    -0.39915
   -0.395967
   -0.402006
   -0.469551
      -0.465
   -0.432017
   -0.376534
   -0.347342
   -0.327758
   -0.384987
   -0.394801
   -0.398044
   -0.429776
   -0.456551
   -0.494415
   -0.434748
   -0.446518
   -0.364281
   -0.364823
   -0.358797
   -0.351603
   -0.415831
   -0.425247
     -0.4499
   -0.472107
   -0.395638
   -0.441169
   -0.387286
   -0.410045
   -0.357383
   -0.323373
   -0.306778
   -0.377743
   -0.419293
   -0.435745
   -0.348276
   -0.401397
   -0.407834
   -0.461235
   -0.441485
   -0.491244
   -0.509652
   -0.442817
    -0.42345
   -0.406515
   -0.422931
   -0.439502
   -0.500713
   -0.471746
   -0.431659
    -0.43862
   -0.375047
   -0.401802
   -0.383973
    -0.39737
   -0.397862
   -0.417676
   -0.389743
   -0.321325
    -0.36316
    -0.39344
   -0.345749
   -0.360232
   -0.437263
   -0.441416
   -0.390528
   -0.394418
   -0.386926
   -0.345708
   -0.363228
   -0.384046
   -0.314124
    -0.34351
    -0.32201
   -0.359459
   -0.373057
   -0.404858
   -0.378551
   -0.373828
   -0.393205
   -0.374441
   -0.395602
   -0.361825
   -0.365772
   -0.398709
    -0.44888
   -0.386204
   -0.362449
   -0.395326
   -0.358205
   -0.420006
   -0.413042
   -0.398204
    -0.39925
   -0.366852
   -0.396761
   -0.370837
   -0.430593
   -0.445903
   -0.438808
   -0.442449
   -0.432615
    -0.46459
   -0.381881
   -0.383613
   -0.419879
   -0.407058
   -0.360936
   -0.423511
   -0.361635
   -0.470099
    -0.42258
   -0.460629
   -0.384584
   -0.370602
   -0.394057
   -0.335385
    -0.36228
   -0.372104
   -0.308733
   -0.373764
    -0.37952
   -0.380372
   -0.353671
   -0.327297
   -0.268905
   -0.321571
   -0.359708
   -0.406224
   -0.379973
   -0.363888
   -0.286882
   -0.332933
   -0.479736
   -0.431262
    -0.44554
   -0.487313
   -0.409376
   -0.405273
   -0.483063
   -0.496521
   -0.443933
   -0.471035
   -0.462053
   -0.533325
   -0.472449
    -0.40835
   -0.462758
   -0.446126
   -0.409506
   -0.416769
   -0.382106
   -0.433757
   -0.446568
   -0.441353
    -0.44862
   -0.489487
   -0.420168
   -0.378216
   -0.362039
    -0.42734
   -0.502792
   -0.521215
   -0.534949
   -0.537117
   -0.488515
   -0.498322
   -0.421257
   -0.498609
    -0.43641
   -0.458809
   -0.414551
   -0.409659
   -0.405789
   -0.413839
   -0.399739
   -0.404217
   -0.379902
   -0.348908
   -0.365067
   -0.359083
   -0.387533
   -0.400756
   -0.437982
   -0.453323
   -0.482426
   -0.404872
   -0.435461
   -0.399993
   -0.469772
   -0.424664
   -0.377935
   -0.387827
   -0.370688
   -0.434237
   -0.462743
    -0.44703
   -0.483947
   -0.485165
   -0.385718
   -0.403251
   -0.396546
   -0.357971
   -0.372502
   -0.367175
   -0.353848
   -0.326731
    -0.38715
   -0.452988
   -0.421528
   -0.429071
    -0.41737
   -0.390196
   -0.366698
    -0.35151
   -0.351389
   -0.342906
   -0.377192
   -0.371257
   -0.346724
    -0.27401
   -0.282971
   -0.328929
    -0.32962
    -0.37223
   -0.443763
   -0.427593
   -0.507832
   -0.437724
   -0.407468
   -0.481038
   -0.464888
    -0.55208
   -0.526978
   -0.521522
   -0.478745
   -0.473198
   -0.430409
   -0.381484
   -0.452267
   -0.349119
   -0.393211
   -0.378374
   -0.367903
   -0.336734
   -0.339999
    -0.33092
   -0.337126
   -0.372008
   -0.412216
   -0.428722
   -0.392944
   -0.403989
   -0.406507
   -0.374232
   -0.377119
   -0.404076
   -0.377698
   -0.371903
     -0.3689
   -0.378151
   -0.389236
   -0.380105
   -0.314189
   -0.404706
   -0.397658
   -0.356364
    -0.36652
   -0.393112
   -0.392782
   -0.457678
   -0.449949
   -0.434414
   -0.426352
    -0.40488
   -0.367547
   -0.429039
   -0.421917
   -0.397967
    -0.42131
   -0.400382
   -0.420046
    -0.42793
   -0.462904
   -0.402933
    -0.34197
   -0.427671
   -0.481539
   -0.490189
   -0.496743
    -0.49591
   -0.505546
   -0.539515
   -0.509753
   -0.484203
   -0.436823
   -0.472908
   -0.469502
   -0.423124
   -0.427017
   -0.435026
   -0.401361
    -0.38205
    -0.36964
   -0.341942
   -0.369613
   -0.343665
   -0.395386
   -0.390192
   -0.412663
   -0.401052
   -0.378967
   -0.382947
   -0.348285
   -0.381543
   -0.380427
   -0.399072
   -0.428757
   -0.424892
   -0.420533
   -0.423936
   -0.401705
   -0.411032
   -0.483871
   -0.478422
    -0.38635
   -0.427216
    -0.38357
   -0.383759
   -0.423033
   -0.432364
   -0.424305
   -0.438583
   -0.421326
    -0.36351
    -0.30747
   -0.367935
   -0.351095
   -0.396957
   -0.433127
   -0.487564
   -0.431756
   -0.362335
    -0.39648
   -0.359554
   -0.293987
   -0.329732
   -0.384075
    -0.42574
   -0.402553
   -0.450273
   -0.383663
   -0.367275
   -0.365645
   -0.363606
   -0.408709
     -0.4225
   -0.421169
   -0.427612
   -0.388096
   -0.370914
   -0.479138
   -0.423055
   -0.422114
   -0.398022
   -0.418568
   -0.391725
   -0.439765
   -0.415448
   -0.394607
   -0.371018
   -0.354723
    -0.38457
   -0.350175
   -0.396625
   -0.393262
   -0.353279
   -0.382985
    -0.46299
   -0.369381
   -0.382686
   -0.387002
   -0.388572
   -0.442383
    -0.43914
   -0.418533
    -0.39541
   -0.400498
   -0.404657
   -0.419849
   -0.457222
   -0.388013
   -0.363916
   -0.413122
   -0.385052
   -0.441978
   -0.432664
   -0.432143
   -0.407154
   -0.435252
   -0.386668
   -0.418206
   -0.442893
    -0.41038
   -0.395318
   -0.369859
    -0.37618
   -0.415873
   -0.395571
   -0.406458
   -0.520752
    -0.49094
   -0.507748
   -0.468972
   -0.430911
   -0.425607
   -0.375191
   -0.385486
   -0.427261
   -0.493633
   -0.468169
   -0.434707
   -0.478046
   -0.415123
   -0.424473
   -0.418754
   -0.450639
   -0.421585
   -0.411894
   -0.438702
    -0.37945
   -0.460335
   -0.414645
   -0.460985
   -0.497204
   -0.423548
   -0.393219
   -0.412244
   -0.456226
   -0.396158
   -0.389601
   -0.413792
    -0.39871
   -0.489923
   -0.431013
   -0.485223
    -0.40666
   -0.372262
   -0.397692
   -0.397391
   -0.379404
   -0.426458
   -0.450194
   -0.438275
    -0.38031
   -0.407636
    -0.39797
   -0.449277
   -0.416549
    -0.40278
   -0.328637
   -0.456506
   -0.431694
   -0.406674
   -0.441078
   -0.485378
   -0.480075
   -0.390038
   -0.441366
   -0.411122
   -0.350576
    -0.39542
   -0.433502
   -0.464617
   -0.463937
   -0.480203
   -0.510664
   -0.450733
   -0.421084
    -0.44283
   -0.334958
   -0.384131
   -0.404168
    -0.39803
   -0.406091
    -0.38393
   -0.404264
   -0.351758
   -0.311022
   -0.290167
   -0.304986
   -0.338402
   -0.362268
   -0.439265
   -0.514462
   -0.524827
    -0.49203
    -0.50762
    -0.52556
   -0.470155
   -0.460551
   -0.436428
   -0.440845
   -0.442831
   -0.441013
   -0.481254
   -0.434662
    -0.48805
   -0.481679
   -0.523085
    -0.51118
   -0.464243
   -0.450011
   -0.427602
   -0.450887
   -0.442169
   -0.428624
   -0.445938
   -0.458522
   -0.427674
   -0.461814
   -0.481518
   -0.496296
   -0.517544
   -0.488012
    -0.40401
   -0.394864
   -0.394011
   -0.472128
   -0.478073
   -0.543768
   -0.485068
   -0.546435
    -0.46536
   -0.432116
   -0.444833
   -0.448787
   -0.412618
   -0.448365
   -0.437634
   -0.401641
   -0.417544
   -0.381514
   -0.450564
   -0.409864
   -0.362668
   -0.386785
   -0.314441
    -0.35487
   -0.367363
   -0.402835
    -0.45963
   -0.435414
   -0.438722
   -0.386423
   -0.381847
   -0.487211
    -0.49695
   -0.449624
   -0.396065
   -0.448811
   -0.431228
   -0.381866
   -0.419513
   -0.452706
   -0.351765
   -0.408456
   -0.427093
   -0.411873
   -0.352912
   -0.361941
   -0.433238
    -0.39256
   -0.463397
   -0.426653
   -0.445918
   -0.404967
   -0.409704
   -0.395921
   -0.433996
   -0.463523
   -0.420877
   -0.350445
   -0.410501
   -0.479623
   -0.469876
   -0.451581
   -0.504017
   -0.482301
    -0.38584
   -0.424414
   -0.385872
   -0.345839
   -0.349253
   -0.439284
    -0.46198
   -0.465122
   -0.462708
   -0.383861
   -0.457988
   -0.388024
   -0.466801
   -0.540615
   -0.528036
   -0.487335
   -0.434529
   -0.400172
   -0.394903
   -0.370573
   -0.358496
   -0.336705
   -0.349387
   -0.377557
   -0.387384
   -0.348864
   -0.326893
   -0.356977
   -0.377378
    -0.37983
   -0.338228
   -0.291598
   -0.335061
   -0.340746
   -0.398327
   -0.373906
   -0.359883
   -0.400847
   -0.448456
   -0.433309
   -0.426844
   -0.471838
   -0.540146
   -0.530783
   -0.527683
   -0.465771
   -0.383656
    -0.40303
   -0.462264
   -0.441503
   -0.539467
   -0.498438
   -0.471727
   -0.470641
   -0.452389
   -0.356339
    -0.36498
   -0.426063
   -0.457419
   -0.447449
   -0.457057
   -0.422948
   -0.413599
   -0.435808
   -0.471102
   -0.389962
   -0.425813
   -0.430573
   -0.379699
   -0.366045
   -0.343591
   -0.331286
    -0.36381
   -0.398434
    -0.38604
   -0.365584
   -0.315642
   -0.273347
   -0.362673
   -0.320518
   -0.309036
   -0.364093
   -0.367517
   -0.360912
   -0.401428
   -0.366388
   -0.301998
   -0.296419
   -0.338125
   -0.432308
    -0.43112
   -0.378732
    -0.36316
   -0.396975
   -0.332258
   -0.402623
   -0.347184
   -0.365174
   -0.409538
   -0.324504
    -0.36375
   -0.394766
   -0.410418
   -0.413816
    -0.37827
   -0.371173
   -0.420894
   -0.404608
   -0.391638
   -0.389844
   -0.456012
   -0.448455
   -0.444538
   -0.412577
   -0.438464
   -0.379207
   -0.515641
    -0.52434
   -0.447381
   -0.439382
   -0.475986
   -0.500837
   -0.463569
   -0.462129
   -0.342046
   -0.372191
   -0.371777
   -0.384106
   -0.448947
   -0.405778
   -0.438965
   -0.462035
   -0.303931
   -0.383129
   -0.453776
   -0.466654
   -0.488443
   -0.462527
   -0.512106
   -0.486501
   -0.472699
   -0.474355
   -0.491152
   -0.567644
   -0.575294
   -0.525359
   -0.503193
   -0.462895
   -0.483395
   -0.434822
   -0.459303
   -0.415391
   -0.399456
    -0.42036
   -0.365052
    -0.42465
   -0.501519
   -0.394733
   -0.346272
   -0.442959
   -0.417607
   -0.484995
   -0.505487
    -0.45099
   -0.473352
   -0.449698
   -0.434961
    -0.46486
    -0.48832
   -0.399163
   -0.408234
   -0.383817
   -0.387535
    -0.32831
   -0.373094
   -0.413879
   -0.370128
   -0.363662
   -0.426806
   -0.397482
   -0.423948
   -0.463515
   -0.446394
   -0.470565
   -0.420766
   -0.432678
   -0.434573
   -0.422502
   -0.463687
   -0.523734
   -0.524067
   -0.511927
   -0.539424
   -0.499979
   -0.471937
   -0.417528
   -0.397498
   -0.417646
   -0.393136
   -0.440486
   -0.440411
   -0.368012
   -0.416499
   -0.385783
    -0.39005
   -0.401176
   -0.319769
   -0.415385
   -0.419981
    -0.39931
   -0.360341
   -0.350038
   -0.333956
   -0.302492
   -0.351865
   -0.448244
   -0.457524
   -0.442813
   -0.391398
   -0.397756
   -0.348913
   -0.268668
   -0.325314
   -0.325617
   -0.409272
   -0.364122
   -0.423167
   -0.426844
   -0.433743
   -0.360561
   -0.416559
   -0.377361
   -0.407742
   -0.373997
   -0.392543
   -0.428114
   -0.432301
   -0.364159
   -0.341408
   -0.352836
   -0.371884
   -0.401004
   -0.481448
   -0.495548
   -0.458096
   -0.485083
   -0.443318
   -0.415593
   -0.446657
   -0.446233
   -0.430749
   -0.503993
   -0.470683
   -0.494076
   -0.472813
   -0.442966
   -0.482806
   -0.475776
   -0.432439
    -0.42868
    -0.43724
   -0.403495
   -0.429543
   -0.421843
   -0.447997
   -0.433202
   -0.370287
   -0.349185
   -0.410798
   -0.455824
   -0.464077
   -0.433758
   -0.515412
   -0.468349
   -0.420391
   -0.389582
   -0.436074
   -0.444767
   -0.366194
   -0.441001
   -0.439744
   -0.382765
   -0.411832
   -0.355619
   -0.396835
    -0.42947
   -0.459685
   -0.467541
    -0.43005
   -0.496358
   -0.523628
   -0.448094
   -0.473604
   -0.382511
   -0.405897
   -0.474545
   -0.419481
   -0.410263
   -0.342784
   -0.352853
   -0.386366
   -0.366243
   -0.376279
    -0.36434
   -0.479532
   -0.469846
   -0.425764
   -0.426645
   -0.383276
   -0.450235
   -0.482084
   -0.408557
    -0.44374
   -0.420653
   -0.395293
   -0.452266
   -0.454538
   -0.494337
   -0.416308
   -0.437607
   -0.450262
     -0.3939
   -0.366099
   -0.361411
    -0.45523
   -0.375815
   -0.356126
   -0.430117
   -0.493594
    -0.47469
   -0.428849
