-5.31902
-5.28447
-5.22447
-5.13777
-5.02087
-4.87083
-4.68691
-4.46671
-4.20897
-3.91072
-3.57056
-3.19042
-2.78029
-2.34815
-1.90605
-1.47911
-1.08351
-0.740361
-0.458883
-0.248238
-0.106876
-0.03102
-0.00752719
-0.0250197
-0.0701558
-0.130215
-0.19799
-0.265673
-0.328935
-0.386927
-0.438181
-0.486227
-0.528998
-0.567828
-0.601274
-0.630691
-0.654057
-0.670309
-0.681966
-0.690147
-0.69584
-0.704674
-0.715953
-0.731514
-0.750282
-0.773719
-0.797933
-0.821539
-0.84018
-0.857136
-0.866158
-0.871541
-0.872846
-0.871029
-0.868701
-0.869844
-0.873316
-0.88004
-0.891308
-0.904673
-0.920402
-0.936151
-0.949714
-0.959767
-0.963694
-0.958564
-0.945455
-0.926486
-0.902693
-0.878926
-0.856931
-0.840102
-0.823472
-0.804271
-0.780099
-0.748611
-0.71283
-0.675186
-0.643441
-0.619959
-0.606272
-0.608163
-0.625982
-0.658812
-0.703166
-0.755812
-0.809921
-0.865462
-0.919325
-0.966544
-1.00625
-1.03671
-1.05631
-1.06442
-1.06048
-1.04553
-1.02012
-0.986074
-0.941893
-0.890137
-0.832609
-0.771411
-0.705815
-0.640334
-0.578108
-0.52069
-0.472253
-0.434264
-0.407644
-0.390881
-0.384173
-0.38629
-0.396365
-0.415466
-0.444271
-0.482754
-0.533188
-0.591053
-0.655481
-0.724253
-0.793494
-0.857736
-0.911833
-0.954788
-0.980912
-0.990895
-0.983419
-0.958265
-0.916776
-0.864398
-0.803802
-0.737865
-0.671633
-0.606814
-0.546762
-0.492997
-0.447062
-0.413894
-0.394633
-0.391009
-0.404422
-0.435525
-0.4839
-0.546947
-0.617342
-0.691864
-0.766213
-0.832341
-0.886496
-0.926884
-0.952134
-0.963091
-0.959651
-0.944199
-0.916156
-0.879434
-0.836508
-0.789092
-0.740355
-0.689778
-0.639532
-0.593088
-0.550902
-0.518215
-0.497982
-0.492424
-0.502056
-0.522786
-0.551762
-0.58483
-0.614378
-0.638723
-0.65458
-0.657791
-0.649038
-0.628442
-0.596141
-0.554051
-0.505702
-0.454158
-0.408608
-0.369663
-0.34705
-0.342583
-0.358452
-0.393989
-0.443757
-0.501831
-0.56015
-0.617755
-0.663334
-0.69581
-0.712934
-0.71482
-0.702874
-0.676819
-0.641623
-0.600195
-0.558464
-0.51853
-0.484749
-0.458463
-0.442156
-0.435094
-0.436849
-0.44646
-0.461456
-0.479685
-0.498737
-0.514176
-0.524629
-0.52764
-0.52212
-0.506844
-0.483262
-0.451756
-0.413601
-0.373917
-0.336437
-0.303916
-0.279638
-0.264749
-0.260474
-0.259465
-0.2648
-0.272498
-0.280024
-0.289099
-0.296231
-0.302624
-0.309374
-0.314676
-0.321642
-0.328051
-0.332443
-0.335668
-0.336187
-0.334852
-0.331813
-0.327039
-0.321621
-0.319532
-0.323952
-0.338489
-0.36517
-0.402943
-0.450935
-0.506063
-0.564469
-0.62445
-0.6812
-0.732461
-0.774877
-0.806384
-0.82431
-0.828778
-0.820593
-0.799727
-0.770444
-0.734058
-0.691451
-0.646942
-0.604029
-0.561115
-0.524056
-0.490897
-0.464028
-0.443654
-0.427314
-0.413435
-0.403151
-0.395497
-0.389462
-0.385443
-0.383447
-0.385078
-0.38758
-0.394479
-0.403262
-0.415147
-0.424163
-0.431424
-0.433571
-0.427738
-0.418051
-0.406411
-0.3899
-0.37391
-0.362903
-0.356801
-0.353825
-0.35314
-0.35382
-0.355167
-0.352858
-0.348971
-0.345823
-0.345929
-0.347063
-0.353259
-0.363304
-0.375689
-0.387841
-0.398313
-0.40355
-0.404444
-0.400371
-0.397585
-0.395155
-0.393419
-0.388705
-0.379964
-0.368566
-0.353744
-0.338298
-0.324807
-0.314268
-0.306906
-0.302417
-0.303147
-0.305959
-0.315879
-0.330889
-0.35252
-0.377502
-0.403089
-0.427448
-0.447902
-0.461025
-0.46802
-0.468643
-0.460534
-0.443836
-0.421638
-0.392377
-0.357768
-0.32072
-0.284261
-0.25382
-0.228503
-0.212464
-0.204633
-0.20333
-0.210434
-0.223953
-0.243583
-0.270336
-0.302598
-0.335319
-0.368841
-0.40237
-0.431462
-0.457752
-0.481894
-0.497468
-0.506197
-0.505932
-0.495554
-0.473097
-0.43964
-0.395596
-0.342698
-0.285826
-0.228773
-0.177741
-0.137774
-0.112516
-0.10427
-0.11325
-0.139951
-0.179023
-0.226192
-0.279269
-0.333535
-0.387013
-0.433082
-0.471778
-0.497973
-0.511936
-0.513879
-0.508505
-0.494884
-0.47388
-0.45017
-0.426632
-0.403193
-0.384768
-0.371416
-0.368217
-0.370782
-0.380953
-0.398338
-0.423329
-0.456443
-0.495016
-0.534654
-0.575223
-0.610968
-0.639959
-0.661309
-0.675971
-0.682036
-0.684599
-0.68187
-0.677607
-0.670103
-0.662127
-0.651989
-0.641291
-0.626936
-0.611664
-0.593573
-0.576744
-0.560084
-0.543334
-0.53134
-0.52233
-0.518869
-0.519937
-0.525655
-0.532825
-0.541854
-0.553236
-0.560892
-0.570321
-0.580073
-0.587172
-0.593695
-0.599152
-0.603069
-0.604645
-0.605594
-0.607574
-0.610767
-0.616759
-0.622759
-0.631674
-0.641025
-0.648364
-0.652982
-0.650941
-0.644047
-0.628225
-0.60483
-0.57239
-0.532365
-0.488
-0.442545
-0.397984
-0.361057
-0.332906
-0.319393
-0.318888
-0.331196
-0.353582
-0.385233
-0.426595
-0.470226
-0.516851
-0.562568
-0.607212
-0.650019
-0.686762
-0.719223
-0.743012
-0.758976
-0.768519
-0.770634
-0.765175
-0.752162
-0.736144
-0.716172
-0.692582
-0.665685
-0.636423
-0.607046
-0.577308
-0.55036
-0.528002
-0.509556
-0.497326
-0.49227
-0.491809
-0.494207
-0.499498
-0.505488
-0.511
-0.515671
-0.520412
-0.525746
-0.532699
-0.539956
-0.550422
-0.564337
-0.579557
-0.597898
-0.617484
-0.636756
-0.653743
-0.668787
-0.676749
-0.678249
-0.674603
-0.665013
-0.650117
-0.629199
-0.601507
-0.569857
-0.532261
-0.491627
-0.446936
-0.39652
-0.34398
-0.289723
-0.237322
-0.189413
-0.151109
-0.122973
-0.10629
-0.0998916
-0.104074
-0.11268
-0.127818
-0.144785
-0.16563
-0.191205
-0.222922
-0.259222
-0.301367
-0.350069
-0.40538
-0.466801
-0.532206
-0.599884
-0.667054
-0.730623
-0.787505
-0.83877
-0.880218
-0.909974
-0.928182
-0.933975
-0.92688
-0.907824
-0.876641
-0.841512
-0.80312
-0.766841
-0.736487
-0.709461
-0.689254
-0.675282
-0.667917
-0.664897
-0.663492
-0.662879
-0.664124
-0.664069
-0.663553
-0.660179
-0.654088
-0.641824
-0.622249
-0.593527
-0.559033
-0.520127
-0.48068
-0.444547
-0.417744
-0.403614
-0.404479
-0.417912
-0.442277
-0.473959
-0.507836
-0.543819
-0.577018
-0.604817
-0.629563
-0.647117
-0.655629
-0.658719
-0.655351
-0.645481
-0.631687
-0.61842
-0.605222
-0.594595
-0.586319
-0.579311
-0.574488
-0.569856
-0.563569
-0.557227
-0.551105
-0.548712
-0.551345
-0.561632
-0.580489
-0.609126
-0.639754
-0.671205
-0.698064
-0.719353
-0.727535
-0.722017
-0.70532
-0.678721
-0.646897
-0.613896
-0.583887
-0.559812
-0.540032
-0.529271
-0.526657
-0.534079
-0.550139
-0.573683
-0.603483
-0.636539
-0.668676
-0.697896
-0.722522
-0.742101
-0.758157
-0.767992
-0.776247
-0.783736
-0.789826
-0.797446
-0.804494
-0.811581
-0.818785
-0.826992
-0.834955
-0.837395
-0.836429
-0.828731
-0.813987
-0.788721
-0.755184
-0.711188
-0.660751
-0.601902
-0.536808
-0.471156
-0.406789
-0.347398
-0.296822
-0.256947
-0.228974
-0.214026
-0.211047
-0.21631
-0.228887
-0.242236
-0.257142
-0.26732
-0.270897
-0.266413
-0.253105
-0.231666
-0.202723
-0.166223
-0.126045
-0.0848967
-0.0473505
-0.0185107
0.00688473
0.0253343
0.0369383
0.0453081
0.051054
0.0579985
0.0654285
0.0726022
0.0783207
0.0783265
0.0719968
0.060285
0.0403141
0.0147935
-0.0178505
-0.0525553
-0.0868895
-0.116771
-0.13805
-0.149969
-0.147351
-0.132665
-0.105092
-0.0704864
-0.0283773
0.0154313
0.0583295
0.0977662
0.129423
0.153826
0.16964
0.172614
0.166366
0.148504
0.123961
0.0935276
0.0593013
0.0244149
-0.00576493
-0.0317514
-0.0501411
-0.0607672
-0.065176
-0.0610085
-0.0536119
-0.0430878
-0.030524
-0.0177998
-0.00641894
0.00669674
0.0193095
0.0330266
0.0467752
0.0618929
0.0739017
0.0791664
0.0736282
0.0593255
0.0301383
-0.0102324
-0.0630716
-0.125809
-0.191869
-0.258497
-0.321072
-0.374864
-0.415188
-0.441117
-0.450465
-0.442426
-0.418061
-0.376058
-0.32283
-0.259309
-0.18941
-0.117492
-0.0474358
0.0123752
0.0568299
0.0852563
0.0916674
0.0754758
0.0375363
-0.0191302
-0.0894804
-0.166762
-0.241894
-0.3066
-0.362467
-0.401936
-0.426805
-0.435434
-0.431802
-0.41687
-0.393879
-0.367263
-0.33882
-0.312961
-0.292363
-0.277533
-0.270429
-0.275862
-0.289967
-0.315847
-0.349518
-0.390134
-0.433168
-0.477985
-0.5183
-0.554795
-0.578635
-0.589991
-0.589194
-0.57591
-0.552432
-0.521834
-0.489387
-0.456594
-0.42839
-0.407721
-0.393224
-0.384587
-0.382438
-0.380988
-0.379721
-0.378884
-0.378023
-0.379082
-0.380243
-0.380771
-0.378492
-0.372894
-0.361845
-0.345258
-0.326168
-0.306186
-0.289909
-0.278192
-0.274034
-0.278867
-0.295948
-0.322621
-0.359656
-0.403156
-0.44955
-0.496337
-0.538498
-0.573176
-0.598513
-0.611922
-0.612678
-0.597835
-0.56897
-0.528397
-0.478209
-0.422113
-0.365308
-0.310068
-0.260198
-0.219853
-0.188102
-0.166368
-0.151401
-0.141282
-0.131827
-0.122156
-0.110195
-0.0949743
-0.0782144
-0.0616874
-0.0456061
-0.0292521
-0.015648
-0.00125289
0.0141892
0.0300065
0.0489425
0.0713593
0.0931116
0.116729
0.139164
0.160216
0.177099
0.18885
0.195226
0.195964
0.189943
0.179721
0.164309
0.147435
0.12666
0.106437
0.0898007
0.0782687
0.076709
0.0844355
0.0998802
0.123408
0.148711
0.168624
0.180206
0.181143
0.169876
0.146045
0.114652
0.0758013
0.0354063
-0.00459901
-0.0396502
-0.0684646
-0.0877032
-0.0946936
-0.0888231
-0.0680906
-0.0351117
0.0113723
0.0657808
0.125691
0.188948
0.251355
0.310181
0.359521
0.399277
0.429228
0.449628
0.460963
0.465827
0.463742
0.456917
0.445614
0.430167
0.411008
0.38627
0.356104
0.321198
0.281685
0.24113
0.200829
0.162136
0.127822
0.0976119
0.0722043
0.0497311
0.0289557
0.00965499
-0.00876364
-0.0259357
-0.042497
-0.0558004
-0.0689006
-0.0795281
-0.0907287
-0.0991177
-0.108208
-0.120209
-0.131668
-0.14305
-0.150264
-0.15298
-0.150863
-0.141985
-0.12848
-0.111687
-0.0958334
-0.0815401
-0.0735796
-0.0697319
-0.0734547
-0.0829049
-0.0989713
-0.119251
-0.143789
-0.169684
-0.194664
-0.220027
-0.242019
-0.262946
-0.281973
-0.297266
-0.310285
-0.321061
-0.328467
-0.332051
-0.330013
-0.323412
-0.310888
-0.291271
-0.264328
-0.231226
-0.193813
-0.155099
-0.117407
-0.0847682
-0.0555041
-0.0351235
-0.0198427
-0.00944935
0.000160167
0.00571958
0.0126563
0.0219015
0.0347566
0.045168
0.0524499
0.0523088
0.0436132
0.0276719
0.00636356
-0.0106664
-0.0205661
-0.0221877
-0.013947
0.00193271
0.0185645
0.030641
0.0336462
0.0182305
-0.0135251
-0.0575057
-0.108899
-0.161995
-0.212796
-0.259845
-0.300982
-0.333521
-0.360209
-0.375374
-0.380647
-0.372179
-0.352472
-0.324062
-0.285568
-0.204868
-0.0907268
0.0556499
0.22477
0.406518
0.59274
0.776824
0.950572
1.10755
1.24657
1.36237
1.4556
1.5265
1.5784
1.61098
1.6312
1.64564
1.66316
1.69013
1.73208
1.78576
1.84658
1.90236
1.94646
1.9729
1.97632
1.95957
1.9285
1.89176
1.85679
1.82802
1.81015
1.80609
1.81754
1.83825
1.87064
1.90987
1.94748
1.97472
1.97722
1.94325
1.86861
1.75777
1.62376
1.47918
1.33704
1.20778
1.09959
1.01554
0.953956
0.916747
0.895959
0.888599
0.887534
0.884101
0.881984
0.87329
0.859221
0.841217
0.819707
0.791076
0.759212
0.72498
0.693171
0.666627
0.644369
0.630276
0.622098
0.624554
0.639398
0.668394
0.712087
0.763209
0.81652
0.864682
0.902568
0.932831
0.959889
0.990785
1.0244
1.05876
1.08276
1.09011
1.07327
1.03185
0.968756
0.891692
0.806848
0.723494
0.651104
0.593099
0.558838
0.542081
0.549515
0.572782
0.608368
0.653034
0.704624
0.764994
0.831554
0.905512
0.979354
1.05119
1.11808
1.17178
1.21419
1.24696
1.26881
1.27799
1.27439
1.26786
1.25654
1.24268
1.22636
1.20241
1.16923
1.12573
1.07433
1.01621
0.959879
0.907036
0.861961
0.832447
0.816459
0.818723
0.838431
0.872553
0.919203
0.971139
1.02902
1.09105
1.15371
1.21042
1.26272
1.30429
1.33271
1.34638
1.34444
1.32691
1.29744
1.25527
1.21003
1.16703
1.13429
1.11811
1.12665
1.15766
1.20728
1.26703
1.3263
1.37568
1.40408
1.40858
1.38857
1.35
1.29754
1.24016
1.18135
1.12345
1.07182
1.02568
0.993627
0.982375
0.997957
1.04164
1.10811
1.18846
1.27121
1.3471
1.4033
1.43848
1.45166
1.44935
1.43614
1.41742
1.40117
1.38589
1.37539
1.37075
1.36922
1.37002
1.36867
1.36686
1.36322
1.35799
1.34819
1.33357
1.31231
1.28244
1.24306
1.19011
1.12458
1.04652
0.958019
0.869555
0.788727
0.727886
0.686032
0.665353
0.662075
0.673522
0.695253
0.720929
0.747323
0.769104
0.782638
0.78343
0.775508
0.758312
0.739674
0.723612
0.715378
0.715219
0.720134
0.727005
0.733395
0.734845
0.729943
0.720614
0.708708
0.70749
0.716801
0.740479
0.777472
0.822253
0.869663
0.916121
0.951104
0.97563
0.983669
0.976188
0.949842
0.903759
0.836752
0.749157
0.651337
0.550241
0.458528
0.38574
0.337323
0.321248
0.334933
0.376325
0.441263
0.521497
0.612059
0.70626
0.802209
0.897627
0.988275
1.07295
1.15293
1.2217
1.27127
1.30075
1.30112
1.2686
1.19889
1.09542
0.962654
0.814951
0.67042
0.544065
0.452468
0.403494
0.393703
0.420642
0.470495
0.529421
0.584852
0.627223
0.654073
0.664239
0.665065
0.658192
0.652487
0.648335
0.650071
0.657633
0.670084
0.688044
0.709247
0.735519
0.768104
0.80593
0.852158
0.909001
0.974896
1.04216
1.10324
1.15216
1.18336
1.19869
1.2031
1.20462
1.20516
1.20795
1.21364
1.22268
1.22993
1.23057
1.23169
1.22627
1.21602
1.20296
1.19265
1.18663
1.18989
1.20309
1.21429
1.21881
1.20854
1.18363
1.14932
1.12025
1.09809
1.08601
1.08331
1.08645
1.08998
1.093
1.09594
1.09595
1.09618
1.09915
1.1041
1.11199
1.12279
1.13645
1.1499
1.16358
1.17805
1.19254
1.20478
1.22007
1.23736
1.25952
1.28687
1.31908
1.35412
1.38805
1.41698
1.43851
1.45311
1.45999
1.45828
1.44768
1.42539
1.39181
1.34662
1.29722
1.24573
1.20183
1.16834
1.1484
1.14397
1.15656
1.1877
1.23144
1.28213
1.33242
1.36969
1.38407
1.36965
1.32456
1.25255
1.16198
1.0594
0.95705
0.864102
0.790758
0.741742
0.723877
0.735353
0.774997
0.838921
0.92318
1.0199
1.12522
1.22699
1.318
1.38579
1.41768
1.41515
1.3775
1.32018
1.25352
1.19141
1.14033
1.10207
1.08418
1.07806
1.08651
1.10553
1.13434
1.16567
1.20036
1.23518
1.26554
1.29183
1.31674
1.34746
1.38937
1.44836
1.52653
1.62591
1.74261
1.86674
1.99001
2.09277
2.15874
2.17048
2.12243
2.02341
1.90293
1.78163
1.67738
1.59724
1.54367
1.51965
1.52252
1.54947
1.59449
1.65644
1.72331
1.78892
1.84854
1.89858
1.93781
1.96959
1.99119
2.00322
2.00189
1.98491
1.95409
1.91056
1.86184
1.81128
1.75964
1.71195
1.66701
1.62125
1.57423
1.5265
1.47751
1.42623
1.37972
1.33551
1.29799
1.26779
1.24819
1.23795
1.23927
1.24973
1.2694
1.29143
1.31528
1.3376
1.35688
1.37243
1.3824
1.39195
1.40634
1.42833
1.46246
1.51575
1.5874
1.67439
1.77805
1.88415
1.98687
2.06914
2.12103
2.13929
2.12569
2.08826
2.03287
1.96877
1.90084
1.83094
1.76281
1.69685
1.63567
1.58045
1.54144
1.51367
1.50123
1.50024
1.50812
1.52075
1.53184
1.53427
1.52584
1.50354
1.4717
1.4322
1.39149
1.35519
1.3247
1.29978
1.27414
1.25033
1.22075
1.18396
1.1447
1.10635
1.07443
1.05846
1.06332
1.08721
1.12672
1.17476
1.22353
1.27074
1.31624
1.36134
1.41101
1.46414
1.52019
1.57596
1.62678
1.66608
1.69276
1.70263
1.6952
1.66757
1.62438
1.56454
1.49335
1.41669
1.33777
1.2636
1.19662
1.13833
1.09321
1.05987
1.03823
1.02663
1.02402
1.03376
1.05837
1.09941
1.15362
1.21529
1.27783
1.32659
1.34582
1.33093
1.28349
1.21132
1.12971
1.04928
0.978012
0.92277
0.884393
0.86136
0.855789
0.865933
0.888163
0.918321
0.956056
0.997664
1.04073
1.08419
1.12572
1.16816
1.20737
1.24576
1.28692
1.33006
1.37487
1.41749
1.45491
1.48303
1.49655
1.49457
1.47709
1.44387
1.40109
1.35195
1.30114
1.25055
1.20175
1.16209
1.13293
1.11873
1.11576
1.1244
1.13976
1.15663
1.17435
1.19337
1.21782
1.25769
1.31748
1.40402
1.51026
1.63181
1.75646
1.86817
1.95522
2.00674
2.01603
1.98511
1.9194
1.8273
1.7195
1.6047
1.48409
1.36627
1.25488
1.15545
1.07153
1.00797
0.965793
0.947559
0.954177
0.983148
1.03054
1.08774
1.13823
1.16613
1.1635
1.13208
1.08867
1.05207
1.03006
1.02486
1.03287
1.05242
1.08388
1.12727
1.18566
1.26215
1.35183
1.45476
1.56248
1.6684
1.76607
1.84999
1.91972
1.97116
2.00859
2.03622
2.05705
2.07416
2.08926
2.10434
2.11196
2.11093
2.09404
2.05934
2.00455
1.92712
1.83302
1.73454
1.63511
1.54678
1.47678
1.43247
1.41136
1.41674
1.44523
1.49175
1.55287
1.61872
1.6851
1.74761
1.79881
1.82442
1.81344
1.7614
1.66642
1.54183
1.40071
1.25037
1.10283
0.962662
0.83124
0.711248
0.608024
0.52942
0.481468
0.469495
0.492808
0.547294
0.622191
0.703364
0.780562
0.843565
0.884292
0.902765
0.900198
0.878678
0.840458
0.789383
0.725739
0.658414
0.599658
0.556285
0.543083
0.564846
0.630705
0.736817
0.88042
1.04502
1.21416
1.36661
1.48304
1.55283
1.57986
1.57218
1.53981
1.49585
1.44119
1.38682
1.33385
1.29016
1.25847
1.2393
1.23491
1.24692
1.27361
1.31284
1.36363
1.41623
1.46623
1.50479
1.52793
1.53711
1.54122
1.54468
1.55208
1.56766
1.58764
1.61133
1.64312
1.67673
1.71033
1.7446
1.77461
1.79884
1.81591
1.82144
1.81323
1.78574
1.74292
1.68299
1.61221
1.53743
1.46085
1.38561
1.31333
1.24425
1.18051
1.12023
1.06428
1.02006
0.986601
0.96895
0.968778
0.991891
1.03735
1.10158
1.18201
1.27021
1.35858
1.43319
1.48447
1.5038
1.4867
1.43634
1.36656
1.28689
1.21081
1.14271
1.08864
1.04726
1.01633
0.991771
0.974983
0.966599
0.97451
1.00002
1.04155
1.09757
1.16256
1.23346
1.3039
1.37175
1.42994
1.4701
1.48505
1.4749
1.43963
1.39266
1.34812
1.31838
1.31273
1.32942
1.36424
1.4066
1.44637
1.47452
1.4876
1.48903
1.48392
1.4785
1.47543
1.47408
1.47261
1.46932
1.46043
1.44028
1.41433
1.38327
1.35049
1.31944
1.29487
1.27574
1.25817
1.2442
1.22908
1.21306
1.19497
1.1767
1.16038
1.15109
1.15254
1.16631
1.18849
1.21227
1.23082
1.23479
1.22178
1.19552
1.16164
1.1331
1.11522
1.11499
1.13373
1.16527
1.2073
1.25393
1.30048
1.34
1.366
1.37594
1.35916
1.31531
1.2498
1.17319
1.09191
1.02139
0.967839
0.935257
0.925815
0.931425
0.951601
0.981812
1.01317
1.04193
1.06619
1.08465
1.09781
1.10838
1.11665
1.12517
1.13324
1.1426
1.15088
1.15731
1.16215
1.16423
1.16511
1.16274
1.1608
1.15878
1.15932
1.1618
1.16999
1.18515
1.20816
1.23892
1.27348
1.30711
1.33285
1.34402
1.34032
1.31921
1.28835
1.25529
1.22597
1.20812
1.20712
1.22684
1.26539
1.32302
1.39734
1.48084
1.5742
1.67457
1.77707
1.87486
1.96232
2.02762
2.06208
2.06204
2.02339
1.95078
1.85515
1.74852
1.64417
1.5487
1.46284
1.39059
1.33429
1.29751
1.28105
1.29639
1.34007
1.41003
1.49825
1.59275
1.68231
1.76163
1.82233
1.86127
1.87853
1.87378
1.85548
1.82689
1.78722
1.73729
1.67882
1.61436
1.54913
1.4874
1.43641
1.40195
1.39092
1.40373
1.44366
1.50345
1.56512
1.60484
1.6165
1.60335
1.58357
1.57387
1.57894
1.59486
1.61942
1.64823
1.67427
1.69862
1.71891
1.73745
1.75854
1.78978
1.82571
1.867
1.90361
1.92644
1.92412
1.88898
1.82375
1.73838
1.6469
1.55878
1.48538
1.4285
1.38496
1.35326
1.32465
1.29721
1.2578
1.20817
1.14732
1.0792
1.00882
0.942781
0.880577
0.831929
0.793607
0.767812
0.753056
0.748494
0.755226
0.771719
0.799518
0.833736
0.868337
0.902238
0.920659
0.913661
0.875967
0.80903
0.7255
0.643875
0.571059
0.540608
0.54056
0.569574
0.61997
0.686017
0.765284
0.85175
0.940397
1.02914
1.11236
1.18797
1.25258
1.30674
1.35112
1.38422
1.4023
1.40312
1.38675
1.35956
1.32598
1.29587
1.27462
1.26481
1.27086
1.28797
1.3184
1.35739
1.40407
1.44917
1.49381
1.53479
1.57401
1.61511
1.65883
1.70575
1.76065
1.82199
1.88511
1.95056
2.00987
2.05928
2.0944
2.11765
2.13107
2.13526
2.13639
2.12447
2.0969
2.04553
1.97044
1.87393
1.76254
1.64379
1.52124
1.40005
1.28217
1.17283
1.07841
1.00764
0.970606
0.972067
1.00655
1.07078
1.15352
1.24038
1.32004
1.38625
1.4367
1.47057
1.48694
1.48804
1.47852
1.46572
1.45928
1.46582
1.48663
1.51848
1.55348
1.5852
1.60759
1.62166
1.63142
1.6369
1.64157
1.63688
1.62363
1.60435
1.58415
1.56583
1.55242
1.54226
1.53572
1.53461
1.53985
1.55282
1.56621
1.58321
1.59662
1.60993
1.62634
1.64682
1.6726
1.69217
1.69981
1.69189
1.6671
1.63177
1.59216
1.55225
1.51972
1.4932
1.47031
1.4431
1.40976
1.36829
1.32235
1.27604
1.23395
1.2043
1.19152
1.19758
1.22464
1.26935
1.33094
1.40477
1.48733
1.57127
1.65002
1.71211
1.75199
1.76773
1.75628
1.72273
1.67432
1.61671
1.55856
1.50643
1.46912
1.45181
1.45288
1.47724
1.51848
1.5682
1.62398
1.67251
1.70952
1.73441
1.75465
1.76799
1.77709
1.77594
1.75463
1.71024
1.65063
1.58047
1.5131
1.45236
1.39992
1.35347
1.31387
1.28511
1.26884
1.26943
1.28958
1.32717
1.38063
1.45073
1.53409
1.63269
1.73946
1.85071
1.95643
2.05246
2.12951
2.18579
2.21941
2.22975
2.22162
2.19932
2.1704
2.13631
2.09851
2.05523
1.99863
1.92553
1.8363
1.7382
1.63797
1.5473
1.47621
1.4335
1.42042
1.43097
1.45515
1.48028
1.49836
1.51
1.51354
1.51779
1.52448
1.53885
1.56225
1.59659
1.64291
1.69659
1.75475
1.81071
1.85889
1.89605
1.92424
1.94563
1.96177
1.96714
1.95717
1.93266
1.89112
1.83337
1.76799
1.6989
1.6332
1.57851
1.54037
1.51955
1.51841
1.53183
1.55939
1.59401
1.63681
1.68433
1.73432
1.78357
1.82822
1.8708
1.90992
1.95041
1.99236
2.03454
2.07328
2.10194
2.11874
2.12601
2.11773
2.09562
2.05772
2.00951
1.95335
1.89432
1.83653
1.78237
1.73263
1.68501
1.6303
1.56914
1.50137
1.43591
1.38024
1.34472
1.33835
1.36336
1.41572
1.49539
1.58861
1.6906
1.78783
1.87139
1.93074
1.96303
1.97073
1.95685
1.92603
1.87933
1.82326
1.75972
1.69448
1.62992
1.57101
1.51701
1.47268
1.43781
1.4174
1.41049
1.41183
1.42102
1.43166
1.4435
1.45634
1.47268
1.49571
1.52257
1.55146
1.57214
1.57978
1.57118
1.55132
1.52601
1.50107
1.48408
1.47484
1.47411
1.47645
1.47738
1.4731
1.45845
1.43449
1.40484
1.3725
1.34528
1.32401
1.31373
1.30997
1.31148
1.31816
1.32584
1.33871
1.36294
1.39574
1.43975
1.48883
1.54053
1.58897
1.63424
1.68381
1.74135
1.81456
1.90857
2.02481
2.16018
2.30481
2.44003
2.5489
2.61444
2.63299
2.60963
2.55531
2.48476
2.41094
2.34093
2.28257
2.2376
2.20444
2.1861
2.18066
2.18494
2.18953
2.19139
2.18358
2.16178
2.12485
2.0727
2.00647
1.93435
1.86339
1.80215
1.75504
1.72475
1.71241
1.71525
1.73796
1.76951
1.80691
1.8416
1.86228
1.86111
1.82744
1.76083
1.66414
1.55143
1.4306
1.32226
1.23631
1.18014
1.15852
1.1705
1.20626
1.25587
1.3075
1.34851
1.36902
1.36784
1.35963
1.3487
1.34351
1.35292
1.37795
1.41609
1.46372
1.50893
1.54274
1.55563
1.5525
1.53422
1.50495
1.46679
1.41566
1.35467
1.29136
1.23045
1.18148
1.14677
1.13125
1.13606
1.16383
1.21067
1.28014
1.36654
1.46448
1.56302
1.64955
1.71362
1.75394
1.77084
1.77248
1.77401
1.78657
1.81759
1.85984
1.90647
1.9421
1.95708
1.94972
1.92397
1.88584
1.84345
1.80196
1.76584
1.7362
1.71895
1.71255
1.71572
1.72707
1.7397
1.74866
1.75079
1.74165
1.72054
1.69274
1.65775
1.6207
1.58431
1.55194
1.52494
1.50309
1.48767
1.48054
1.48238
1.49819
1.52735
1.5645
1.60346
1.63674
1.65895
1.67108
1.66637
1.64852
1.61397
1.56312
1.49645
1.424
1.35983
1.30879
1.28476
1.2885
1.32001
1.37875
1.45949
1.55793
1.67259
1.79048
1.90293
1.99277
2.05277
2.08039
2.08179
2.06748
2.05049
2.03613
2.02271
2.00329
1.97721
1.93996
1.8914
1.83364
1.77749
1.73138
1.7031
1.68695
1.68609
1.69351
1.69741
1.68881
1.66052
1.61094
1.54026
1.45844
1.37584
1.30089
1.25232
1.23082
1.24229
1.29109
1.37183
1.47678
1.59477
1.71136
1.81904
1.90801
1.97815
2.02634
2.05756
2.0812
2.09831
2.10938
2.10934
2.09626
2.06832
2.02685
1.9792
1.92554
1.86796
1.80709
1.74506
1.68388
1.62573
1.57221
1.52739
1.48958
1.46832
1.47058
1.50278
1.56848
1.66154
1.77528
1.90018
2.02426
2.14155
2.24845
2.33743
2.39983
2.42768
2.41749
2.37464
2.30138
2.20667
2.0919
1.954
1.80406
1.64795
1.49852
1.36084
1.24591
1.15664
1.09981
1.07641
1.08858
1.13167
1.19875
1.27833
1.36072
1.44115
1.51513
1.58321
1.64519
1.70157
1.75188
1.79015
1.81005
1.81056
1.7965
1.77172
1.74862
1.73691
1.74429
1.77614
1.83624
1.92689
2.04813
2.18647
2.32803
2.44363
2.50302
2.48748
2.39988
2.26144
2.10277
1.94938
1.81827
1.71662
1.64386
1.5973
1.56907
1.55058
1.53486
1.52522
1.52245
1.53291
1.56093
1.61639
1.69922
1.80721
1.94138
2.08953
2.24091
2.38363
2.5071
2.59896
2.65447
2.67248
2.65934
2.6211
2.56894
2.51202
2.45898
2.41282
2.37425
2.33705
2.29839
2.25499
2.20429
2.1512
2.10101
2.05589
2.01933
1.9916
1.96854
1.94447
1.92047
1.892
1.85817
1.82123
1.77834
1.7317
1.67246
1.59869
1.50974
1.40594
1.29348
1.18095
1.08412
1.0113
0.972443
0.973858
1.01461
1.09119
1.18952
1.29409
1.3931
1.46861
1.51386
1.52323
1.5009
1.45327
1.39099
1.31977
1.2488
1.182
1.12559
1.08764
1.07062
1.07771
1.11066
1.16998
1.2472
1.33706
1.43159
1.51955
1.5958
1.66041
1.71663
1.76894
1.81739
1.86864
1.91622
1.95889
1.99849
2.04073
2.08558
2.12473
2.14628
2.13917
2.09683
2.0193
1.90988
1.77774
1.63481
1.49253
1.36037
1.25373
1.1816
1.15079
1.1586
1.1944
1.24563
1.30389
1.36575
1.43235
1.50123
1.5635
1.61372
1.64651
1.66406
1.66876
1.66563
1.65594
1.63929
1.62103
1.60437
1.59265
1.58706
1.58957
1.59926
1.61445
1.63315
1.65543
1.67626
1.69762
1.7167
1.73584
1.75461
1.77829
1.8037
1.83116
1.85508
1.87467
1.88921
1.89472
1.88852
1.87441
1.85422
1.82886
1.80464
1.78026
1.75658
1.72661
1.68756
1.64461
1.59504
1.54748
1.5077
1.48349
1.47692
1.48342
1.50329
1.52795
1.54651
1.55323
1.54264
1.51163
1.46712
1.41338
1.35904
1.31621
1.29685
1.30245
1.34093
1.40796
1.49748
1.60243
1.71028
1.81353
1.90154
1.97263
2.02437
2.05439
2.05796
2.03923
2.00475
1.95913
1.91397
1.87511
1.84974
1.8357
1.82606
1.81779
1.80742
1.79663
1.78324
1.77029
1.76373
1.76729
1.77764
1.79328
1.80915
1.81494
1.80898
1.79111
1.76392
1.73124
1.70133
1.6764
1.66073
1.65286
1.6513
1.65648
1.66882
1.69022
1.72238
1.76563
1.81236
1.86472
1.91624
1.96124
1.99182
2.00512
1.99253
1.94953
1.87844
1.78026
1.66341
1.54069
1.42843
1.32779
1.24533
1.17835
1.12112
1.07373
1.03783
1.01236
1.0034
1.00516
1.01741
1.03836
1.06457
1.09824
1.14083
1.19251
1.2533
1.31997
1.38535
1.44876
1.5071
1.5614
1.60742
1.64737
1.68067
1.70179
1.70809
1.69354
1.6552
1.59245
1.50942
1.41685
1.32147
1.23236
1.15743
1.10141
1.06268
1.04523
1.0463
1.06402
1.09444
1.12644
1.15699
1.18267
1.20352
1.23297
1.27793
1.33998
1.42266
1.51832
1.61784
1.71144
1.78517
1.82745
1.8282
1.78657
1.70895
1.61289
1.51488
1.43056
1.36754
1.3327
1.32225
1.33286
1.36132
1.40246
1.45218
1.5081
1.57424
1.64858
1.73203
1.81415
1.89439
1.96949
2.03571
2.09321
2.13946
2.1671
2.16848
2.13948
2.0861
2.02063
1.95841
1.90953
1.87776
1.86452
1.871
1.89734
1.9425
2.00381
2.0752
2.15134
2.2266
2.29614
2.36
2.41403
2.46068
2.50061
2.53545
2.56439
2.58465
2.59066
2.58143
2.55379
2.51211
2.46219
2.41077
2.36011
2.31799
2.28385
2.25841
2.23952
2.2286
2.22381
2.22665
2.23077
2.22331
2.19807
2.15286
2.08748
2.01017
1.931
1.86007
1.80367
1.76574
1.74157
1.72335
1.70319
1.6773
1.64504
1.60381
1.55875
1.5105
1.45689
1.39906
1.33537
1.26996
1.20782
1.15291
1.11609
1.09479
1.0863
1.09001
1.09893
1.11002
1.12321
1.13678
1.15288
1.1749
1.20204
1.23375
1.27083
1.3148
1.36383
1.42015
1.47912
1.53403
1.5776
1.59995
1.60005
1.57958
1.54749
1.50645
1.46199
1.41752
1.3776
1.34885
1.32664
1.31437
1.31002
1.30955
1.31124
1.31325
1.31459
1.31869
1.32708
1.34519
1.37662
1.41896
1.46803
1.5157
1.55543
1.58198
1.59639
1.60334
1.61129
1.62901
1.6638
1.71629
1.78402
1.87265
1.95529
2.01818
2.05016
2.04385
1.99725
1.91905
1.82398
1.72129
1.62522
1.54682
1.48907
1.45274
1.43228
1.42972
1.4381
1.46369
1.50954
1.57412
1.64818
1.71864
1.78
1.83398
1.88895
1.94775
2.00688
2.05926
2.10118
2.1301
2.14003
2.12436
2.08199
2.01831
1.94156
1.86631
1.80362
1.76098
1.74073
1.74056
1.75565
1.7831
1.81239
1.83693
1.84852
1.84622
1.83524
1.82097
1.8048
1.78942
1.77556
1.76312
1.74715
1.72791
1.7053
1.67145
1.62599
1.56764
1.50736
1.4608
1.44141
1.46507
1.53133
1.6286
1.7334
1.82345
1.89158
1.94332
1.99451
2.05466
2.12316
2.19792
2.27083
2.34061
2.40438
2.46762
2.52867
2.59001
2.65067
2.70369
2.74283
2.75989
2.74456
2.68759
2.5877
2.45216
2.29276
2.1296
1.97528
1.85082
1.77072
1.74383
1.77735
1.86931
2.01115
2.17485
2.32687
2.44125
2.50527
2.52706
2.52547
2.51063
2.48733
2.44881
2.3926
2.32113
2.24148
2.16264
2.0986
2.05833
2.04951
2.07102
2.12578
2.20342
2.29881
2.39583
2.48352
2.55042
2.59652
2.62928
2.6547
2.67674
2.69335
2.70134
2.69153
2.6587
2.60012
2.51645
2.41722
2.30634
2.19345
2.08707
1.98781
1.89361
1.80847
1.73089
1.6636
1.61498
1.58771
1.5855
1.60884
1.65348
1.7152
1.78264
1.84282
1.89301
1.92747
1.94558
1.9474
1.93154
1.90539
1.87568
1.84878
1.83475
1.83461
1.85042
1.88369
1.93645
2.00227
2.07505
2.14628
2.20808
2.25783
2.29314
2.31118
2.31392
2.30231
2.28171
2.25606
2.22794
2.20004
2.16453
2.11794
2.06266
2.00313
1.95001
1.90624
1.87351
1.84794
1.82684
1.80586
1.78253
1.75272
1.723
1.69435
1.67074
1.66009
1.66489
1.69084
1.73309
1.78696
1.8467
1.90393
1.95366
1.98703
2.00321
1.99777
1.97383
1.93684
1.89864
1.86796
1.85614
1.86306
1.88688
1.92179
1.952
1.96974
1.96743
1.94507
1.91071
1.87287
1.84677
1.8445
1.86611
1.90703
1.96388
2.02581
2.08612
2.13676
2.17319
2.18958
2.18433
2.15882
2.11864
2.06993
2.01905
1.96648
1.91582
1.86813
1.82757
1.79252
1.76934
1.75882
1.76008
1.771
1.7891
1.80873
1.82022
1.82369
1.81711
1.80215
1.78391
1.7655
1.74941
1.73638
1.72749
1.72381
1.72477
1.73504
1.7512
1.77837
1.81054
1.84502
1.8746
1.89933
1.91909
1.93695
1.95774
1.98546
2.02854
2.09228
2.17868
2.28629
2.40473
2.52176
2.62075
2.67445
2.6624
2.57731
2.42848
2.24146
2.04357
1.86158
1.71254
1.60541
1.54481
1.52553
1.54096
1.57569
1.61758
1.65618
1.68607
1.70707
1.7239
1.74858
1.78932
1.8509
1.9326
2.02892
2.12793
2.2148
2.27767
2.30571
2.2971
2.25876
2.19555
2.12209
2.04856
1.98209
1.93036
1.89205
1.86711
1.85327
1.85209
1.86575
1.89718
1.9444
2.00893
2.0825
2.16291
2.2346
2.29558
2.3367
2.35722
2.35935
2.35557
2.36217
2.38418
2.40907
2.43277
2.45276
2.47235
2.4948
2.51975
2.54483
2.55899
2.54909
2.51919
2.47154
2.41279
2.35647
2.31645
2.29865
2.30735
2.33622
2.3782
2.41552
2.45113
2.47564
2.48818
2.48833
2.47377
2.44696
2.40574
2.35001
2.28716
2.22093
2.16334
2.1164
2.08731
2.07214
2.07154
2.07477
2.07252
2.05574
2.01878
1.9675
1.90542
1.84332
1.7877
1.74038
1.70413
1.67715
1.65649
1.64546
1.64232
1.65027
1.67284
1.7152
1.7715
1.84183
1.91878
1.99046
2.04589
2.07553
2.07441
2.03935
1.9739
1.88196
1.78127
1.68207
1.60037
1.54488
1.51687
1.51305
1.52731
1.54703
1.56301
1.57032
1.57192
1.5654
1.55784
1.551
1.54502
1.53951
1.53686
1.53854
1.54612
1.5612
1.58438
1.61877
1.65807
1.69544
1.72262
1.73685
1.73037
1.70607
1.66644
1.60929
1.53689
1.45644
1.37756
1.31147
1.27102
1.26366
1.29824
1.36217
1.44455
1.52735
1.59958
1.65912
1.71493
1.77134
1.83266
1.8965
1.95038
1.99098
2.01438
2.02423
2.02173
2.01184
1.99837
1.98304
1.96496
1.94347
1.92068
1.89969
1.88868
1.89012
1.90151
1.91352
1.92349
1.93187
1.94034
1.94351
1.94252
1.93715
1.92759
1.915
1.90447
1.9
1.90406
1.91879
1.94618
1.97816
2.01233
2.04423
2.07156
2.08905
2.09678
2.08655
2.06537
2.03428
2.00385
1.9951
2.02045
2.08596
2.17562
2.26471
2.32292
2.33656
2.30747
2.25179
2.18062
2.0961
1.99861
1.89678
1.80111
1.72554
1.68341
1.67328
1.68735
1.71386
1.73898
1.75461
1.75396
1.73963
1.71022
1.66899
1.61792
1.56371
1.50995
1.46245
1.42614
1.40182
1.38959
1.38378
1.38176
1.37881
1.37146
1.36323
1.35993
1.36835
1.38828
1.42304
1.46753
1.51565
1.56224
1.60145
1.62685
1.62924
1.60103
1.54136
1.45574
1.35771
1.27145
1.21427
1.20404
1.24743
1.34346
1.47789
1.62548
1.76053
1.86785
1.9422
1.98632
2.00566
2.00468
1.98858
1.95677
1.91007
1.85023
1.78462
1.72124
1.66381
1.61242
1.57085
1.53307
1.49722
1.46069
1.42697
1.39421
1.36875
1.35216
1.34853
1.36305
1.39599
1.45044
1.52244
1.60785
1.69934
1.79151
1.87165
1.93213
1.96453
1.97414
1.9709
1.96403
1.95907
1.95651
1.95649
1.95238
1.94555
1.94058
1.94789
1.97475
2.0199
2.07753
2.1343
2.18548
2.2165
2.22214
2.19781
2.1496
2.08545
2.00996
1.93668
1.86757
1.80056
1.74294
1.69295
1.65674
1.64045
1.65447
1.69912
1.76612
1.8472
1.92658
1.99079
2.03584
2.05614
2.04955
2.01387
1.95421
1.88193
1.81244
1.76024
1.73847
1.75284
1.79774
1.86096
1.92597
1.97566
2.00102
2.00059
1.98057
1.94316
1.892
1.82541
1.75136
1.67746
1.61003
1.55523
1.52125
1.51066
1.52434
1.5642
1.62886
1.70315
1.7731
1.82414
1.85008
1.85356
1.84609
1.8417
1.85382
1.88685
1.93534
1.99079
2.04115
2.07965
2.10213
2.11128
2.11172
2.10495
2.0934
2.08138
2.07355
2.07086
2.07645
2.09215
2.11476
2.14389
2.17637
2.22038
2.27721
2.34816
2.43611
2.54243
2.66188
2.78779
2.91243
3.01843
3.09401
3.12817
3.11991
3.07067
2.98564
2.87392
2.74296
2.59748
2.4478
2.29795
2.1556
2.02584
1.90993
1.80629
1.71774
1.6413
1.57168
1.50483
1.43502
1.35583
1.26534
1.16562
1.06019
0.962808
0.880609
0.815319
0.771016
0.747542
0.741694
0.747364
0.758886
0.77075
0.784395
0.802595
0.826346
0.866388
0.925763
1.00489
1.10608
1.22422
1.34972
1.47684
1.59144
1.68636
1.7606
1.81628
1.86595
1.91692
1.97669
2.05018
2.1265
2.19611
2.25015
2.28408
2.29565
2.28943
2.27297
2.25549
2.23944
2.22544
2.21863
2.21749
2.21828
2.22386
2.23249
2.24083
2.25344
2.26715
2.28638
2.31469
2.34485
2.3778
2.40909
2.43256
2.43748
2.42036
2.38291
2.32378
2.24882
2.16406
2.08183
2.0123
1.9589
1.93356
1.93575
1.95985
1.99724
2.04213
2.08568
2.12162
2.15104
2.17587
2.1999
2.22853
2.26218
2.30366
2.34894
2.39164
2.41663
2.40869
2.35138
2.25067
2.12013
1.98273
1.86035
1.7643
1.69402
1.64701
1.61467
1.5923
1.5718
1.54949
1.52204
1.4885
1.45592
1.42699
1.40896
1.40631
1.42244
1.45333
1.49477
1.54259
1.59314
1.64202
1.68596
1.72179
1.74191
1.74188
1.71323
1.6552
1.57366
1.47928
1.38674
1.30495
1.24096
1.19809
1.17051
1.1497
1.14224
1.15166
1.1842
1.23928
1.31815
1.40901
1.49935
1.58681
1.67349
1.76435
1.85637
1.94925
2.03136
2.09233
2.12393
2.12162
2.08838
2.03662
1.97184
1.90002
1.8316
1.77243
1.72547
1.69642
1.68397
1.68621
1.69631
1.70722
1.7091
1.70178
1.68613
1.67291
1.67262
1.69249
1.74086
1.81487
1.91039
2.01797
2.12236
2.21241
2.27865
2.31455
2.32254
2.31178
2.2895
2.26452
2.24295
2.22876
2.22734
2.23817
2.25623
2.27615
2.29541
2.30391
2.30345
2.29388
2.27909
2.26306
2.24966
2.24317
2.24326
2.25458
2.27964
2.31797
2.3681
2.4285
2.49085
2.55152
2.59768
2.63296
2.66059
2.6821
2.70363
2.72004
2.73084
2.72911
2.71426
2.68322
2.6378
2.58565
2.53365
2.48904
2.45902
2.44635
2.44814
2.46137
2.48048
2.48991
2.47424
2.42465
2.32942
2.19386
2.03365
1.86879
1.72422
1.61803
1.56739
1.57191
1.62883
1.72644
1.84732
1.97509
2.09727
2.19994
2.27506
2.32095
2.33753
2.3267
2.29454
2.25078
2.19994
2.15327
2.12015
2.10661
2.10978
2.12678
2.14741
2.16656
2.17741
2.17465
2.15203
2.10878
2.05218
1.98737
1.92532
1.86604
1.81744
1.78538
1.77238
1.77597
1.79354
1.81639
1.83328
1.84059
1.83912
1.83473
1.83703
1.85251
1.88729
1.93553
1.99342
2.05891
2.12318
2.17993
2.21776
2.22931
2.21127
2.16669
2.1032
2.03376
1.96849
1.91704
1.88617
1.88313
1.91561
1.98473
2.08681
2.20822
2.33103
2.43795
2.51653
2.56273
2.58094
2.58142
2.57492
2.5654
2.55414
2.53876
2.51591
2.47794
2.42827
2.37662
2.32773
2.28131
2.23579
2.18158
2.12211
2.05823
1.98934
1.9208
1.85029
1.77775
1.70142
1.62621
1.559
1.5062
1.47816
1.47633
1.50109
1.5481
1.60951
1.6822
1.76157
1.8484
1.94161
2.03895
2.13414
2.22472
2.31063
2.38865
2.46217
2.52955
2.58804
2.63156
2.6526
2.64023
2.59459
2.52023
2.42734
2.32679
2.21901
2.13994
2.08134
2.04121
2.01545
2.00135
1.99723
2.00588
2.02917
2.06787
2.1185
2.17862
2.23668
2.28254
2.30489
2.29631
2.25526
2.19115
2.11724
2.04806
2.0015
1.9833
1.99668
2.03873
2.10469
2.19402
2.30435
2.43
2.5478
2.62318
2.62845
2.54839
2.39591
2.19887
1.99023
1.79619
1.63448
1.52056
1.45637
1.44328
1.47948
1.55705
1.66072
1.77779
1.88808
1.98277
2.05492
2.10705
2.13497
2.13507
2.10131
2.03274
1.93915
1.84009
1.7558
1.69339
1.65954
1.65111
1.65972
1.67569
1.69528
1.71329
1.732
1.75018
1.77075
1.79366
1.82622
1.87219
1.93953
2.03155
2.14665
2.28189
2.4141
2.52662
2.60123
2.62784
2.60218
2.53396
2.43351
2.31576
2.19337
2.08478
1.99658
1.94538
1.93664
1.96851
2.02921
2.09896
2.16021
2.20486
2.23116
2.24023
2.22928
2.19263
2.14422
2.0908
2.0463
2.01975
2.01621
2.02991
2.05936
2.09274
2.12826
2.15926
2.1851
2.20612
2.22552
2.24428
2.2626
2.27605
2.27224
2.24397
2.17898
2.07376
1.93344
1.77144
1.61216
1.47638
1.38121
1.33582
1.34567
1.40912
1.51434
1.64617
1.77373
1.87683
1.93986
1.96161
1.9534
1.93329
1.91512
1.90674
1.90995
1.92734
1.96096
2.00302
2.05475
2.10793
2.14673
2.15977
2.14147
2.09709
2.03483
1.96622
1.89725
1.83611
1.78975
1.76798
1.77696
1.81699
1.88578
1.97749
2.08657
2.19559
2.28598
2.32165
2.28737
2.19246
2.06619
1.93113
1.80591
1.69657
1.59823
1.50999
1.43234
1.36383
1.31184
1.28393
1.28447
1.31236
1.3712
1.45701
1.56156
1.68062
1.80842
1.94583
2.08851
2.23158
2.37069
2.50022
2.61224
2.70011
2.75425
2.77042
2.74282
2.67781
2.58997
2.50399
2.44243
2.41547
2.42551
2.46125
2.50293
2.53821
2.56209
2.57577
2.58931
2.61412
2.65408
2.71009
2.76903
2.81492
2.82702
2.79557
2.72199
2.61434
2.49535
2.37773
2.27442
2.19123
2.12672
2.08077
2.04949
2.02745
2.01726
2.0124
2.01247
2.01497
2.01669
2.02043
2.01349
1.99232
1.9554
1.90651
1.85405
1.81426
1.7966
1.80897
1.85185
1.91517
1.98876
2.06382
2.13805
2.20739
2.27331
2.32147
2.34113
2.3239
2.26817
2.19029
2.10636
2.03785
2.00064
1.99643
2.01787
2.05625
2.09333
2.11593
2.11484
2.08917
2.05312
2.01395
1.98742
1.98163
1.99748
2.0253
2.05371
2.06251
2.0396
1.9801
1.88608
1.77156
1.65128
1.53858
1.44434
1.37595
1.33315
1.31236
1.31522
1.33389
1.36407
1.40192
1.45222
1.5139
1.59168
1.6794
1.77492
1.85978
1.92293
1.9597
1.9716
1.95859
1.92892
1.87819
1.81199
1.7386
1.66695
1.61128
1.58163
1.58441
1.62126
1.68442
1.764
1.84937
1.93746
2.022
2.10076
2.16735
2.21107
2.22919
2.21997
2.19254
2.15551
2.11417
2.07837
2.04994
2.03401
2.03286
2.04365
2.06859
2.09909
2.12648
2.14788
2.15178
2.13154
2.08267
2.00442
1.90911
1.80565
1.70799
1.62363
1.56377
1.52805
1.52103
1.54161
1.59247
1.67377
1.78137
1.90738
2.04533
2.17929
2.29749
2.39305
2.4557
2.48474
2.48443
2.46093
2.4326
2.41111
2.41171
2.44014
2.4888
2.54674
2.60021
2.63666
2.65182
2.63956
2.60359
2.55114
2.48371
2.40975
2.33776
2.26902
2.21071
2.15996
2.1229
2.10166
2.09983
2.12525
2.17722
2.2526
2.33856
2.40734
2.45013
2.46298
2.45358
2.43597
2.41784
2.40704
2.40165
2.40232
2.41392
2.43385
2.46244
2.49758
2.53671
2.5721
2.59451
2.59939
2.58396
2.54394
2.48075
2.40068
2.31149
2.22671
2.158
2.1175
2.1156
2.15883
2.24605
2.36765
2.50956
2.6568
2.79606
2.91104
2.99971
3.06174
3.08783
3.06941
3.00127
2.88577
2.73155
2.56194
2.40044
2.26821
2.17936
2.13509
2.13433
2.16122
2.19777
2.22585
2.23424
2.21672
2.18621
2.15121
2.12687
2.12856
2.16026
2.21771
2.28817
2.35554
2.4012
2.41734
2.40675
2.383
2.35832
2.33791
2.32395
2.31564
2.31078
2.30719
2.3062
2.30873
2.31545
2.32796
2.343
2.35523
2.37147
2.38703
2.40205
2.40959
2.40265
2.376
2.32603
2.25694
2.17567
2.09035
2.01634
1.96434
1.93834
1.92974
1.92466
1.90403
1.85598
1.78134
1.69073
1.59634
1.51169
1.44532
1.39804
1.3731
1.37157
1.39379
1.43884
1.51051
1.60293
1.70073
1.78706
1.84885
1.88753
1.91248
1.94309
1.99913
2.08297
2.19297
2.31389
2.43271
2.5342
2.62075
2.69715
2.77618
2.86674
2.96624
3.05832
3.11777
3.12289
3.06933
2.96322
2.82489
2.67572
2.53081
2.40504
2.31047
2.25214
2.23602
2.25884
2.30578
2.36023
2.39316
2.38514
2.33263
2.25125
2.15198
2.04422
1.93078
1.81153
1.68778
1.57583
1.48632
1.43302
1.42265
1.45446
1.52421
1.62421
1.74228
1.87025
1.99294
2.10159
2.18685
2.23844
2.2531
2.23266
2.19005
2.13794
2.09253
2.05629
2.03694
2.02791
2.02601
2.03026
2.03949
2.05659
2.08455
2.12071
2.16217
2.20236
2.23243
2.2555
2.27196
2.28811
2.30572
2.32832
2.36033
2.39561
2.42639
2.43818
2.42559
2.38935
2.33724
2.28096
2.22957
2.19119
2.175
2.18321
2.2187
2.28241
2.37152
2.47739
2.58756
2.69
2.76708
2.80507
2.79555
2.74185
2.66391
2.57537
2.49129
2.42003
2.36577
2.32632
2.30314
2.29599
2.30404
2.32826
2.36838
2.42419
2.49133
2.56505
2.63274
2.68472
2.71144
2.71247
2.68805
2.64343
2.58667
2.52545
2.46224
2.40087
2.34749
2.30383
2.27085
2.25341
2.25071
2.26312
2.28457
2.30406
2.31231
2.29518
2.24995
2.18075
2.10018
2.02444
1.96641
1.93451
1.93397
1.96156
2.01411
2.08072
2.14923
2.20623
2.24336
2.26773
2.28809
2.31613
2.35726
2.41092
2.47463
2.53974
2.60107
2.64497
2.67232
2.67882
2.67089
2.65899
2.64897
2.64748
2.65133
2.64648
2.62448
2.57069
2.48237
2.36725
2.23543
2.09976
1.97297
1.86342
1.77596
1.71666
1.68123
1.6668
1.67027
1.69612
1.7353
1.78818
1.83365
1.85779
1.85062
1.81952
1.78109
1.7535
1.74904
1.7746
1.82709
1.90198
1.98577
2.07179
2.14386
2.19719
2.23019
2.24253
2.24391
2.24269
2.24932
2.27321
2.32351
2.4015
2.50599
2.63784
2.78387
2.93897
3.0828
3.20121
3.27389
3.28889
3.23587
3.11751
2.94412
2.73741
2.52052
2.32054
2.15324
2.03319
1.96442
1.93795
1.94486
1.97722
2.02895
2.08972
2.15951
2.22822
2.2935
2.35203
2.38786
2.38849
2.34385
2.25945
2.1591
2.06302
1.9852
1.93085
1.90399
1.89864
1.92267
1.97407
2.05048
2.1398
2.23387
2.31691
2.37036
2.38492
2.36287
2.30652
2.2254
2.13246
2.03703
1.94799
1.8713
1.81523
1.78439
1.7791
1.79764
1.83783
1.89705
1.96762
2.04432
2.11461
2.17032
2.20292
2.2074
2.19071
2.15713
2.10766
2.04886
1.9802
1.90321
1.81806
1.72583
1.6337
1.54916
1.47943
1.43635
1.42599
1.45638
1.52039
1.60902
1.70987
1.81202
1.91772
2.02901
2.14599
2.26552
2.38074
2.47607
2.5396
2.55905
2.54009
2.49899
2.45165
2.40723
2.37518
2.35496
2.34585
2.34442
2.34782
2.34786
2.34633
2.33912
2.32438
2.30204
2.27007
2.23226
2.19186
2.15885
2.14164
2.14392
2.16875
2.21575
2.28491
2.36949
2.46076
2.54553
2.61791
2.66985
2.70111
2.70963
2.6921
2.65454
2.59853
2.5294
2.45016
2.36399
2.27458
2.18861
2.11067
2.04372
1.98883
1.95027
1.92632
1.92305
1.93859
1.9708
2.0141
2.05907
2.09832
2.12449
2.12997
2.11811
2.09241
2.06482
2.04192
2.03188
2.03703
2.06432
2.11676
2.19015
2.28494
2.38656
2.48132
2.54991
2.58074
2.57029
2.52474
2.46313
2.41137
2.3857
2.39084
2.42822
2.48901
2.57132
2.66968
2.78252
2.90695
3.03806
3.16678
3.28232
3.3751
3.43606
3.45428
3.43482
3.38353
3.31025
3.21905
3.11063
2.98683
2.84927
2.71318
2.58785
2.48563
2.40897
2.35397
2.3134
2.27925
2.24734
2.21665
2.19066
2.17302
2.16768
2.17054
2.17727
2.18094
2.17301
2.14238
2.08549
2.00528
1.91095
1.8085
1.71285
1.63569
1.5871
1.57593
1.60319
1.6629
1.73883
1.81917
1.89122
1.94868
1.99133
2.02163
2.04232
2.06272
2.08437
2.1077
2.12875
2.13923
2.13041
2.10331
2.0564
1.99583
1.93722
1.88881
1.86604
1.87893
1.92958
2.00929
2.10615
2.21137
2.30857
2.38351
2.42814
2.43791
2.42662
2.41774
2.42727
2.47126
2.54275
2.62829
2.71222
2.77627
2.81164
2.81584
2.79508
2.75477
2.70128
2.63411
2.55592
2.47666
2.40281
2.33279
2.26585
2.19893
2.13667
2.07668
2.02778
1.992
1.97057
1.9697
1.9932
2.03761
2.10229
2.1805
2.26324
2.34672
2.422
2.48189
2.52486
2.54513
2.54456
2.52298
2.4874
2.4388
2.39261
2.35779
2.34863
2.37864
2.45036
2.54796
2.656
2.7488
2.80643
2.82304
2.798
2.73685
2.64453
2.52916
2.39655
2.25609
2.11269
1.96931
1.8359
1.72768
1.65467
1.62461
1.6407
1.69612
1.77889
1.87128
1.96406
2.04248
2.10053
2.13782
2.15597
2.16399
2.166
2.16708
2.17394
2.18562
2.20849
2.23378
2.25646
2.27101
2.2707
2.26141
2.24542
2.22831
2.2084
2.18391
2.14149
2.08216
2.00736
1.91979
1.83015
1.74687
1.67286
1.6134
1.57037
1.55194
1.55868
1.59121
1.65212
1.73717
1.83802
1.92308
1.98578
2.02354
2.04143
2.04566
2.0497
2.06243
2.08189
2.10732
2.12738
2.13486
2.1232
2.0941
2.05166
2.00571
1.96253
1.92856
1.8977
1.8716
1.84743
1.81942
1.79351
1.76528
1.73051
1.69001
1.63749
1.57454
1.50451
1.43779
1.38643
1.35787
1.35707
1.38304
1.43027
1.49519
1.56739
1.63458
1.68851
1.71347
1.7043
1.6575
1.58138
1.48425
1.37941
1.2756
1.18327
1.10853
1.05555
1.02894
1.03121
1.05919
1.10924
1.17867
1.25903
1.34523
1.43134
1.50715
1.5723
1.62101
1.6538
1.67005
1.67219
1.66966
1.67
1.68106
1.7077
1.74489
1.79188
1.84278
1.89221
1.94401
1.99913
2.06017
2.12373
2.18307
2.22992
2.26319
2.28595
2.30626
2.33186
2.36483
2.39477
2.4104
2.40162
2.36443
2.30461
2.23244
2.15665
2.08963
2.03966
2.01046
1.99707
1.98757
1.97083
1.93754
1.88555
1.82338
1.76138
1.70882
1.67478
1.65449
1.64179
1.63169
1.61835
1.60857
1.60769
1.6222
1.6617
1.72955
1.83437
1.98063
2.16581
2.36711
2.54357
2.65824
2.7024
2.69031
2.64444
2.58177
2.52084
2.47388
2.44107
2.40076
2.3302
2.23284
2.14247
2.09249
2.08745
2.11617
2.15619
2.18477
2.19367
2.16721
2.10781
2.0178
1.91171
1.80857
1.72645
1.68133
1.681
1.72489
1.80721
1.92067
2.04909
2.17927
2.29687
2.38619
2.44001
2.45961
2.45352
2.43369
2.41162
2.39343
2.37685
2.36114
2.33966
2.30684
2.267
2.22653
2.18643
2.1443
2.09529
2.0278
1.93716
1.82414
1.70665
1.60315
1.52834
1.48792
1.47996
1.4988
1.53995
1.59745
1.66937
1.75886
1.86079
1.97451
2.09213
2.20729
2.31075
2.39314
2.4504
2.4733
2.45733
2.40062
2.31234
2.20399
2.09536
2.00591
1.94828
1.93189
1.95828
2.01679
2.09569
2.18138
2.25884
2.32299
2.37268
2.41547
2.44978
2.47399
2.48303
2.46681
2.43069
2.37492
2.31187
2.24214
2.16637
2.07922
1.97708
1.86567
1.75324
1.64994
1.55848
1.48355
1.43174
1.40672
1.40834
1.43048
1.46963
1.51985
1.5811
1.65203
1.73176
1.82119
1.91448
2.00331
2.08255
2.14771
2.20282
2.25417
2.31125
2.38159
2.46722
2.56802
2.67327
2.76928
2.83494
2.85157
2.81264
2.71938
2.59306
2.46043
2.34296
2.25264
2.19016
2.14877
2.1191
2.08947
2.0481
1.99965
1.94411
1.89333
1.85296
1.82664
1.80595
1.78692
1.76446
1.73154
1.68874
1.63824
1.58708
1.55387
1.55194
1.59284
1.68122
1.81243
1.97627
2.15294
2.31477
2.43823
2.50763
2.52926
2.52423
2.51127
2.50246
2.50109
2.5042
2.50531
2.50035
2.48169
2.45099
2.40601
2.34835
2.28594
2.22017
2.15162
2.07617
1.98723
1.88731
1.78648
1.69923
1.63265
1.58977
1.56892
1.56321
1.56708
1.57282
1.58123
1.59742
1.62467
1.66258
1.7057
1.75056
1.79049
1.82491
1.8516
1.86651
1.87394
1.87873
1.88341
1.89247
1.90657
1.92891
1.96667
2.02433
2.10289
2.18529
2.24958
2.27432
2.25922
2.21221
2.15034
2.08799
2.04245
2.01852
2.01534
2.02478
2.03931
2.05056
2.05746
2.06041
2.0674
2.08691
2.12469
2.18327
2.26405
2.35692
2.44316
2.50874
2.53383
2.51631
2.46288
2.38144
2.28703
2.19299
2.10829
2.04189
1.99325
1.96249
1.94753
1.94965
1.96382
1.98714
2.01485
2.04637
2.07274
2.08738
2.09063
2.07756
2.05018
2.01257
1.97206
1.93127
1.9038
1.89274
1.89536
1.91005
1.92641
1.93859
1.93695
1.92133
1.88993
1.84673
1.79321
1.73298
1.66846
1.60755
1.56
1.53415
1.53592
1.56317
1.61462
1.68689
1.76367
1.84038
1.90592
1.95641
1.98335
1.98399
1.95885
1.91665
1.86976
1.82619
1.79659
1.78323
1.78367
1.79335
1.81225
1.83674
1.86856
1.90625
1.94422
1.98439
2.01593
2.03514
2.03688
2.02094
1.99899
1.97684
1.96905
1.97795
2.00624
2.04834
2.09502
2.12375
2.12893
2.10595
2.0596
1.99838
1.92871
1.85767
1.78862
1.72151
1.66441
1.61813
1.58538
1.56945
1.56802
1.57767
1.59053
1.60411
1.61023
1.60083
1.57574
1.5359
1.48947
1.44945
1.42445
1.42141
1.43807
1.47346
1.5223
1.57049
1.61158
1.63587
1.63899
1.62775
1.60355
1.57687
1.56332
1.56892
1.60497
1.6674
1.75032
1.84221
1.92805
1.9967
2.05254
2.09949
2.13781
2.16171
2.16211
2.1363
2.09553
2.0582
2.03498
2.02782
2.03221
2.04047
2.0516
2.06528
2.08699
2.12089
2.17343
2.23589
2.29145
2.31841
2.30182
2.23797
2.14314
2.0348
1.92553
1.82275
1.72903
1.64439
1.57221
1.5119
1.46897
1.44261
1.43762
1.45492
1.49208
1.54587
1.61667
1.69365
1.76693
1.82737
1.8672
1.88595
1.89384
1.90281
1.921
1.95271
1.99655
2.04365
2.08585
2.11947
2.13997
2.15574
2.17085
2.1915
2.22707
2.27944
2.3431
2.40515
2.45427
2.48015
2.48029
2.46794
2.45562
2.45093
2.4616
2.48398
2.51729
2.5583
2.60197
2.63953
2.66379
2.67166
2.66204
2.63978
2.60852
2.57168
2.52805
2.48397
2.43706
2.3872
2.34127
2.30066
2.26979
2.25298
2.25852
2.28601
2.33066
2.38233
2.4302
2.46537
2.48409
2.48679
2.4711
2.4419
2.40195
2.36075
2.3284
2.30707
2.30499
2.32815
2.37827
2.44654
2.52827
2.60855
2.67211
2.69824
2.68304
2.63108
2.5632
2.49456
2.43067
2.37432
2.31565
2.24727
2.16573
2.06857
1.96599
1.8676
1.7832
1.72349
1.68955
1.68522
1.70009
1.72871
1.76623
1.80134
1.8227
1.82447
1.80038
1.75118
1.68232
1.60068
1.51781
1.44675
1.39342
1.36048
1.35161
1.3664
1.40388
1.46358
1.5425
1.63869
1.74237
1.85105
1.95363
2.04617
2.1203
2.17397
2.21682
2.24672
2.26117
2.24642
2.19701
2.12202
2.03733
1.95829
1.89604
1.84464
1.79476
1.7372
1.66867
1.59273
1.52096
1.46445
1.43424
1.43826
1.48193
1.56128
1.67128
1.80033
1.9344
2.0567
2.15699
2.23054
2.27904
2.29895
2.29158
2.25857
2.19665
2.10509
1.98482
1.83844
1.67668
1.50979
1.35512
1.22925
1.14538
1.11396
1.14108
1.22289
1.34841
1.50346
1.67834
1.85385
2.03025
2.20284
2.37112
2.52812
2.66924
2.78822
2.88073
2.93906
2.96226
2.94652
2.89847
2.82686
2.73838
2.65212
2.57336
2.50973
2.46819
2.44218
2.42347
2.4017
2.36152
2.30421
2.23336
2.15813
2.08655
2.02369
1.97405
1.93868
1.91934
1.91433
1.91956
1.92575
1.9274
1.91559
1.88656
1.83904
1.77928
1.70408
1.62239
1.54436
1.48533
1.45806
1.47818
1.54464
1.65161
1.78977
1.94283
2.08999
2.21525
2.29504
2.32388
2.29819
2.23176
2.13551
2.02217
1.90596
1.7923
1.68596
1.59572
1.53077
1.49529
1.49492
1.52397
1.57313
1.62805
1.67897
1.71254
1.73435
1.74362
1.74537
1.74736
1.75333
1.76462
1.78508
1.81093
1.8397
1.87071
1.90786
1.95231
2.0043
2.05982
2.11679
2.1628
2.19282
2.20105
2.19025
2.15992
2.11611
2.06188
2.00258
1.94197
1.88513
1.83739
1.80537
1.78894
1.79077
1.80482
1.8253
1.84906
1.87049
1.89091
1.90931
1.9276
1.9454
1.95892
1.9645
1.96463
1.95965
1.94817
1.93527
1.92431
1.91914
1.91685
1.91634
1.91235
1.90347
1.88266
1.85115
1.81274
1.77083
1.72522
1.67565
1.62147
1.5657
1.51567
1.482
1.47262
1.4911
1.54259
1.61976
1.7193
1.8247
1.93066
2.0263
2.09812
2.14467
2.16027
2.15837
2.14614
2.1349
2.12981
2.13318
2.13395
2.12629
2.10442
2.06413
2.01137
1.95101
1.897
1.85333
1.82684
1.81387
1.81068
1.81256
1.81742
1.83046
1.85921
1.90343
1.96165
2.02809
2.09721
2.16468
2.22422
2.26234
2.26684
2.23113
2.15861
2.05964
1.95008
1.84347
1.75441
1.68807
1.64498
1.61649
1.59231
1.56431
1.52656
1.47937
1.42962
1.38739
1.35786
1.34775
1.36098
1.39535
1.44516
1.50631
1.57125
1.6349
1.69189
1.74045
1.77947
1.80309
1.81078
1.80397
1.78455
1.75833
1.72985
1.69486
1.6532
1.6078
1.5606
1.52005
1.49473
1.49412
1.52075
1.57129
1.64068
1.71432
1.78367
1.83816
1.87529
1.89996
1.91444
1.93147
1.95637
1.98725
2.01973
2.03942
2.04378
2.03624
2.0305
2.04456
2.08561
2.14328
2.19316
2.2057
2.17234
2.10951
2.03885
1.98028
1.94172
1.9329
1.94603
1.97633
2.01309
2.05484
2.10005
2.14973
2.20762
2.27545
2.34586
2.40992
2.45778
2.48596
2.48777
2.46651
2.42423
2.36531
2.29905
2.229
2.16452
2.11143
2.07668
2.06464
2.07229
2.09348
2.11673
2.137
2.14164
2.12825
2.09966
2.06369
2.03294
2.01683
2.02511
2.0626
2.12597
2.21272
2.30659
2.39019
2.44842
2.4755
2.47441
2.45137
2.42211
2.39711
2.3792
2.37406
2.37949
2.39309
2.41319
2.438
2.46279
2.48697
2.50438
2.50383
2.48658
2.44686
2.38855
2.31033
2.21189
2.09594
1.97693
1.8695
1.78402
1.72417
1.68816
1.67429
1.68256
1.70704
1.74809
1.79804
1.85055
1.90357
1.95255
1.98696
1.99974
1.9868
1.95666
1.9173
1.88703
1.8816
1.91062
1.97462
2.06803
2.1744
2.27742
2.35652
2.40474
2.42197
2.42201
2.41316
2.41038
2.4191
2.44673
2.48597
2.53413
2.5801
2.61408
2.63105
2.63008
2.61025
2.56875
2.50764
2.4288
2.33906
2.24805
2.1638
2.09481
2.03879
1.99526
1.95869
1.93016
1.90726
1.89264
1.89158
1.90916
1.94685
1.99348
2.04612
2.09807
2.14081
2.17229
2.18386
2.18035
2.15986
2.12915
2.09289
2.05341
2.01097
1.96577
1.91726
1.8666
1.82022
1.78025
1.76018
1.76592
1.79958
1.85749
1.93444
2.01726
2.08931
2.13749
2.1541
2.13858
2.09629
2.02832
1.94086
1.83979
1.73617
1.63827
1.55228
1.48417
1.43482
1.40427
1.3889
1.39236
1.42175
1.483
1.57908
1.70497
1.8498
2.00266
2.1538
2.30233
2.4439
2.57373
2.68609
2.77502
2.83918
2.87541
2.88877
2.88501
2.87089
2.85081
2.82785
2.80307
2.77785
2.74853
2.71484
2.67405
2.63124
2.58213
2.53414
2.49224
2.45963
2.43558
2.41078
2.3823
2.34234
2.28843
2.22213
2.14485
2.06503
1.98587
1.91652
1.85892
1.81416
1.78269
1.76395
1.7527
1.75286
1.75943
1.77541
1.80028
1.82967
1.86041
1.88874
1.91433
1.93482
1.94724
1.95016
1.94486
1.9352
1.92419
1.91418
1.90402
1.89133
1.87073
1.84537
1.82038
1.80305
1.8024
1.82672
1.87621
1.94357
2.02015
2.09144
2.14754
2.17718
2.18456
2.17113
2.14483
2.11058
2.07467
2.03302
1.98506
1.93011
1.86701
1.79327
1.71563
1.63254
1.54364
1.45483
1.37289
1.30553
1.26324
1.25353
1.28565
1.357
1.46507
1.60328
1.75726
1.91458
2.05905
2.18011
2.27104
2.32205
2.34047
2.33164
2.30515
2.27343
2.2395
2.20397
2.16727
2.12836
2.08701
2.04265
1.99966
1.95955
1.92665
1.90294
1.89055
1.88424
1.88038
1.87555
1.864
1.84508
1.8146
1.77047
1.7122
1.64367
1.56885
1.4961
1.43227
1.38249
1.35081
1.33813
1.34563
1.37195
1.41275
1.4632
1.51609
1.56667
1.60488
1.63062
1.64452
1.65648
1.6721
1.70097
1.75055
1.81892
1.90169
1.99836
2.10432
2.20459
2.28586
2.32889
2.32287
2.26259
2.15446
2.01589
1.86179
1.7071
1.56278
1.43922
1.33968
1.27221
1.23458
1.23295
1.26611
1.33264
1.43013
1.55382
1.69501
1.83889
1.97112
2.08105
2.15593
2.19455
2.2053
2.19425
2.1767
2.15884
2.13772
2.10867
2.0646
2.00177
1.92659
1.84468
1.772
1.71559
1.68095
1.66872
1.67559
1.69088
1.70454
1.71134
1.70631
1.68971
1.66866
1.64992
1.63401
1.6295
1.63851
1.66207
1.70018
1.75072
1.80662
1.86113
1.90129
1.92071
1.91786
1.90068
1.87696
1.86066
1.86479
1.89499
1.95573
2.03416
2.11659
2.18789
2.23628
2.26168
2.26871
2.25174
2.20625
2.13545
2.04335
1.94818
1.86858
1.82102
1.81425
1.85188
1.92695
2.02906
2.14231
2.24423
2.3132
2.33364
2.30513
2.2277
2.11762
1.98778
1.84775
1.70622
1.57984
1.47184
1.3893
1.33207
1.2963
1.27365
1.25215
1.22911
1.20344
1.17987
1.16706
1.17175
1.20027
1.25085
1.32033
1.40426
1.49466
1.58293
1.65958
1.71598
1.74336
1.74543
1.72854
1.70919
1.6971
1.70136
1.72263
1.76028
1.81246
1.87721
1.95327
2.04249
2.14127
2.24766
2.34587
2.4196
2.456
2.45928
2.43905
2.40848
2.37379
2.33994
2.30929
2.27916
2.25248
2.22674
2.20164
2.17463
2.15052
2.13739
2.14578
2.17889
2.23445
2.30547
2.3769
2.43775
2.47913
2.50119
2.50746
2.51112
2.52463
2.5551
2.60398
2.67325
2.75665
2.84336
2.92381
2.98428
3.01345
3.00424
2.96125
2.88709
2.80103
2.71361
2.63561
2.57656
2.53952
2.52203
2.51879
2.52185
2.52056
2.50907
2.48332
2.44299
2.38899
2.32579
2.26067
2.19957
2.15212
2.12522
2.12349
2.14329
2.18576
2.23534
2.28763
2.33149
2.36055
2.37781
2.38478
2.39082
2.39695
2.40715
2.41519
2.41494
2.40299
2.37725
2.34419
2.31087
2.2854
2.26813
2.26084
2.25339
2.23824
2.21095
2.17476
2.13371
2.09818
2.07573
2.06332
2.06234
2.06946
2.09007
2.12675
2.18369
2.26073
2.34122
2.40405
2.41131
2.34209
2.20156
2.02418
1.84418
1.6967
1.59755
1.55673
1.57603
1.65371
1.77192
1.91468
2.05646
2.17514
2.25357
2.28258
2.26695
2.21589
2.1387
2.05082
1.96523
1.88741
1.82003
1.76519
1.71544
1.6639
1.6181
1.58332
1.56416
1.56543
1.58099
1.60566
1.6375
1.67129
1.702
1.72788
1.73874
1.73163
1.69891
1.64577
1.58638
1.53959
1.52434
1.54956
1.61051
1.69834
1.79761
1.89338
1.97242
2.02255
2.04222
2.04209
2.0345
2.03286
2.04153
2.06589
2.1058
2.15318
2.20087
2.24357
2.27176
2.2811
2.26592
2.23198
2.18231
2.12636
2.06878
2.01791
1.97001
1.92861
1.89391
1.87456
1.87123
1.88836
1.91776
1.95302
1.98499
2.00603
2.01166
1.99979
1.97512
1.94338
1.90322
1.86221
1.82242
1.78078
1.73912
1.69626
1.65741
1.63446
1.63103
1.65342
1.7076
1.78433
1.87466
1.9628
2.03203
2.07666
2.09801
2.09617
2.0771
2.04529
2.00761
1.97134
1.93988
1.91222
1.88819
1.86426
1.8416
1.82434
1.81957
1.8294
1.85955
1.91071
1.97481
2.03903
2.09177
2.12786
2.15038
2.16362
2.17557
2.19153
2.21076
2.23558
2.26099
2.2877
2.30696
2.31252
2.30139
2.27589
2.23561
2.18424
2.11962
2.04599
1.9682
1.89364
1.82681
1.77516
1.74015
1.72602
1.72861
1.74617
1.77541
1.81311
1.85375
1.89383
1.93116
1.95989
1.97413
1.97604
1.96815
1.95383
1.93937
1.93041
1.92556
1.91794
1.90636
1.89135
1.86724
1.83067
1.77686
1.70642
1.63151
1.55848
1.50066
1.46623
1.45801
1.48317
1.54133
1.62926
1.73744
1.85032
1.9498
2.02738
2.0816
2.11098
2.11371
2.08913
2.04243
1.98878
1.93505
1.89087
1.85633
1.83118
1.81004
1.79498
1.77819
1.75908
1.74166
1.72439
1.70562
1.68847
1.67613
1.67031
1.67295
1.68582
1.70578
1.73296
1.76537
1.80142
1.84163
1.88467
1.92724
1.96868
2.00544
2.04153
2.07385
2.10029
2.11637
2.11967
2.10768
2.07869
2.04332
2.00609
1.97867
1.97017
1.98338
2.01566
2.06225
2.11244
2.1612
2.20256
2.23346
2.24612
2.23411
2.20043
2.14755
2.09154
2.04545
2.01893
2.01958
2.04077
2.06947
2.09185
2.09533
2.07994
2.05127
2.02066
1.99716
1.98562
1.97181
1.93931
1.88578
1.83523
1.81157
1.82556
1.87158
1.93609
2.00748
2.07657
2.14019
2.20128
2.2616
2.32186
2.37657
2.41926
2.43863
2.426
2.38236
2.31457
2.23888
2.16868
2.11337
2.0799
2.06483
2.06603
2.08634
2.12114
2.16796
2.22504
2.28186
2.3339
2.37559
2.40328
2.41693
2.41019
2.37313
2.3042
2.20504
2.07954
1.94206
1.80868
1.69081
1.60143
1.54467
1.51814
1.51897
1.5399
1.57226
1.60803
1.649
1.68793
1.72492
1.75932
1.78784
1.80757
1.81234
1.80828
1.79978
1.78886
1.77369
1.75166
1.71644
1.66639
1.60472
1.53934
1.48111
1.43795
1.41781
1.42303
1.45234
1.49953
1.55396
1.60978
1.65833
1.69991
1.73565
1.76729
1.79619
1.82706
1.85866
1.89309
1.9197
1.9427
1.95699
1.96595
1.96545
1.95509
1.93117
1.89469
1.85126
1.80715
1.77151
1.74544
1.7307
1.72338
1.72229
1.72436
1.72818
1.73098
1.735
1.73852
1.73937
1.7393
1.73869
1.74026
1.75305
1.7787
1.8204
1.87518
1.94112
2.01154
2.08115
2.14482
2.20161
2.25308
2.30632
2.3598
2.40635
2.44125
2.45096
2.42627
2.36465
2.28272
2.1999
2.13528
2.10161
2.10103
2.13223
2.18369
2.25155
2.32524
2.39133
2.44159
2.46664
2.45889
2.41542
2.34116
2.24683
2.14402
2.04726
1.96412
1.90221
1.86525
1.84979
1.85695
1.87731
1.90483
1.93095
1.94812
1.95637
1.96147
1.96506
1.9669
1.9649
1.95747
1.94479
1.93038
1.91993
1.92184
1.93835
1.97291
2.01955
2.07523
2.13414
2.1953
2.25681
2.31507
2.37282
2.42963
2.48232
2.53195
2.5764
2.61053
2.63208
2.63843
2.62182
2.58285
2.52668
2.45929
2.38885
2.32877
2.28573
2.25984
2.24879
2.2463
2.24011
2.2181
2.17019
2.09348
1.9882
1.86991
1.75417
1.65648
1.58438
1.53779
1.51288
1.50515
1.50603
1.51802
1.54091
1.57227
1.61939
1.68446
1.76996
1.87511
1.99072
2.10642
2.21113
2.29299
2.34427
2.3601
2.33887
2.28068
2.19166
2.07659
1.95023
1.82282
1.7089
1.61917
1.55823
1.53315
1.54569
1.58937
1.66075
1.75077
1.85174
1.9519
2.03966
2.10488
2.14493
2.16024
2.1525
2.12729
2.09447
2.05416
2.00992
1.96014
1.90939
1.86166
1.82251
1.79651
1.78742
1.79937
1.82404
1.8517
1.87167
1.88763
1.90268
1.93417
1.99158
2.08278
2.19597
2.32402
2.44956
2.55878
2.64339
2.70044
2.72911
2.72787
2.69633
2.63545
2.54849
2.43604
2.30452
2.16173
2.01975
1.88617
1.77318
1.68936
1.63747
1.61374
1.61749
1.64194
1.67914
1.72003
1.75325
1.77428
1.78267
1.78826
1.79936
1.82351
1.86392
1.92194
1.99543
2.08854
2.18899
2.28669
2.36349
2.40391
2.38907
2.30847
2.16807
1.99014
1.80565
1.64341
1.52556
1.46643
1.46653
1.52762
1.63464
1.77142
1.91439
2.03808
2.11922
2.14566
2.11333
2.03444
1.92199
1.78786
1.6442
1.49455
1.34383
1.19423
1.05615
0.935966
0.843541
0.780709
0.749566
0.750298
0.778372
0.827912
0.893213
0.966478
1.0386
1.10477
1.15735
1.19361
1.21369
1.2166
1.21131
1.19935
1.19424
1.20302
1.23273
1.27865
1.33357
1.38011
1.40876
1.4154
1.40674
1.39478
1.39276
1.41208
1.45334
1.51723
1.59914
1.69147
1.78759
1.88161
1.96887
2.04924
2.12577
2.19926
2.28204
2.35308
2.40977
2.44293
2.45015
2.43182
2.39395
2.34818
2.3007
2.25581
2.21581
2.1818
2.14535
2.10305
2.04545
1.96837
1.87962
1.79599
1.73954
1.7209
1.73265
1.76171
1.78568
1.79913
1.79907
1.79282
1.78917
1.80354
1.84228
1.90845
1.99785
2.09329
2.18599
2.26035
2.3146
2.3492
2.37103
2.38476
2.38898
2.3865
2.37463
2.36184
2.349
2.34667
2.35709
2.38308
2.42441
2.47914
2.53926
2.59632
2.6414
2.66244
2.65382
2.61302
2.54732
2.4674
2.38556
2.31364
2.26098
2.22246
2.19422
2.17068
2.15173
2.14164
2.14673
2.17466
2.23176
2.31726
2.42701
2.54552
2.65379
2.73421
2.77834
2.7813
2.75357
2.70945
2.6584
2.61503
2.58577
2.57426
2.58361
2.60885
2.64874
2.69228
2.73748
2.77884
2.8117
2.82871
2.82828
2.80185
2.7503
2.67978
2.60173
2.52362
2.45553
2.40435
2.37672
2.37419
2.39819
2.44246
2.49804
2.54594
2.56498
2.54609
2.49547
2.42002
2.33188
2.23728
2.14579
2.06535
2.00305
1.9632
1.95456
1.97387
2.02028
2.08772
2.17174
2.27162
2.3827
2.4992
2.61311
2.70551
2.76567
2.79121
2.7814
2.75223
2.71707
2.68926
2.67508
2.67379
2.68614
2.70569
2.7324
2.75816
2.77836
2.77808
2.74411
2.66996
2.5675
2.46246
2.37338
2.31193
2.27964
2.26792
2.26926
2.27421
2.2806
2.28854
2.30345
2.31978
2.33452
2.33733
2.31974
2.27307
2.19307
2.08391
1.94982
1.80397
1.65713
1.51931
1.40162
1.30869
1.24596
1.21609
1.21931
1.25249
1.3108
1.38652
1.47322
1.56028
1.63956
1.70609
1.75217
1.78315
1.80706
1.83396
1.8772
1.94617
2.04601
2.17229
2.3039
2.41908
2.49294
2.50788
2.4666
2.37839
2.26127
2.134
2.00876
1.90012
1.81528
1.757
1.72823
1.7257
1.74696
1.79326
1.8559
1.93213
2.01484
2.09755
2.17383
2.23768
2.2879
2.31444
2.31138
2.281
2.22575
2.15849
2.09183
2.03854
2.01037
2.01192
2.04477
2.10378
2.17717
2.25065
2.31439
2.35992
2.37991
2.3752
2.34933
2.30779
2.26165
2.22261
2.19381
2.17776
2.17557
2.19406
2.23361
2.30308
2.40143
2.52468
2.64932
2.75704
2.82231
2.83198
2.78911
2.70223
2.5849
2.4511
2.31687
2.19426
2.09931
2.04095
2.01965
2.03191
2.07361
2.1353
2.20397
2.26996
2.32693
2.36859
2.4004
2.42689
2.46409
2.51679
2.58898
2.67485
2.76756
2.85362
2.92321
2.97346
3.00461
3.02305
3.03104
3.03783
3.03476
3.0237
2.99253
2.9426
2.8778
2.81847
2.77589
2.75273
2.74987
2.7563
2.7672
2.77826
2.78411
2.78185
2.77655
2.76532
2.75612
2.74609
2.72639
2.68568
2.6222
2.53771
2.44695
2.35762
2.27969
2.21172
2.1568
2.10966
2.06948
2.03596
2.01253
1.99765
1.98918
1.99424
2.02139
2.07811
2.16599
2.27374
2.37974
2.46096
2.49339
2.47216
2.40156
2.29731
2.17724
2.06304
1.96444
1.89601
1.8606
1.86088
1.88538
1.92443
1.96546
2.00444
2.04848
2.10121
2.153
2.201
2.24087
2.26952
2.28345
2.28192
2.26818
2.24433
2.21563
2.18751
2.16056
2.1365
2.11923
2.10603
2.09634
2.09077
2.08351
2.07526
2.06913
2.07295
2.09011
2.13044
2.19743
2.29148
2.40478
2.53319
2.66837
2.80074
2.92023
3.01598
3.07889
3.10598
3.10122
3.07312
3.03442
2.98839
2.93084
2.85739
2.76045
2.63906
2.49787
2.35951
2.23682
2.14657
2.09758
2.09016
2.1194
2.17226
2.22666
2.2643
2.26962
2.24294
2.19262
2.13655
2.08451
2.04379
2.01849
2.00715
2.01501
2.04057
2.08698
2.1458
2.21803
2.29849
2.38404
2.47008
2.55502
2.63345
2.69603
2.7373
2.75343
2.74453
2.71869
2.67454
2.61548
2.5394
2.44827
2.34228
2.22736
2.11028
2.00297
1.91107
1.84019
1.7944
1.77234
1.7742
1.80277
1.86264
1.95572
2.07336
2.19824
2.30187
2.35641
2.34016
2.25946
2.13695
2.00354
1.87765
1.77763
1.71372
1.6867
1.6916
1.72118
1.76603
1.82049
1.87685
1.93361
1.98226
2.01516
2.02472
2.00224
1.9538
1.8887
1.82259
1.77256
1.75132
1.76342
1.81299
1.89935
2.02375
2.18205
2.36812
2.56847
2.76239
2.9261
3.03552
3.07489
3.04466
2.96341
2.86433
2.77319
2.70886
2.6791
2.68244
2.71453
2.75865
2.80391
2.83452
2.83881
2.81392
2.75608
2.67626
2.58724
2.50005
2.424
2.36405
2.3181
2.28486
2.26115
2.24176
2.22718
2.21592
2.20978
2.20837
2.20667
2.2019
2.19615
2.1852
2.1687
2.15325
2.13964
2.13305
2.13743
2.14988
2.16723
2.1878
2.20386
2.21131
2.20803
2.18693
2.14855
2.09266
2.01988
1.93386
1.8421
1.75149
1.67299
1.61009
1.5656
1.54688
1.55243
1.5814
1.63432
1.70762
1.79563
1.89469
2.00092
2.10507
2.20536
2.28776
2.34769
2.37937
2.37385
2.33198
2.26031
2.16959
2.07425
1.99457
1.94054
1.91965
1.92719
1.95292
1.98786
2.02325
2.05183
2.06238
2.04723
2.00609
1.95134
1.90314
1.87231
1.86783
1.89315
1.94436
2.01119
2.08776
2.16257
2.23103
2.28923
2.33532
2.36418
2.37557
2.36896
2.3464
2.31044
2.26664
2.216
2.16474
2.12087
2.08786
2.06965
2.06565
2.07699
2.10689
2.15844
2.23153
2.31643
2.39759
2.4588
2.49187
2.50347
2.5047
2.49913
2.49412
2.48585
2.46984
2.44455
2.40569
2.36211
2.32132
2.29673
2.30629
2.36702
2.4838
2.64977
2.84365
3.03685
3.19369
3.28025
3.27983
3.18508
3.00438
2.75927
2.47499
2.1732
1.87729
1.60437
1.36471
1.17319
1.03273
0.94833
0.927608
0.965491
1.05883
1.18926
1.33787
1.48159
1.61154
1.72929
1.84135
1.9459
2.02713
2.07576
2.08305
2.04909
1.97764
1.87575
1.75738
1.6317
1.51449
1.42074
1.36203
1.34596
1.37169
1.44058
1.54679
1.67403
1.81855
1.96784
2.11133
2.23889
2.34067
2.40821
2.43024
2.4075
2.34211
2.24288
2.12931
2.01536
1.91192
1.82004
1.74155
1.67711
1.6314
1.61248
1.62938
1.68354
1.76787
1.86479
1.96263
2.04709
2.11432
2.16948
2.2153
2.25738
2.28893
2.30648
2.31716
2.32169
2.33134
2.3499
2.36922
2.38395
2.3861
2.37105
2.33991
2.29842
2.24723
2.18875
2.13048
2.07403
2.01729
1.95967
1.89497
1.82528
1.75578
1.69366
1.64808
1.62135
1.61198
1.62311
1.64538
1.6725
1.693
1.69881
1.68535
1.66596
1.64785
1.64289
1.65283
1.67979
1.71058
1.73603
1.75129
1.75691
1.7544
1.7501
1.73744
1.71067
1.66195
1.59685
1.53007
1.4806
1.46745
1.50579
1.59161
1.7293
1.90232
2.09686
2.2928
2.47519
2.63519
2.76769
2.87114
2.94818
2.99773
3.02461
3.02762
3.01204
2.97467
2.92267
2.85574
2.76873
2.66847
2.5546
2.43324
2.31424
2.20844
2.12603
2.07555
2.05859
2.07083
2.10413
2.15063
2.20826
2.26734
2.31666
2.35012
2.36382
2.35331
2.31543
2.2514
2.1614
2.05238
1.93546
1.82976
1.74957
1.69798
1.67577
1.67909
1.70492
1.74639
1.80104
1.8632
1.92977
1.99332
2.0424
2.07203
2.06552
2.01816
1.92372
1.7955
1.65131
1.51905
1.42524
1.39076
1.41183
1.46953
1.53535
1.58767
1.61193
1.61746
1.62338
1.64494
1.69258
1.76455
1.85393
1.94306
2.00847
2.03625
2.02589
1.99484
1.95801
1.9274
1.90711
1.88682
1.85091
1.79199
1.71068
1.61139
1.50691
1.40965
1.32909
1.27001
1.23657
1.22439
1.23344
1.26406
1.31364
1.38997
1.49415
1.62577
1.78092
1.94995
2.1167
2.2666
2.39
2.47609
2.51956
2.53081
2.5195
2.49444
2.45757
2.4032
2.33809
2.26674
2.1987
2.13724
2.07496
2.01079
1.94409
1.87794
1.82014
1.78181
1.76526
1.77185
1.79335
1.82627
1.86349
1.90473
1.94908
1.99872
2.06342
2.14749
2.25161
2.36078
2.45876
2.52389
2.55284
2.5546
2.54146
2.52687
2.52334
2.53693
2.56722
2.60976
2.65254
2.68377
2.68526
2.64705
2.56709
2.45505
2.32518
2.19719
2.08599
2.01047
1.98134
2.00721
2.08936
2.22269
2.38437
2.54463
2.68031
2.77696
2.83696
2.86449
2.85677
2.80811
2.71716
2.58175
2.41743
2.24504
2.08585
1.9544
1.8593
1.79968
1.76536
1.74419
1.72791
1.71519
1.72158
1.76339
1.84767
1.95848
2.07084
2.15736
2.19647
2.18551
2.12101
2.01241
1.87633
1.74609
1.64563
1.57959
1.54816
1.54079
1.54858
1.57096
1.6101
1.66871
1.7505
1.84672
1.9492
2.04422
2.1159
2.16112
2.17725
2.16971
2.14838
2.12899
2.12239
2.13203
2.15795
2.19916
2.24507
2.29505
2.34274
2.3906
2.43426
2.46996
2.49182
2.49972
2.49704
2.49242
2.4925
2.49874
2.51232
2.53393
2.56792
2.61971
2.68537
2.76003
2.83113
2.88781
2.91842
2.91615
2.87425
2.80179
2.70103
2.57789
2.44249
2.3021
2.16707
2.04465
1.94069
1.86482
1.81997
1.81003
1.83494
1.89152
1.9689
2.05498
2.13431
2.19923
2.23823
2.24175
2.20368
2.12579
2.02814
1.93661
1.87401
1.84706
1.85711
1.89966
1.96858
2.06121
2.17197
2.29477
2.42174
2.54575
2.662
2.76249
2.84677
2.91557
2.9671
3.00631
3.03196
3.04821
3.05383
3.0489
3.02977
2.9972
2.95497
2.90983
2.86779
2.83151
2.798
2.75752
2.70423
2.63953
2.57562
2.52195
2.49069
2.48119
2.49377
2.51778
2.54633
2.5674
2.57861
2.57074
2.54933
2.51233
2.46097
2.39502
2.31711
2.23339
2.15301
2.0773
2.00026
1.92628
1.84571
1.75824
1.67578
1.60713
1.56579
1.5624
1.60366
1.69149
1.81601
1.96517
2.11623
2.24117
2.3179
2.3405
2.32052
2.27272
2.21318
2.14947
2.0857
2.02623
1.9687
1.9093
1.85137
1.7959
1.74561
1.70494
1.67663
1.66518
1.67116
1.69037
1.71661
1.73773
1.74814
1.74014
1.72524
1.70813
1.69918
1.70252
1.70984
1.7106
1.69719
1.65968
1.6063
1.54564
1.48924
1.44697
1.42604
1.43059
1.45873
1.50858
1.57529
1.65165
1.73606
1.82669
1.91904
2.00635
2.08806
2.15623
2.20868
2.24507
2.27126
2.29036
2.30397
2.30923
2.30304
2.27856
2.23336
2.17174
2.09862
2.01521
1.93024
1.8559
1.79786
1.75677
1.73447
1.72584
1.72607
1.73635
1.76006
1.79683
1.83889
1.88994
1.94058
1.99587
2.06176
2.14282
2.23847
2.33564
2.41539
2.45706
2.45033
2.41018
2.36397
2.33597
2.33976
2.36693
2.39535
2.41181
2.40806
2.39527
2.38011
2.36362
2.35052
2.33968
2.33238
2.33096
2.33248
2.33672
2.33886
2.3339
2.32164
2.30854
2.3013
2.30959
2.34054
2.39598
2.46654
2.54417
2.617
2.67156
2.70587
2.71837
2.71175
2.68922
2.65814
2.61901
2.58147
2.54276
2.49879
2.44757
2.38571
2.31351
2.24218
2.17581
2.1231
2.07487
2.02523
1.96711
1.89442
1.80121
1.69452
1.58475
1.48633
1.40836
1.35275
1.31514
1.29283
1.28377
1.28719
1.30715
1.34882
1.40825
1.48621
1.57507
1.67187
1.76632
1.85599
1.94246
2.02588
2.10824
2.18731
2.25861
2.30536
2.32478
2.31645
2.28793
2.24383
2.2012
2.16423
2.14452
2.14543
2.174
2.23053
2.31408
2.41137
2.51098
2.59503
2.64671
2.65162
2.60206
2.50125
2.36389
2.20827
2.05443
1.914
1.80205
1.71602
1.65591
1.62251
1.61369
1.62957
1.67517
1.74651
1.83637
1.93277
2.02683
2.11017
2.17633
2.22207
2.24999
2.25682
2.24446
2.21578
2.17405
2.12593
2.07789
2.03631
1.99884
1.96887
1.94934
1.93643
1.92989
1.92931
1.93164
1.93076
1.92097
1.89544
1.84932
1.77914
1.69275
1.59806
1.51417
1.45082
1.41875
1.42075
1.46
1.52818
1.62182
1.73025
1.84094
1.94785
2.04828
2.13327
2.2018
2.24392
2.24972
2.21796
2.15239
2.07358
2.00531
1.96195
1.9524
1.97631
2.02498
2.08528
2.14749
2.20659
2.25441
2.2942
2.32771
2.35173
2.3629
2.35578
2.32791
2.27633
2.21182
2.14398
2.08552
2.03724
1.99956
1.96879
1.94052
1.91352
1.88452
1.85067
1.8167
1.78438
1.76257
1.76049
1.7909
1.86277
1.97497
2.10354
2.20563
2.24535
2.21527
2.14414
2.06099
1.98659
1.92697
1.88688
1.86966
1.87632
1.9089
1.96296
2.03856
2.12701
2.2166
2.29592
2.36234
2.41091
2.44
2.44882
2.43543
2.39423
2.32626
2.23365
2.12565
2.00768
1.88852
1.77607
1.67815
1.60756
1.56974
1.57441
1.61786
1.69499
1.79759
1.90955
2.02707
2.13309
2.22671
2.29838
2.34763
2.37759
2.38826
2.38912
2.38504
2.38217
2.38519
2.39709
2.41788
2.43921
2.45474
2.45853
2.4479
2.42002
2.37811
2.32412
2.27528
2.23408
2.21092
2.20464
2.2173
2.24578
2.28173
2.32326
2.3662
2.41339
2.46399
2.51694
2.57007
2.61235
2.63053
2.61623
2.56935
2.49181
2.38857
2.27069
2.1412
2.01911
1.91433
1.83817
1.79093
1.77338
1.77839
1.79869
1.81813
1.83224
1.8291
1.81268
1.78901
1.76352
1.74156
1.72185
1.70356
1.68165
1.64935
1.60884
1.56339
1.52046
1.48278
1.45263
1.43513
1.42138
1.41343
1.41075
1.41091
1.42177
1.44527
1.48035
1.52591
1.5802
1.63745
1.69371
1.74219
1.7829
1.81281
1.8359
1.85397
1.8683
1.88394
1.89557
1.9058
1.90584
1.89572
1.87619
1.84829
1.81807
1.79328
1.78471
1.80376
1.85993
1.95786
2.0911
2.25117
2.40833
2.53925
2.62683
2.66925
2.67408
2.65598
2.62654
2.5872
2.54712
2.5111
2.47863
2.45632
2.44138
2.43555
2.43883
2.45511
2.48405
2.52926
2.59129
2.66747
2.74983
2.82432
2.87824
2.90087
2.88222
2.81959
2.71324
2.57679
2.42289
2.26775
2.13834
2.049
2.00684
2.01109
2.04565
2.09366
2.13579
2.15895
2.15432
2.12468
2.07447
2.01736
1.95952
1.91024
1.87455
1.85552
1.85419
1.86907
1.89649
1.9311
1.95857
1.9724
1.96268
1.92443
1.86414
1.79084
1.71544
1.64854
1.5925
1.55251
1.52827
1.52042
1.52886
1.55294
1.59303
1.64526
1.70917
1.77885
1.85114
1.92674
1.99663
2.05872
2.10697
2.13538
2.14107
2.12511
2.09067
2.04233
1.991
1.93798
1.89495
1.866
1.86672
1.90264
1.98332
2.11147
2.28252
2.48354
2.69271
2.88122
3.02897
3.11986
3.15229
3.1253
3.05217
2.94145
2.81034
2.67849
2.56172
2.47264
2.41238
2.37871
2.36255
2.34865
2.33033
2.30817
2.28504
2.27242
2.27902
2.31026
2.36381
2.44059
2.52916
2.62157
2.70721
2.77454
2.81708
2.82877
2.81295
2.77522
2.71831
2.64232
2.54726
2.43904
2.32466
2.22509
2.15547
2.12177
2.12474
2.1589
2.2162
2.28182
2.35286
2.42306
2.48953
2.54973
2.60122
2.63923
2.65927
2.65705
2.63097
2.57769
2.4975
2.39405
2.27235
2.14227
2.01036
1.8888
1.78004
1.68575
1.61545
1.56746
1.55173
1.56702
1.60633
1.65377
1.69281
1.71116
1.70002
1.66762
1.62148
1.57719
1.54984
1.5541
1.59585
1.6793
1.79459
1.92081
2.03924
2.12961
2.18488
2.20774
2.20225
2.17344
2.12292
2.05565
1.9756
1.89908
1.83573
1.79378
1.77929
1.79332
1.83349
1.89772
1.98492
2.09157
2.21232
2.34001
2.46251
2.56407
2.64093
2.6905
2.71566
2.72205
2.71464
2.70019
2.68126
2.65728
2.62812
2.59126
2.55073
2.50784
2.47018
2.44009
2.42201
2.41955
2.42696
2.44109
2.45917
2.47992
2.49988
2.51428
2.52545
2.53246
2.54191
2.55079
2.55784
2.5598
2.54717
2.51459
2.45283
2.36838
2.2664
2.15585
2.04802
1.95526
1.88365
1.83519
1.81042
1.80224
1.80514
1.81524
1.82449
1.8273
1.81977
1.79989
1.76531
1.72782
1.7002
1.69562
1.73047
1.80951
1.92975
2.07715
2.22833
2.34845
2.41104
2.40996
2.3611
2.28993
2.21439
2.14686
2.09012
2.04407
2.00962
1.98626
1.9699
1.96553
1.97322
1.98994
2.01261
2.03991
2.06068
2.06581
2.05564
2.02863
1.99899
1.96819
1.94637
1.93649
1.92914
1.91604
1.88945
1.84374
1.78286
1.71416
1.64649
1.5862
1.53754
1.50452
1.48557
1.48389
1.49736
1.52691
1.57414
1.64058
1.72897
1.83871
1.95711
2.06139
2.12592
2.12712
2.06481
1.96163
1.84323
1.73741
1.6594
1.61737
1.61256
1.64322
1.70287
1.78214
1.87093
1.95177
2.01245
2.04447
2.04649
2.02293
1.98465
1.93682
1.87805
1.80958
1.74196
1.68252
1.64721
1.6477
1.68527
1.74615
1.79492
1.80221
1.7536
1.66289
1.55491
1.4503
1.35654
1.27972
1.22447
1.19821
1.20131
1.23345
1.29273
1.37617
1.48101
1.60306
1.73747
1.88257
2.03345
2.18521
2.33047
2.46833
2.60296
2.73664
2.86546
2.98939
3.09331
3.16507
3.19278
3.17406
3.11107
3.01485
2.89431
2.75695
2.61234
2.47438
2.35321
2.2577
2.19703
2.16596
2.16346
2.17967
2.20807
2.24193
2.27348
2.29836
2.31117
2.31253
2.29984
2.27249
2.22929
2.16822
2.09866
2.02618
1.96385
1.92157
1.90945
1.93169
1.98597
2.06653
2.16421
2.26431
2.34827
2.40104
2.41271
2.38563
2.3343
2.27833
2.23292
2.20263
2.1861
2.1796
2.17438
2.16518
2.14646
2.11913
2.08001
2.03333
1.97829
1.928
1.89016
1.87107
1.87316
1.90525
1.96462
2.04812
2.14791
2.24647
2.3319
2.39659
2.43118
2.43881
2.42672
2.39774
2.36354
2.32981
2.3021
2.28834
2.2921
2.30915
2.33678
2.36405
2.37579
2.36568
2.32639
2.26842
2.20384
2.14812
2.11282
2.1049
2.12692
2.16785
2.22234
2.27318
2.29739
2.27455
2.19766
2.08017
1.94113
1.79982
1.66873
1.55087
1.45679
1.39366
1.37282
1.39742
1.46275
1.56127
1.68416
1.81808
1.9454
2.05052
2.12174
2.15416
2.15225
2.13097
2.09343
2.04942
1.99386
1.92576
1.84546
1.75309
1.66268
1.57972
1.50886
1.45638
1.42186
1.4012
1.38872
1.38575
1.39454
1.42002
1.4739
1.5558
1.65895
1.76721
1.87
1.95417
2.01492
2.05268
2.07064
2.07433
2.06889
2.05788
2.0499
2.04887
2.05975
2.08226
2.11738
2.16232
2.20861
2.26129
2.31933
2.3877
2.46083
2.52785
2.58233
2.61035
2.60433
2.55683
2.46971
2.35705
2.23953
2.13499
2.05575
2.00626
1.98922
2.00566
2.04806
2.10717
2.17276
2.23205
2.26843
2.27584
2.24898
2.18775
2.09462
1.97287
1.84255
1.71841
1.62322
1.57169
1.56835
1.61086
1.69694
1.81437
1.94628
2.08057
2.20095
2.29305
2.34733
2.36417
2.34279
2.29041
2.22489
2.15633
2.09941
2.05384
2.01347
1.97755
1.94271
1.90741
1.87606
1.84971
1.83512
1.82694
1.82458
1.82319
1.82176
1.82175
1.82508
1.83453
1.85093
1.87205
1.89835
1.92469
1.94433
1.95385
1.95094
1.94009
1.92649
1.91586
1.9112
1.91419
1.92754
1.94944
1.97475
1.98761
1.98168
1.95759
1.93171
1.9244
1.948
2.0059
2.09565
2.20678
2.32217
2.43074
2.51977
2.58046
2.60739
2.59742
2.5436
2.45435
2.34041
2.22062
2.11069
2.01121
1.92214
1.84437
1.78427
1.74787
1.73822
1.75025
1.78303
1.81337
1.83948
1.85561
1.86257
1.86245
1.86703
1.88364
1.91917
1.98053
2.07035
2.18766
2.31768
2.43481
2.51498
2.5472
2.54964
2.53858
2.53145
2.52383
2.50971
2.47852
2.42774
2.36586
2.29798
2.23108
2.17374
2.13018
2.10571
2.0951
2.09369
2.09718
2.09699
2.08916
2.07858
2.07117
2.07244
2.08816
2.11069
2.13784
2.15792
2.16346
2.1505
2.11987
2.07297
2.01635
1.95779
1.9016
1.85656
1.82222
1.79689
1.78265
1.77686
1.77821
1.7886
1.80629
1.83223
1.86895
1.91734
1.97712
2.046
2.11656
2.17576
2.21391
2.22554
2.2096
2.16757
2.10515
2.02585
1.93464
1.8418
1.76013
1.69281
1.64224
1.60907
1.58977
1.58288
1.58483
1.59746
1.62011
1.64782
1.68169
1.71547
1.74317
1.76428
1.77564
1.77734
1.77309
1.76954
1.77451
1.7895
1.81773
1.86543
1.92908
2.00501
2.08859
2.1697
2.24499
2.31178
2.3697
2.4163
2.44048
2.43303
2.39277
2.33059
2.26815
2.22061
2.19269
2.17836
2.17465
2.17947
2.18984
2.2024
2.20994
2.19946
2.16027
2.09213
1.99319
1.86494
1.72091
1.57403
1.43825
1.32702
1.25227
1.21727
1.22344
1.26293
1.3319
1.41582
1.50273
1.57831
1.63246
1.65625
1.65111
1.61743
1.55984
1.48479
1.40466
1.32777
1.27189
1.24107
1.24127
1.27409
1.33939
1.4289
1.5417
1.66834
1.79516
1.91295
2.0109
2.07701
2.10664
2.10096
2.06695
2.01406
1.94942
1.88542
1.82799
1.78627
1.76524
1.76388
1.77991
1.8038
1.82878
1.84714
1.85583
1.85164
1.83983
1.82772
1.82872
1.85039
1.89177
1.94902
2.01056
2.06581
2.10671
2.13077
2.14277
2.14665
2.14239
2.12592
2.08767
2.02239
1.93483
1.8349
1.73066
1.63207
1.53376
1.43819
1.35497
1.29404
1.27185
1.29091
1.34481
1.42269
1.51128
1.60729
1.70218
1.79108
1.8679
1.92032
1.94771
1.95249
1.94254
1.92518
1.91147
1.9045
1.91111
1.93107
1.96526
2.01078
2.06446
2.11514
2.15679
2.18139
2.17976
2.1547
2.10897
2.05029
1.98512
1.92422
1.86841
1.81995
1.78015
1.75252
1.737
1.73439
1.74235
1.75999
1.78074
1.80206
1.82023
1.83032
1.82904
1.82215
1.81006
1.79619
1.79081
1.79446
1.80478
1.82486
1.85197
1.88718
1.93391
1.99147
2.05643
2.12102
2.17281
2.20246
2.20925
2.20185
2.18832
2.17737
2.17042
2.16376
2.15941
2.1593
2.16464
2.17474
2.19074
2.20599
2.21019
2.19778
2.16331
2.11171
2.05663
2.01084
1.98485
1.9832
2.00536
2.0436
2.09726
2.15945
2.22952
2.29965
2.36396
2.41531
2.44102
2.44014
2.41583
2.37615
2.32967
2.28252
2.23928
2.2025
2.16775
2.14239
2.12561
2.11778
2.12242
2.13461
2.1525
2.17461
2.20135
2.23494
2.27503
2.31874
2.36149
2.39893
2.4344
2.47557
2.52788
2.59022
2.65823
2.72028
2.76045
2.76958
2.74364
2.69649
2.64259
2.60498
2.60259
2.63991
2.71676
2.82064
2.93702
3.04419
3.12227
3.15346
3.13098
3.06095
2.95065
2.81828
2.67869
2.54131
2.41204
2.2955
2.19311
2.10368
2.02917
1.9672
1.91343
1.85979
1.8021
1.73789
1.67088
1.61043
1.56131
1.5308
1.51966
1.52762
1.55098
1.58095
1.61181
1.62935
1.63027
1.61762
1.60369
1.59952
1.61988
1.66013
1.72194
1.78831
1.84882
1.89146
1.90649
1.89362
1.86292
1.8301
1.81577
1.83456
1.88814
1.96841
2.05595
2.13452
2.18328
2.19169
2.16141
2.10352
2.031
1.95754
1.89347
1.84403
1.81559
1.80897
1.826
1.86639
1.92344
1.98593
2.04285
2.08259
2.09228
2.06465
1.99931
1.90003
1.78777
1.67403
1.57273
1.49169
1.43602
1.40943
1.41353
1.44212
1.4864
1.54026
1.5959
1.65179
1.70696
1.75393
1.79516
1.83044
1.86052
1.88405
1.8934
1.88587
1.86098
1.83002
1.81432
1.8276
1.87353
1.94289
2.01614
2.07062
2.0976
2.09232
2.06122
2.00524
1.93142
1.84371
1.74711
1.6515
1.55889
1.47699
1.40598
1.35929
1.33723
1.34519
1.38886
1.46047
1.55397
1.65305
1.74858
1.83707
1.90858
1.96761
2.00283
2.01425
2.00118
1.97191
1.93773
1.91559
1.91335
1.94015
1.99118
2.05363
2.10565
2.13843
2.13791
2.10688
2.05402
1.99073
1.93165
1.88263
1.84844
1.82987
1.82232
1.81736
1.81092
1.79164
1.76312
1.72701
1.68697
1.64702
1.61129
1.5793
1.54937
1.51437
1.47108
1.42049
1.37133
1.32503
1.28522
1.25881
1.24655
1.25128
1.26875
1.29383
1.32618
1.36389
1.40612
1.46145
1.53355
1.62464
1.73331
1.85461
1.96843
2.0569
2.10595
2.11656
2.0936
2.05242
2.00136
1.9495
1.9018
1.86218
1.83191
1.81423
1.80816
1.81328
1.83263
1.86532
1.91397
1.97994
2.05982
2.15439
2.25079
2.33835
2.4013
2.42362
2.39901
2.33309
2.24099
2.1398
2.04632
1.96701
1.90767
1.86414
1.83714
1.82262
1.81725
1.81584
1.81303
1.80737
1.79627
1.78866
1.78745
1.79955
1.827
1.86393
1.90663
1.95187
1.99831
2.04834
2.09829
2.14778
2.19449
2.24216
2.28933
2.32533
2.34362
2.33613
2.30048
2.24564
2.18432
2.12687
2.08539
2.06411
2.06759
2.09194
2.13052
2.16843
2.18843
2.17916
2.13697
2.06606
1.97876
1.89284
1.82935
1.798
1.79375
1.79519
1.77646
1.7266
1.66285
1.61216
1.58669
1.58382
1.58891
1.58545
1.56636
1.53365
1.49621
1.46394
1.44461
1.44294
1.45692
1.48464
1.51933
1.55019
1.57393
1.58659
1.5903
1.59726
1.61082
1.63207
1.66469
1.70513
1.74705
1.78878
1.82201
1.84503
1.85794
1.85725
1.84701
1.83151
1.81173
1.78761
1.75734
1.7266
1.68966
1.6518
1.62014
1.5939
1.57656
1.56365
1.5518
1.53676
1.51415
1.4801
1.43859
1.40164
1.37217
1.3558
1.35258
1.36187
1.37707
1.39426
1.41355
1.43793
1.46484
1.50041
1.54224
1.58658
1.62934
1.67178
1.71078
1.75231
1.80027
1.85844
1.92452
1.98479
2.02945
2.04588
2.03345
2.00861
1.98159
1.94765
1.90356
1.83886
1.74973
1.6394
1.51697
1.39464
1.28654
1.20457
1.16024
1.1573
1.19852
1.2811
1.39849
1.5361
1.67185
1.78013
1.85709
1.90818
1.94606
1.97297
1.99288
2.00628
2.01836
2.02938
2.0482
2.06753
2.08777
2.09826
2.09121
2.06582
2.02003
1.95965
1.89625
1.83751
1.79025
1.75839
1.74051
1.73296
1.73269
1.73455
1.73994
1.7542
1.78335
1.83296
1.9071
2.00632
2.12479
2.24055
2.32452
2.35364
2.32658
2.25736
2.16809
2.07941
2.00296
1.94447
1.91144
1.90658
1.92859
1.9811
2.06356
2.16722
2.28391
2.39926
2.50232
2.58372
2.64305
2.68048
2.69792
2.69489
2.65947
2.5861
2.47451
2.34303
2.21432
2.10601
2.02753
1.97715
1.95297
1.94378
1.94536
1.9592
1.97909
2.00775
2.04051
2.0738
2.09851
2.11033
2.10497
2.08295
2.04886
2.01399
1.99112
1.99241
2.02403
2.08757
2.1829
2.30161
2.43582
2.57346
2.70353
2.80964
2.87908
2.90222
2.87589
2.80001
2.68214
2.53339
2.37363
2.21484
2.06884
1.94169
1.83584
1.75239
1.68728
1.6388
1.61097
1.60463
1.62533
1.67493
1.75107
1.8364
1.91983
1.98494
2.03017
2.06118
2.07924
2.08772
2.08414
2.07132
2.05543
2.04834
2.05959
2.09653
2.15602
2.23467
2.3235
2.41205
2.49896
2.58355
2.65711
2.70771
2.71549
2.66517
2.55386
2.39365
2.21066
2.03097
1.87579
1.76455
1.70414
1.69218
1.72327
1.78169
1.85806
1.94619
2.04044
2.13579
2.22736
2.30762
2.37167
2.414
2.43191
2.42641
2.39291
2.33379
2.25259
2.15763
2.05577
1.95436
1.85794
1.77516
1.71379
1.68013
1.68589
1.73818
1.84236
1.99012
2.16255
2.33177
2.46781
2.55654
2.59475
2.59647
2.57787
2.55479
2.53326
2.50472
2.46041
2.39489
2.31059
2.21266
2.10925
2.00903
1.91208
1.82737
1.76132
1.72005
1.70408
1.71228
1.73815
1.77148
1.79884
1.81144
1.8011
1.76169
1.69571
1.60707
1.50282
1.39257
1.28899
1.20377
1.15115
1.13655
1.16391
1.23098
1.32263
1.43528
1.55404
1.66779
1.76713
1.8508
1.92003
1.97663
2.01881
2.05204
2.06922
2.07174
2.05948
2.03429
2.00524
1.98512
1.98761
2.01929
2.07663
2.14957
2.21406
2.25169
2.24513
2.18444
2.08326
1.95672
1.81675
1.67275
1.53358
1.41626
1.33116
1.28272
1.2796
1.32156
1.41178
1.53314
1.67749
1.83093
1.97102
2.0846
2.16237
2.20742
2.2343
2.25995
2.29496
2.34528
2.40158
2.45582
2.49269
2.50149
2.47674
2.42393
2.35246
2.27563
2.19869
2.12829
2.06927
2.02881
2.01419
2.02901
2.07122
2.13172
2.19315
2.23903
2.25974
2.25862
2.23982
2.21298
2.18984
2.17905
2.18598
2.21537
2.26011
2.30665
2.34235
2.35533
2.34963
2.33495
2.32701
2.33442
2.36137
2.40677
2.46632
2.53318
2.58986
2.62979
2.63097
2.59328
2.52895
2.45469
2.38535
2.3292
2.2924
2.27038
2.26116
2.25963
2.26427
2.26463
2.25333
2.22107
2.15881
2.07194
1.97005
1.87162
1.78761
1.72751
1.69686
1.69421
1.71924
1.77073
1.84474
1.94137
2.05265
2.17099
2.28624
2.38497
2.45581
2.5032
2.52851
2.54208
2.55013
2.5607
2.57735
2.60065
2.63002
2.65695
2.66854
2.65355
2.60114
2.51013
2.383
2.23692
2.08436
1.94159
1.8199
1.73104
1.67944
1.67028
1.69929
1.7601
1.84364
1.93119
2.01206
2.07525
2.11322
2.1231
2.10803
