        5000           0           0           0
        5000           0           0           0
        5000           0           0           0
        5000           0           0           0
        5000           0           0           0
        5000           0           0           0
        5000           0           0           0
        5000           0           0           0
        5000           0           0           0
        5000           0           0           0
        5000           0           0           0
        5000           0           0           0
        5000           0           0           0
        5000           0           0           0
        5000           0           0           0
        5000           0           0           0
        5000           0           0           0
        5000           0           0           0
        5000           0           0           0
        5000           0           0           0
        5000           0           0           0
        5000           0           0           0
        5000           0           0           0
        5000           0           0           0
        5000           0           0           0
        5000           0           0           0
        5000           0           0           0
        5000           0           0           0
        5000           0           0           0
        5000           0           0           0
        5000           0           0           0
        5000           0           0           0
        5000           0           0           0
        5000           0 1.68262e-05 1.86348e-06
        5000 0.000917052  0.00128369 1.72069e-05
        5000   0.0298811   0.0243177 8.04317e-05
        5000    0.160995    0.165621 0.000241065
        5000    0.565075    0.563905 0.000506928
        5000     1.22206     1.20149 0.000746211
        5000     1.88435     1.86353 0.000828538
        5000     2.32949     2.33663 0.000790152
        5000     2.54213     2.55248 0.000699799
        5000      2.5478      2.5494  0.00065348
        5000     2.39855     2.40902  0.00064534
        5000     2.13239     2.19915 0.000663915
        5000     2.03969     1.97299 0.000646342
        5000     1.75931     1.75426 0.000621151
        5000     1.60401     1.55922 0.000585332
        5000     1.40955     1.38963 0.000556173
        5000     1.25962     1.24503 0.000512708
        5000     1.17877     1.12395 0.000465015
        5000     1.03137     1.02418  0.00043292
        5000    0.936815    0.941233 0.000395755
        5000    0.876761    0.873216 0.000368625
        5000    0.809051    0.817816 0.000347654
        5000     0.71017    0.773499 0.000328839
        5000    0.717739    0.737697 0.000320821
        5000    0.703062    0.710857 0.000321487
        5000    0.653077    0.690839 0.000318566
        5000    0.649501    0.677056 0.000327213
        5000    0.678906    0.670472 0.000327489
        5000    0.620066    0.670023 0.000326349
        5000    0.658088    0.675072 0.000322458
        5000    0.642804    0.685419 0.000317972
        5000    0.691377     0.70142 0.000308599
        5000    0.699561     0.72278 0.000308113
        5000    0.760259    0.749002  0.00031144
        5000    0.767249    0.780373 0.000305849
        5000    0.825735    0.815978 0.000313801
        5000    0.851297    0.853781 0.000320612
        5000    0.896939    0.894771 0.000327906
        5000    0.956794    0.936159 0.000333004
        5000    0.991638    0.978386 0.000333654
        5000     1.03101     1.01975 0.000327317
        5000     1.06931     1.05869 0.000324049
        5000     1.11384     1.09622 0.000313228
        5000     1.13556     1.13091 0.000310872
        5000     1.18268      1.1615 0.000296366
        5000     1.21022     1.18632 0.000294843
        5000     1.20493     1.20377 0.000287974
        5000      1.2236     1.21355 0.000293104
        5000     1.24536     1.21536 0.000290349
        5000     1.23765     1.20836 0.000294365
        5000      1.2092     1.19464 0.000301155
        5000     1.19214     1.17488 0.000301193
        5000     1.15314     1.15115 0.000304095
        5000     1.11664      1.1238 0.000301861
        5000     1.10324     1.09507 0.000300777
        5000      1.0595     1.06628 0.000292274
        5000     1.04011     1.03827 0.000281554
        5000     1.01305     1.01225 0.000270605
        5000    0.989335     0.98779 0.000267325
        5000    0.943884    0.966189 0.000253524
        5000    0.934603    0.946869 0.000249528
        5000    0.927151    0.931397 0.000242106
        5000    0.911187    0.918201   0.0002394
        5000    0.891404    0.908687 0.000240373
        5000    0.863567    0.894881 0.000234531
        5000    0.866036    0.885922 0.000234701
        5000    0.871374    0.885094  0.00023846
