36.8541 25.5997
29.1823 20.9923
26.5988 19.1844
24.2377 17.259
22.309 16.7929
20.9752 15.7393
19.9715 14.908
19.0612 14.7513
18.4868 13.8952
17.7527 13.537
17.0787 13.3783
17.2046 12.2702
16.6795 11.8282
16.1342 11.4688
15.7169 11.2616
15.6716 11.0062
15.5417 10.9434
15.2114 10.7529
14.878 10.7424
14.5153 10.7104
14.1956 10.273
13.905 10.1928
14.1684 10.0159
14.206 10.0159
13.8597 9.85931
13.8138 9.68978
13.5755 9.67331
13.4986 9.67331
13.2847 9.51542
13.0552 9.36393
12.9124 9.35427
13.2041 9.35427
12.9724 9.35427
12.9294 9.35427
12.5821 9.35427
12.5718 9.35427
12.6664 9.35427
12.6188 9.35427
12.4794 9.35427
12.2913 9.35427
12.3989 9.35427
12.2716 9.35427
12.5911 9.35427
12.4488 9.35427
12.4198 9.35427
12.4101 9.35427
12.3987 9.35427
12.4129 9.35427
12.5722 9.35427
12.3577 9.35427
12.5138 9.35427
14.0964 9.35427
13.8127 9.35427
13.7339 9.35427
13.3613 9.35427
13.061 9.35427
12.8082 9.35427
12.6808 9.35427
12.6329 9.35427
12.5831 9.35427
12.6225 9.35427
12.567 9.35427
12.4677 9.35427
12.4606 9.35427
12.5763 9.35427
12.4843 9.35427
12.4297 9.35427
12.4565 9.35427
12.4525 9.35427
12.4275 9.35427
12.291 9.35427
12.3238 9.27331
12.3216 9.27331
12.196 9.27331
12.2905 9.27331
12.341 9.27331
12.3008 9.27331
12.4356 9.27331
12.2868 9.27331
12.2763 9.27331
12.3886 9.27331
12.4076 9.27331
12.328 9.27331
12.2481 9.27331
12.4017 9.27331
12.2836 9.27331
12.3657 9.27331
12.4463 9.27331
12.3235 9.27331
12.274 9.27331
12.4088 9.27331
12.4175 9.27331
12.3072 9.27331
12.3802 9.27331
12.4106 9.27331
12.3706 9.27331
12.4288 9.27331
12.4584 9.27331
12.2784 9.27331
12.1842 9.27331
12.2275 9.27331
