36.8541 25.5997
29.1823 20.9923
26.5988 19.1844
24.2377 17.259
22.309 16.7929
20.9752 15.7393
19.9715 14.908
19.0612 14.7513
18.4868 13.8952
17.7527 13.537
17.0787 13.3783
17.2046 12.2702
16.6795 11.8282
16.1342 11.4688
15.7169 11.2616
15.6716 11.0062
15.5417 10.9434
15.2114 10.7529
14.878 10.7424
14.5153 10.7104
14.1956 10.273
14.3763 9.67668
14.1712 9.37073
13.8926 9.37073
13.222 9.37073
13.0839 9.37073
12.9978 9.37073
12.9029 9.35427
12.6823 9.35427
12.7048 9.35427
12.6141 9.35427
12.5216 9.35427
12.5375 9.35427
12.6291 9.35427
12.4933 9.35427
12.4589 9.35427
12.5336 9.35427
12.5823 9.35427
12.4891 9.35427
12.3846 9.35427
12.3946 9.35427
12.279 9.35427
12.4985 9.35427
12.5232 9.35427
12.5437 9.35427
12.4633 9.35427
12.429 9.35427
12.5011 9.35427
12.6344 9.35427
12.3972 9.35427
12.5393 9.35427
12.619 9.35427
12.4339 9.35427
12.5119 9.35427
12.6227 9.35427
12.4831 9.35427
12.4162 9.35427
12.3344 9.35427
12.3532 9.35427
12.5724 9.35427
12.4156 9.35427
12.6548 9.35427
12.4116 9.35427
12.4115 9.35427
12.5704 9.35427
12.4555 9.35427
12.4905 9.35427
12.43 9.35427
12.5268 9.35427
12.4357 9.35427
12.437 9.35427
12.3984 9.27331
12.3323 9.27331
12.2667 9.27331
12.2961 9.27331
12.4323 9.27331
12.4186 9.27331
12.4167 9.27331
12.3669 9.27331
12.3594 9.27331
12.4089 9.27331
12.476 9.27331
12.4903 9.27331
12.3311 9.27331
12.3231 9.27331
12.358 9.27331
12.4294 9.27331
12.471 9.27331
12.2487 9.27331
12.2292 9.27331
12.5137 9.27331
12.5942 9.27331
12.4606 9.27331
12.3994 9.27331
12.4996 9.27331
12.4552 9.27331
12.4595 9.27331
12.6134 9.27331
12.2387 9.27331
12.2928 9.27331
12.3732 9.27331
