36.8541 25.5997
29.1823 20.9923
26.5988 19.1844
24.2377 17.259
22.309 16.7929
20.9752 15.7393
19.9715 14.908
19.0612 14.7513
18.4868 13.8952
17.7527 13.537
17.0787 13.3783
17.3377 12.5589
17.411 12.5256
17.0254 12.2596
16.4554 11.8878
16.3208 11.5713
16.1162 11.5106
15.5464 11.5009
15.1618 11.2349
14.8469 11.204
14.8443 10.938
15.1136 9.85517
14.6336 9.85517
14.338 9.77218
13.7768 9.37073
13.4377 9.35427
13.1712 9.35427
13.0085 9.35427
12.8045 9.27331
12.5891 9.27331
12.5792 9.27331
12.582 9.27331
12.5327 9.27331
12.5245 9.27331
12.3133 9.27331
12.4935 9.27331
12.6326 9.27331
12.6334 9.27331
12.4651 9.27331
12.3459 9.27331
12.2497 9.27331
12.26 9.27331
12.4895 9.27331
12.4144 9.27331
12.253 9.27331
12.3551 9.27331
12.4909 9.27331
12.4432 9.27331
12.5776 9.27331
12.3202 9.27331
12.4423 9.27331
12.5638 9.27331
12.3535 9.27331
12.5513 9.27331
12.4993 9.27331
12.5216 9.27331
12.3765 9.27331
12.3489 9.27331
12.4527 9.27331
12.5304 9.27331
12.4237 9.27331
12.4115 9.27331
12.3874 9.27331
12.3695 9.27331
12.3078 9.27331
12.4303 9.27331
12.4529 9.27331
12.4084 9.27331
12.3425 9.27331
12.4264 9.27331
12.2987 9.27331
12.4771 9.27331
12.3381 9.27331
12.2331 9.27331
12.2694 9.27331
12.3981 9.27331
12.4751 9.27331
12.4506 9.27331
12.4174 9.27331
12.3694 9.27331
12.3874 9.27331
12.3963 9.27331
12.3848 9.27331
12.3916 9.27331
12.4043 9.27331
12.2819 9.27331
12.3222 9.27331
12.4502 9.27331
12.3731 9.27331
12.3567 9.27331
12.476 9.27331
12.3069 9.27331
12.5043 9.27331
12.3599 9.27331
12.3055 9.27331
12.3453 9.27331
12.3453 9.27331
12.4768 9.27331
12.3417 9.27331
12.2378 9.27331
12.2522 9.27331
