-0.488883 nan
-0.458094 0.0307891
-0.462571 0.0183312
-0.458103 0.0137104
-0.459802 0.0107551
-0.443585 0.0184415
-0.44567 0.0157247
-0.442405 0.0140041
-0.441767 0.0123669
-0.440238 0.0111665
-0.443826 0.0107187
-0.449317 0.0112202
-0.451461 0.0105414
-0.450216 0.0098385
-0.450217 0.00915915
-0.4501 0.0085684
-0.451969 0.00826283
-0.451972 0.00779027
-0.450915 0.0074443
-0.450301 0.00708893
-0.450294 0.00674292
-0.45151 0.00654314
-0.45128 0.00625643
-0.4499 0.00614689
-0.448829 0.00599245
-0.447879 0.00583524
-0.448854 0.00569906
-0.447917 0.0055711
-0.447531 0.00538939
-0.446508 0.00530624
-0.442376 0.00658869
-0.443629 0.00650118
-0.444205 0.00632744
-0.441282 0.00679917
-0.438912 0.00701442
-0.438131 0.00686144
-0.439747 0.00686645
-0.440717 0.00675325
-0.441402 0.0066134
-0.441319 0.00644647
-0.440635 0.00632445
-0.440753 0.00617316
-0.437159 0.00701776
-0.438203 0.00693544
-0.439382 0.00688124
-0.438228 0.00682816
-0.437661 0.00670534
-0.436947 0.00660283
-0.437339 0.00647851
-0.436965 0.00635862
-0.434707 0.00662924
-0.435022 0.00650817
-0.43466 0.00639448
-0.434895 0.00627933
-0.434811 0.00616468
-0.434463 0.00606356
-0.435372 0.00602511
-0.435819 0.00593723
-0.436183 0.00584703
-0.436302 0.00574998
-0.436511 0.0056588
-0.436616 0.00556778
-0.436922 0.00548719
-0.437602 0.00544351
-0.43768 0.00535967
-0.438113 0.00529556
-0.438918 0.00527771
-0.438603 0.00520905
-0.438501 0.00513401
-0.438361 0.00506208
-0.437899 0.00501164
-0.43867 0.00500132
-0.438451 0.00493719
-0.438396 0.00487032
-0.437652 0.00486225
-0.43793 0.00480592
-0.43846 0.00477265
-0.438736 0.00471912
-0.439302 0.00469323
-0.438499 0.00470327
-0.437913 0.00468161
-0.438522 0.00466414
-0.437385 0.00474582
-0.437062 0.00470015
-0.437224 0.00464737
-0.437165 0.0045934
-0.436963 0.00454479
-0.437138 0.00449628
-0.437328 0.00444954
-0.437552 0.00440551
-0.437763 0.00436194
-0.438305 0.00434817
-0.438586 0.00431035
-0.438409 0.00426796
-0.43789 0.00425448
-0.437827 0.00421041
-0.437689 0.00416904
-0.437517 0.00412989
-0.437793 0.00409728
-0.437958 0.00405946
-0.437604 0.00403465
-0.438465 0.00408675
-0.438531 0.00404742
-0.438021 0.00404063
-0.43803 0.00400197
-0.438161 0.00396622
-0.438342 0.00393315
-0.438235 0.00389803
-0.438563 0.00387601
-0.438926 0.00385777
-0.438478 0.00384905
-0.438381 0.00381575
-0.438446 0.0037824
-0.438616 0.00375291
-0.438603 0.00372016
-0.438382 0.00369459
-0.438627 0.00367111
-0.438768 0.00364259
-0.439258 0.00364491
-0.438387 0.00371792
-0.438066 0.00370101
-0.438116 0.00367089
-0.438685 0.00368501
-0.439048 0.00367314
-0.438546 0.003678
-0.438095 0.00367642
-0.437804 0.00365899
-0.437686 0.00363221
-0.438132 0.00363146
-0.43824 0.00360505
-0.4381 0.00358017
-0.437866 0.00356063
-0.43836 0.00356806
-0.438614 0.00355045
-0.438619 0.00352406
-0.438173 0.00352641
-0.437926 0.00350923
-0.437676 0.00349268
-0.437476 0.00347322
-0.437364 0.00345014
-0.43695 0.00345058
-0.436981 0.00342633
-0.437064 0.00340331
-0.436705 0.00339861
-0.436697 0.0033751
-0.436463 0.00336005
-0.435663 0.00343183
-0.435869 0.00341481
-0.435791 0.00339271
-0.435688 0.00337157
-0.435794 0.00335082
-0.43567 0.00333098
-0.43542 0.00331862
-0.435529 0.00329882
-0.435554 0.00327756
-0.435904 0.00327521
-0.435953 0.00325466
-0.436315 0.00325418
-0.436289 0.00323375
-0.436219 0.00321424
-0.436218 0.00319421
-0.436459 0.00318356
-0.436562 0.00316566
-0.436864 0.00316075
-0.43669 0.00314636
-0.436331 0.00314794
-0.436384 0.00312949
-0.436322 0.00311142
-0.436465 0.00309628
-0.436581 0.00308019
-0.436084 0.00310225
-0.436285 0.00309071
-0.436344 0.00307335
-0.436246 0.00305718
-0.436057 0.00304554
-0.435943 0.00303033
-0.43588 0.00301383
-0.435856 0.00299694
-0.435939 0.00298129
-0.435867 0.00296555
-0.436008 0.00295245
-0.436015 0.00293619
-0.436082 0.00292088
-0.436512 0.00293662
-0.436631 0.00292313
-0.436561 0.00290822
-0.436523 0.00289288
-0.436451 0.00287835
-0.436269 0.00286888
-0.435987 0.00286764
-0.435999 0.00285262
-0.436097 0.00283941
-0.43626 0.00282935
-0.436215 0.0028151
-0.436191 0.00280073
-0.43632 0.00278939
-0.43627 0.00277564
-0.436294 0.00276168
-0.436388 0.00274937
-0.436401 0.00273562
