36.8541 25.5997
29.1823 20.9923
26.5988 19.1844
24.2377 17.259
22.309 16.7929
20.9752 15.7393
19.9715 14.908
19.0612 14.7513
18.4868 13.8952
17.7527 13.537
17.0787 13.3783
17.2398 13.2637
16.8676 12.3086
16.9075 12.0044
16.724 11.8931
16.4039 11.8853
16.2863 11.7449
15.8119 11.7449
15.5043 11.58
15.1199 11.2969
14.7597 11.2969
14.6502 11.0803
14.3714 11.0803
14.2919 11.051
14.5067 10.9294
14.5184 10.9172
14.5127 10.5671
14.3535 10.5441
14.3435 10.3835
14.0946 10.3835
13.9044 10.2275
13.8247 9.91945
13.6118 9.90979
13.562 9.90979
13.2736 9.90979
13.1571 9.90979
13.1114 9.90979
13.1391 9.90979
13.0979 9.90979
12.9755 9.90979
13.0218 9.90979
12.9372 9.90979
13.0134 9.90979
12.9565 9.90979
13.03 9.90979
12.9153 9.90979
12.895 9.90979
13.0026 9.90979
13.2002 9.90979
13.0167 9.90979
13.0554 9.90979
13.1417 9.90979
12.979 9.90979
13.195 9.90979
13.1011 9.90979
13.0791 9.90979
12.8906 9.46445
12.7725 9.46445
12.7259 9.46445
12.7763 9.46445
12.6376 9.46445
12.6486 9.46445
12.4648 9.46445
12.5355 9.46445
12.5476 9.46445
12.5567 9.46445
12.5523 9.46445
12.4051 9.46445
12.6216 9.46445
12.5298 9.44785
13.1779 9.27331
13.3041 9.27331
13.2544 9.27331
13.0002 9.27331
12.7778 9.27331
12.762 9.27331
12.4982 9.27331
12.4669 9.27331
12.2846 9.27331
12.2946 9.27331
12.3104 9.27331
12.4067 9.27331
12.3378 9.27331
12.2492 9.27331
12.2929 9.27331
12.1976 9.27331
12.2966 9.27331
12.5562 9.27331
12.2939 9.27331
12.3029 9.27331
12.4532 9.27331
12.4677 9.27331
12.586 9.27331
12.2761 9.27331
12.2759 9.27331
12.3099 9.27331
12.3182 9.27331
12.3875 9.27331
12.1959 9.27331
12.2586 9.27331
12.1448 9.27331
