           1    0.389067    0.389067           0
           2    0.385704    0.387385  0.00168174
           3    0.385163    0.386644  0.00122139
           4    0.388243    0.387044 0.000951606
           5    0.385647    0.386765 0.000788264
           6    0.386322    0.386691 0.000647828
           7    0.384948    0.386442 0.000601473
           8    0.386889    0.386498 0.000523883
           9    0.387707    0.386632 0.000481168
          10     0.38797    0.386766 0.000450675
          11    0.385971    0.386694 0.000414002
          12    0.388171    0.386817 0.000397485
          13    0.386173    0.386767 0.000368968
          14    0.387715    0.386835 0.000348244
          15    0.387622    0.386888 0.000328411
          16    0.389183    0.387031 0.000339046
          17    0.389151    0.387156 0.000342029
          18    0.387209    0.387159 0.000322482
          19    0.391522    0.387388 0.000381804
          20    0.386318    0.387335 0.000366143
          21    0.391332    0.387525 0.000396892
          22    0.387917    0.387543  0.00037884
          23    0.387857    0.387557 0.000362251
          24    0.389324     0.38763 0.000354563
          25    0.385509    0.387545 0.000350511
          26    0.393634     0.38778 0.000410172
          27    0.387414    0.387766 0.000394921
          28    0.387217    0.387746 0.000381059
          29    0.383946    0.387615 0.000390339
          30     0.38778    0.387621 0.000377143
          31    0.391111    0.387733 0.000381755
          32    0.386695    0.387701 0.000371055
          33    0.389253    0.387748 0.000362696
          34    0.387641    0.387745 0.000351881
          35    0.385734    0.387687 0.000346476
          36    0.384996    0.387613 0.000344915
          37    0.384739    0.387535 0.000344338
          38    0.386359    0.387504  0.00033658
          39    0.389597    0.387558 0.000332199
          40    0.386992    0.387544 0.000324096
          41    0.387117    0.387533 0.000316264
          42    0.386057    0.387498 0.000310637
          43    0.388707    0.387526 0.000304628
          44    0.391022    0.387606 0.000308046
          45    0.385262    0.387554 0.000305592
          46    0.388414    0.387572  0.00029946
          47    0.386589    0.387551 0.000293765
          48    0.384699    0.387492 0.000293654
          49    0.381999     0.38738 0.000308677
          50    0.387537    0.387383 0.000302456
          51    0.387377    0.387383 0.000296467
          52    0.387799    0.387391 0.000290819
          53    0.389663    0.387434 0.000288483
          54    0.389764    0.387477  0.00028636
          55    0.388579    0.387497 0.000281818
          56    0.387561    0.387498 0.000276742
          57    0.385319     0.38746 0.000274517
          58    0.386381    0.387441 0.000270383
          59      0.3904    0.387491 0.000270452
          60    0.389874    0.387531 0.000268855
          61    0.386253     0.38751 0.000265239
          62    0.386287     0.38749 0.000261671
          63     0.39013    0.387532 0.000260872
          64     0.38715    0.387526 0.000256833
          65    0.387256    0.387522 0.000252885
          66    0.386993    0.387514 0.000249153
          67    0.387322    0.387511 0.000245423
          68    0.384907    0.387473 0.000244801
          69    0.390193    0.387512 0.000244426
          70    0.384389    0.387468 0.000245005
          71    0.391475    0.387524 0.000248036
          72    0.391352    0.387577 0.000250279
          73    0.389159    0.387599 0.000247776
          74    0.385628    0.387572 0.000245851
          75    0.389318    0.387596 0.000243665
          76    0.382687    0.387531 0.000248963
          77    0.388152    0.387539 0.000245841
          78    0.391826    0.387594 0.000248815
          79    0.390534    0.387631 0.000248449
          80    0.385761    0.387608 0.000246435
          81    0.386696    0.387597 0.000243634
          82    0.385965    0.387577 0.000241466
          83    0.389726    0.387603  0.00023994
          84    0.390042    0.387632 0.000238838
          85    0.386194    0.387615 0.000236617
          86    0.389812     0.38764 0.000235241
          87    0.393214    0.387704 0.000241184
          88    0.391781    0.387751 0.000242886
          89    0.384816    0.387718 0.000242394
          90    0.388363    0.387725 0.000239793
          91     0.38015    0.387642 0.000251328
          92    0.386924    0.387634 0.000248704
          93    0.387559    0.387633 0.000246016
          94    0.387602    0.387633 0.000243385
          95    0.390985    0.387668 0.000243381
          96    0.387012    0.387661 0.000240929
          97    0.389942    0.387685 0.000239589
          98    0.388056    0.387689 0.000237162
          99    0.391843     0.38773 0.000238475
         100    0.396119    0.387814  0.00025054
