           1   -0.722315   -0.722315           0
           2   -0.723286   -0.722801   0.0004856
           3   -0.720718   -0.722107 0.000748614
           4   -0.719726   -0.721512  0.00079644
           5   -0.721502    -0.72151 0.000616922
           6   -0.720842   -0.721398 0.000515878
           7   -0.721965   -0.721479 0.000443441
           8   -0.721155   -0.721439 0.000386162
           9   -0.722782   -0.721588 0.000371847
          10   -0.719795   -0.721409 0.000377837
          11   -0.721173   -0.721387 0.000342439
          12   -0.722261    -0.72146 0.000320965
          13   -0.721411   -0.721456 0.000295269
          14    -0.71971   -0.721332  0.00030047
          15    -0.72033   -0.721265 0.000287589
          16   -0.720765   -0.721234 0.000270824
          17   -0.720786   -0.721207 0.000255756
          18   -0.719861   -0.721132 0.000252465
          19   -0.721411   -0.721147 0.000239258
          20   -0.721734   -0.721176 0.000228872
          21   -0.721149   -0.721175 0.000217705
          22   -0.720518   -0.721145 0.000209709
          23   -0.721173   -0.721147 0.000200387
          24   -0.719744   -0.721088 0.000200559
          25   -0.720472   -0.721063 0.000193941
          26   -0.720248   -0.721032 0.000188954
          27   -0.719301   -0.720968 0.000192796
          28   -0.721374   -0.720982 0.000186349
          29   -0.721206    -0.72099 0.000179974
          30   -0.719194    -0.72093 0.000183896
          31   -0.721944   -0.720963 0.000180846
          32   -0.721203    -0.72097 0.000175264
          33   -0.721546   -0.720988 0.000170761
          34   -0.720229   -0.720966 0.000167161
          35   -0.721179   -0.720972 0.000162429
          36   -0.720536    -0.72096 0.000158316
          37   -0.720918   -0.720958 0.000153982
          38   -0.723128   -0.721016 0.000160381
          39    -0.71911   -0.720967 0.000163675
          40   -0.721936   -0.720991  0.00016136
          41   -0.718958   -0.720941 0.000164999
          42   -0.719779   -0.720914 0.000163383
          43   -0.720054   -0.720894 0.000160785
          44    -0.71919   -0.720855 0.000161788
          45   -0.719922   -0.720834 0.000159506
          46   -0.720366   -0.720824 0.000156331
          47   -0.719469   -0.720795 0.000155663
          48   -0.720413   -0.720787 0.000152594
          49   -0.721206   -0.720796 0.000149692
          50   -0.718518    -0.72075 0.000153577
