           1    0.066146    0.066146           0
           2   0.0657508   0.0659484   0.0001976
           3   0.0659368   0.0659445  0.00011415
           4   0.0631596   0.0652483 0.000700897
           5   0.0564476   0.0634882  0.00184197
           6    0.059596   0.0628395   0.0016379
           7   0.0587624    0.062257  0.00150182
           8   0.0627504   0.0623187  0.00130207
           9   0.0668968   0.0628274  0.00125594
          10   0.0657844   0.0631231  0.00116162
          11   0.0582932    0.062684  0.00113877
          12   0.0553556   0.0620733  0.00120566
          13   0.0627464   0.0621251  0.00111026
          14   0.0557028   0.0616663  0.00112562
          15   0.0571772   0.0613671  0.00108979
          16   0.0644988   0.0615628  0.00103803
          17   0.0573792   0.0613167  0.00100563
          18   0.0603268   0.0612617 0.000949714
          19   0.0669524   0.0615612 0.000946953
          20    0.061088   0.0615376  0.00089867
          21   0.0632184   0.0616176 0.000858545
          22   0.0583356   0.0614684 0.000832073
          23   0.0616216   0.0614751 0.000795101
          24   0.0640884    0.061584 0.000768999
          25   0.0624444   0.0616184 0.000738401
          26   0.0661896   0.0617942 0.000730894
          27     0.07161   0.0621577 0.000791708
          28     0.06579   0.0622875  0.00077386
          29   0.0567384   0.0620961 0.000770826
          30   0.0679172   0.0622902 0.000769552
          31   0.0605168    0.062233 0.000746509
          32    0.057488   0.0620847 0.000737857
          33     0.06132   0.0620615 0.000715524
          34   0.0627988   0.0620832 0.000694498
          35    0.052692   0.0618149 0.000725784
          36   0.0625828   0.0618362 0.000705657
          37   0.0633364   0.0618767 0.000687517
          38   0.0643352   0.0619414   0.0006723
          39   0.0678776   0.0620937 0.000672292
          40   0.0640912   0.0621436 0.000657169
          41    0.063218   0.0621698 0.000641476
          42    0.054304   0.0619825  0.00065343
          43   0.0666848   0.0620919 0.000647356
          44    0.063446   0.0621226 0.000633221
          45   0.0629076   0.0621401 0.000619235
          46   0.0634264   0.0621681 0.000606269
          47   0.0711032   0.0623582 0.000622947
          48   0.0683136   0.0624822 0.000622324
          49   0.0641608   0.0625165 0.000610453
          50   0.0625368   0.0625169  0.00059812
          51   0.0638828   0.0625437 0.000586886
          52   0.0586672   0.0624691 0.000580297
          53   0.0650436   0.0625177 0.000571312
          54   0.0603404   0.0624774  0.00056208
          55   0.0670304   0.0625602 0.000557941
          56   0.0701632   0.0626959 0.000564459
          57   0.0628236   0.0626982 0.000554472
          58    0.063558    0.062713  0.00054503
          59   0.0641232   0.0627369 0.000536246
          60    0.066918   0.0628066 0.000531818
          61   0.0611348   0.0627792 0.000523744
          62   0.0612276   0.0627542 0.000515835
          63   0.0591712   0.0626973 0.000510757
          64   0.0631576   0.0627045 0.000502765
          65   0.0589188   0.0626462 0.000498384
          66   0.0653524   0.0626872 0.000492485
          67   0.0625452   0.0626851 0.000485083
          68   0.0587352    0.062627 0.000481414
          69   0.0709096   0.0627471 0.000489337
          70   0.0637608   0.0627615 0.000482513
          71   0.0572452   0.0626839 0.000481972
          72   0.0633736   0.0626934 0.000475327
          73     0.06833   0.0627706 0.000475087
          74   0.0635848   0.0627816 0.000468752
          75   0.0596236   0.0627395 0.000464373
          76    0.062916   0.0627419 0.000458228
          77   0.0616128   0.0627272 0.000452475
          78   0.0579612   0.0626661 0.000450797
          79   0.0691564   0.0627483 0.000452573
          80   0.0689636   0.0628259 0.000453584
          81   0.0633592   0.0628325 0.000447997
          82   0.0596416   0.0627936 0.000444208
          83   0.0641992   0.0628105  0.00043915
          84    0.058812   0.0627629 0.000436494
          85    0.061524   0.0627484 0.000431574
          86    0.068212   0.0628119 0.000431232
          87   0.0700924   0.0628956 0.000434383
          88   0.0609348   0.0628733 0.000429997
          89   0.0618912   0.0628623 0.000425281
          90   0.0569576   0.0627967 0.000425616
          91   0.0618588   0.0627864 0.000421039
          92   0.0568508   0.0627218 0.000421405
          93   0.0586896   0.0626785 0.000419098
          94   0.0563064   0.0626107 0.000420121
          95   0.0583648    0.062566 0.000418071
          96   0.0675244   0.0626176 0.000416905
          97    0.062688   0.0626184 0.000412585
          98   0.0631916   0.0626242 0.000408395
          99   0.0625252   0.0626232  0.00040425
         100   0.0632744   0.0626297  0.00040024
