           1   0.0504688   0.0504688           0
           2   0.0503512     0.05041    5.88e-05
           3   0.0495476   0.0501225 0.000289464
           4     0.05137   0.0504344 0.000373036
           5   0.0482776    0.050003 0.000519196
           6   0.0448572   0.0491454  0.00095669
           7   0.0461044    0.048711 0.000917869
           8   0.0488744   0.0487314  0.00079516
           9   0.0527192   0.0491745 0.000829518
          10   0.0553016   0.0497872 0.000962235
          11    0.048412   0.0496622 0.000879307
          12   0.0460568   0.0493617  0.00085708
          13   0.0481664   0.0492698 0.000793743
          14    0.042296   0.0487717 0.000887781
          15   0.0478408   0.0487096 0.000828805
          16    0.052262   0.0489316 0.000806442
          17   0.0426836   0.0485641 0.000841972
          18   0.0457716    0.048409 0.000808836
          19   0.0553068    0.048772 0.000846848
          20   0.0494408   0.0488054 0.000804086
          21   0.0510736   0.0489134 0.000772427
          22    0.044848   0.0487287  0.00075931
          23    0.049248   0.0487512 0.000725897
          24   0.0511264   0.0488502 0.000702005
          25    0.047816   0.0488088 0.000674609
          26   0.0505692   0.0488765  0.00065167
          27   0.0547708   0.0490948 0.000663983
          28   0.0510472   0.0491646 0.000643619
          29   0.0464572   0.0490712 0.000628006
          30   0.0531924   0.0492086 0.000622069
          31   0.0480508   0.0491712 0.000602826
          32   0.0422012   0.0489534 0.000623001
          33   0.0459148   0.0488613 0.000610807
          34    0.047086   0.0488091 0.000594866
          35   0.0422048   0.0486204  0.00060766
          36   0.0490688   0.0486329 0.000590671
          37   0.0466608   0.0485796 0.000576952
          38   0.0533472   0.0487051 0.000575409
          39    0.052078   0.0487915 0.000567094
          40   0.0511716    0.048851 0.000555928
          41   0.0514728    0.048915 0.000545957
          42    0.043632   0.0487892 0.000547446
          43   0.0535336   0.0488995 0.000545831
          44   0.0498376   0.0489209 0.000533708
          45   0.0507812   0.0489622 0.000523348
          46   0.0494504   0.0489728 0.000511955
          47   0.0554412   0.0491104 0.000519505
          48   0.0541752    0.049216 0.000519397
          49    0.050424   0.0492406 0.000509284
          50   0.0460508   0.0491768 0.000503056
          51   0.0490072   0.0491735 0.000493105
          52   0.0454116   0.0491011 0.000488911
          53   0.0504756   0.0491271 0.000480298
          54   0.0468012    0.049084 0.000473284
          55   0.0536764   0.0491675 0.000472043
          56   0.0559244   0.0492882 0.000478983
          57   0.0499432   0.0492996 0.000470645
          58   0.0506904   0.0493236 0.000463081
          59   0.0526508     0.04938 0.000458644
          60   0.0537788   0.0494533 0.000456856
          61   0.0495984   0.0494557 0.000449311
          62   0.0485144   0.0494405 0.000442265
          63     0.04528   0.0493745  0.00044017
          64   0.0528568   0.0494289 0.000436642
          65   0.0463616   0.0493817 0.000432454
          66   0.0510364   0.0494068 0.000426589
          67    0.050162   0.0494181 0.000420325
          68   0.0486788   0.0494072  0.00041424
          69   0.0535452   0.0494672 0.000412574
          70   0.0489132   0.0494592 0.000406715
          71   0.0434948   0.0493752 0.000409651
          72   0.0502944    0.049388 0.000404123
          73     0.05587   0.0494768 0.000408321
          74   0.0501468   0.0494858 0.000402867
          75   0.0434008   0.0494047 0.000405655
          76    0.051582   0.0494334 0.000401306
          77   0.0487076   0.0494239 0.000396172
          78   0.0434136   0.0493469 0.000398579
          79   0.0526288   0.0493884 0.000395689
          80   0.0523876   0.0494259 0.000392506
          81   0.0453272   0.0493753 0.000390918
          82   0.0445032   0.0493159 0.000390666
          83   0.0507944   0.0493337 0.000386342
          84   0.0469588   0.0493054  0.00038276
          85    0.045732   0.0492634  0.00038056
          86   0.0491648   0.0492623  0.00037611
          87   0.0527788   0.0493027 0.000373953
          88   0.0459912    0.049265 0.000371589
          89   0.0486072   0.0492576 0.000367465
          90   0.0446812   0.0492068   0.0003669
          91   0.0472416   0.0491852 0.000363488
          92   0.0455024   0.0491452 0.000361737
          93   0.0463416    0.049115 0.000359093
          94    0.045264   0.0490741 0.000357607
          95   0.0453192   0.0490345 0.000356024
          96   0.0525352    0.049071 0.000354178
          97   0.0490708    0.049071 0.000350507
          98   0.0488268   0.0490685 0.000346921
          99   0.0497932   0.0490758 0.000343477
         100    0.047926   0.0490643 0.000340219
