           1    0.028886    0.028886           0
           2   0.0300756   0.0294808   0.0005948
           3   0.0272936   0.0287517 0.000805895
           4   0.0295732   0.0289571  0.00060573
           5   0.0258864    0.028343 0.000772861
           6   0.0278752    0.028265 0.000635835
           7   0.0259324   0.0279318 0.000632311
           8   0.0287688   0.0280364 0.000557504
           9   0.0297044   0.0282217 0.000525442
          10    0.030402   0.0284398 0.000518081
          11   0.0243424   0.0280673 0.000598626
          12   0.0272292   0.0279974 0.000550913
          13   0.0276268   0.0279689 0.000507567
          14   0.0240596   0.0276897 0.000546621
          15   0.0276184   0.0276849 0.000508899
          16    0.029036   0.0277694 0.000483463
          17   0.0228828   0.0274819 0.000537459
          18   0.0282564    0.027525 0.000508545
          19     0.03044   0.0276784  0.00050491
          20   0.0274236   0.0276656 0.000479169
          21    0.028138   0.0276881 0.000456335
          22   0.0281356   0.0277085 0.000435574
          23     0.02805   0.0277233  0.00041647
          24   0.0279848   0.0277342 0.000398888
          25   0.0280544    0.027747 0.000382815
          26   0.0282276   0.0277655  0.00036826
          27   0.0300596   0.0278505 0.000364403
          28   0.0293604   0.0279044 0.000355264
          29   0.0267396   0.0278642  0.00034514
          30   0.0302636   0.0279442 0.000342895
          31   0.0269824   0.0279132 0.000333097
          32   0.0275844   0.0279029 0.000322684
          33   0.0288972    0.027933   0.0003142
          34   0.0275868   0.0279229 0.000304989
          35   0.0271272   0.0279001 0.000297018
          36   0.0289376   0.0279289 0.000290085
          37   0.0283088   0.0279392 0.000282323
          38   0.0314536   0.0280317 0.000289938
          39   0.0309256   0.0281059 0.000291992
          40   0.0315896    0.028193 0.000297626
          41   0.0287004   0.0282054  0.00029054
          42   0.0264256    0.028163 0.000286687
          43    0.028996   0.0281824  0.00028061
          44   0.0297284   0.0282175 0.000276401
          45   0.0295556   0.0282472  0.00027182
          46   0.0293436   0.0282711 0.000266912
          47   0.0313444   0.0283365 0.000269233
          48   0.0308132   0.0283881 0.000268567
          49    0.028088   0.0283819   0.0002631
          50   0.0278444   0.0283712 0.000258009
          51   0.0260692    0.028326 0.000256896
          52   0.0254016   0.0282698 0.000258108
          53   0.0281664   0.0282679 0.000253199
          54    0.029524   0.0282911 0.000249553
          55   0.0321352    0.028361 0.000254749
          56   0.0335988   0.0284545 0.000267072
          57   0.0293784   0.0284708 0.000262845
          58   0.0269688   0.0284449 0.000259568
          59    0.030354   0.0284772 0.000257174
          60   0.0307968   0.0285159  0.00025579
          61   0.0283452   0.0285131 0.000251578
          62   0.0280376   0.0285054 0.000247605
          63   0.0264292   0.0284725 0.000245862
          64   0.0310312   0.0285124 0.000245271
          65   0.0251396   0.0284605  0.00024698
          66   0.0286684   0.0284637  0.00024323
          67   0.0264476   0.0284336 0.000241454
          68    0.029506   0.0284494 0.000238399
          69   0.0296568   0.0284669 0.000235569
          70   0.0283924   0.0284658 0.000232182
          71   0.0234228   0.0283948 0.000239656
          72    0.028524   0.0283966 0.000236311
          73   0.0302636   0.0284221  0.00023445
          74   0.0275084   0.0284098  0.00023159
          75   0.0251692   0.0283666 0.000232531
          76    0.028826   0.0283726  0.00022953
          77   0.0320068   0.0284198 0.000231394
          78   0.0253388   0.0283803 0.000231799
          79   0.0282188   0.0283783 0.000228855
          80   0.0293512   0.0283904 0.000226303
          81    0.026616   0.0283685 0.000224563
          82   0.0236412   0.0283109 0.000229177
          83   0.0279852    0.028307 0.000226433
          84   0.0256064   0.0282748  0.00022602
          85   0.0247416   0.0282333  0.00022718
          86   0.0290976   0.0282433 0.000224747
          87   0.0315792   0.0282816 0.000225434
          88   0.0246524   0.0282404 0.000226641
          89    0.026756   0.0282237   0.0002247
          90   0.0249716   0.0281876 0.000225109
          91   0.0274116   0.0281791 0.000222784
          92   0.0267956    0.028164 0.000220862
          93   0.0262276   0.0281432 0.000219464
          94   0.0268028   0.0281289 0.000217585
          95   0.0270584   0.0281177 0.000215577
          96    0.029318   0.0281302 0.000213686
          97   0.0284168   0.0281331 0.000211492
          98   0.0268944   0.0281205 0.000209704
          99   0.0274092   0.0281133 0.000207699
         100   0.0268472   0.0281006 0.000206001
