           1   0.0316064   0.0316064           0
           2    0.023344   0.0274752   0.0041312
           3   0.0268944   0.0272816  0.00239299
           4   0.0301232    0.027992  0.00183518
           5   0.0245296   0.0272995  0.00158122
           6   0.0275144   0.0273353  0.00129156
           7    0.031548   0.0279371  0.00124647
           8    0.023276   0.0273545  0.00122668
           9    0.022764   0.0268444  0.00119604
          10    0.026408   0.0268008  0.00107066
          11   0.0275104   0.0268653 0.000970594
          12   0.0260944   0.0268011 0.000888353
          13   0.0266928   0.0267927 0.000817209
          14   0.0224976   0.0264859 0.000816425
          15   0.0265584   0.0264908 0.000760065
          16    0.029212   0.0266608 0.000731036
          17   0.0262184   0.0266348 0.000687181
          18     0.03102   0.0268784 0.000692171
          19   0.0297864   0.0270315 0.000672379
          20   0.0277288   0.0270664 0.000638827
          21    0.024764   0.0269567 0.000617457
          22     0.02406   0.0268251 0.000603267
          23   0.0242792   0.0267144 0.000586972
          24   0.0265896   0.0267092 0.000562007
          25   0.0274392   0.0267384 0.000539849
          26   0.0247104   0.0266604 0.000524502
          27   0.0245024   0.0265804 0.000510992
          28   0.0212272   0.0263893 0.000528218
          29   0.0253776   0.0263544  0.00051087
          30   0.0287504   0.0264342 0.000499968
          31   0.0259376   0.0264182 0.000483837
          32   0.0296616   0.0265196 0.000479312
          33   0.0207008   0.0263432 0.000496898
          34   0.0213376    0.026196 0.000504042
          35   0.0265768   0.0262069  0.00048955
          36   0.0278672    0.026253 0.000477987
          37   0.0296512   0.0263449 0.000473874
          38   0.0270008   0.0263621 0.000461558
          39   0.0276672   0.0263956 0.000450812
          40   0.0264784   0.0263977 0.000439402
          41   0.0242104   0.0263443 0.000431858
          42   0.0304048    0.026441 0.000432397
          43   0.0254472   0.0264179 0.000422854
          44   0.0279048   0.0264517 0.000414511
          45   0.0248184   0.0264154 0.000406818
          46   0.0283632   0.0264577 0.000400122
          47   0.0284512   0.0265001 0.000393807
          48   0.0255464   0.0264803 0.000386027
          49   0.0239896   0.0264294 0.000381469
          50    0.028948   0.0264798 0.000377141
