           1   -0.589587   -0.589587           0
           2   -0.591614   -0.590601   0.0010136
           3   -0.590928    -0.59071 0.000595279
           4   -0.589549    -0.59042 0.000511306
           5   -0.590795   -0.590495 0.000403117
           6   -0.588082   -0.590093 0.000519701
           7    -0.59104   -0.590228  0.00045961
           8   -0.588008    -0.58995 0.000485211
           9   -0.591645   -0.590139   0.0004675
          10   -0.590014   -0.590126 0.000418329
          11   -0.591256   -0.590229 0.000392084
          12   -0.589453   -0.590164 0.000363719
          13   -0.590723   -0.590207 0.000337324
          14   -0.588109   -0.590057 0.000346409
          15   -0.590374   -0.590079 0.000323181
          16   -0.590227   -0.590088 0.000302451
          17   -0.589435   -0.590049 0.000286685
          18   -0.590898   -0.590097 0.000274366
          19   -0.591645   -0.590178 0.000272017
          20   -0.590157   -0.590177  0.00025806
          21   -0.591056   -0.590219 0.000249007
          22    -0.58983   -0.590201 0.000238075
          23   -0.590381   -0.590209 0.000227622
          24   -0.590358   -0.590215 0.000218021
          25   -0.591194   -0.590254 0.000212749
          26   -0.590402    -0.59026 0.000204481
          27   -0.589104   -0.590217 0.000201366
          28   -0.590973   -0.590244 0.000195909
          29   -0.589514   -0.590219 0.000190704
          30   -0.589058    -0.59018 0.000188261
          31   -0.590699   -0.590197 0.000182854
          32   -0.589875   -0.590187 0.000177333
          33   -0.589731   -0.590173  0.00017243
          34   -0.588722    -0.59013 0.000172643
          35   -0.590309   -0.590136 0.000167715
          36   -0.589931    -0.59013 0.000163089
          37   -0.589882   -0.590123 0.000158762
          38   -0.591157    -0.59015 0.000156903
          39   -0.590189   -0.590151  0.00015283
          40   -0.591408   -0.590183 0.000152237
          41   -0.590477    -0.59019 0.000148651
          42    -0.58856   -0.590151  0.00015017
          43    -0.58885   -0.590121 0.000149727
          44   -0.590026   -0.590119 0.000146301
          45   -0.589771   -0.590111 0.000143221
          46   -0.591091   -0.590132 0.000141684
          47   -0.589344   -0.590116 0.000139648
          48   -0.590704   -0.590128 0.000137256
          49    -0.59088   -0.590143   0.0001353
          50   -0.589042   -0.590121 0.000134384
