           1   0.0319336   0.0319336           0
           2   0.0327204    0.032327   0.0003934
           3   0.0295504   0.0314015 0.000952995
           4   0.0317444   0.0314872 0.000679301
           5   0.0277664    0.030743 0.000911397
           6   0.0286132   0.0303881 0.000824481
           7   0.0274372   0.0299665 0.000814405
           8   0.0305236   0.0300362 0.000708725
           9   0.0320812   0.0302634 0.000665059
          10   0.0326968   0.0305067 0.000642696
          11   0.0272184   0.0302078 0.000653698
          12   0.0290528   0.0301115 0.000604454
          13   0.0293392   0.0300521 0.000559181
          14   0.0266792   0.0298112 0.000571016
          15     0.03001   0.0298245 0.000531752
          16   0.0324304   0.0299873 0.000523395
          17    0.025708   0.0297356  0.00055234
          18   0.0305984   0.0297835 0.000522952
          19   0.0328048   0.0299425 0.000519593
          20   0.0288416   0.0298875 0.000495994
          21    0.031482   0.0299634 0.000477855
          22   0.0290352   0.0299212 0.000457566
          23    0.030982   0.0299674 0.000439645
          24   0.0311196   0.0300154 0.000423658
          25   0.0302304    0.030024 0.000406449
          26    0.031216   0.0300698 0.000393186
          27   0.0328184   0.0301716 0.000391799
          28   0.0311936   0.0302081 0.000379307
          29   0.0287736   0.0301586 0.000369322
          30    0.032854   0.0302485 0.000367937
          31   0.0282796    0.030185 0.000361493
          32   0.0302064   0.0301856 0.000350015
          33   0.0314024   0.0302225 0.000341241
          34   0.0291276   0.0301903 0.000332615
          35   0.0282732   0.0301355 0.000327583
          36    0.031456   0.0301722  0.00032046
          37   0.0312696   0.0302019 0.000313086
          38   0.0347636   0.0303219 0.000327528
          39   0.0331104   0.0303934 0.000326934
          40   0.0323504   0.0304423  0.00032239
          41    0.031178   0.0304603  0.00031494
          42   0.0290272   0.0304262 0.000309238
          43   0.0314252   0.0304494 0.000302853
          44   0.0318744   0.0304818 0.000297657
          45   0.0326996   0.0305311 0.000295112
          46   0.0307932   0.0305368 0.000288681
          47    0.033226    0.030594 0.000288209
          48   0.0333208   0.0306508 0.000287803
          49    0.030296   0.0306436 0.000281962
          50   0.0297816   0.0306263 0.000276802
          51   0.0282156   0.0305791 0.000275407
          52   0.0278672   0.0305269 0.000275048
          53   0.0296352   0.0305101 0.000270333
          54   0.0327396   0.0305514 0.000268473
          55    0.034344   0.0306203 0.000272419
          56   0.0361368   0.0307188 0.000285071
          57   0.0325492   0.0307509  0.00028186
          58   0.0302596   0.0307425 0.000277087
          59     0.03329   0.0307856 0.000275752
          60   0.0334776   0.0308305 0.000274804
          61   0.0305532    0.030826   0.0002703
          62   0.0295652   0.0308056 0.000266681
          63   0.0273764   0.0307512    0.000268
          64    0.033208   0.0307896 0.000266558
          65   0.0275488   0.0307397 0.000267119
          66     0.03139   0.0307496 0.000263225
          67    0.028612   0.0307177 0.000261222
          68   0.0309416    0.030721 0.000257373
          69   0.0319076   0.0307382 0.000254198
          70   0.0316688   0.0307515 0.000250893
          71   0.0247496   0.0306669 0.000261381
          72   0.0306488   0.0306667 0.000257725
          73   0.0324248   0.0306908 0.000255309
          74   0.0302476   0.0306848 0.000251906
          75   0.0265012    0.030629 0.000254708
          76   0.0306496   0.0306293 0.000251334
          77   0.0339972    0.030673 0.000251875
          78   0.0277156   0.0306351   0.0002515
          79    0.030666   0.0306355 0.000248296
          80   0.0330044   0.0306651 0.000246954
          81   0.0277644   0.0306293 0.000246502
          82    0.024962   0.0305602 0.000253096
          83   0.0303284   0.0305574 0.000250044
          84   0.0292664    0.030542 0.000247527
          85   0.0260408    0.030489 0.000250264
          86    0.032042   0.0305071 0.000247995
          87   0.0343772   0.0305516 0.000249132
          88   0.0269428   0.0305106 0.000249675
          89   0.0295308   0.0304996 0.000247099
          90    0.028054   0.0304724 0.000245845
          91   0.0300964   0.0304683 0.000243163
          92   0.0291148   0.0304536 0.000240955
          93   0.0289644   0.0304375 0.000238887
          94    0.029616   0.0304288 0.000236494
          95   0.0288292    0.030412 0.000234596
          96   0.0328604   0.0304375 0.000233537
          97   0.0307164   0.0304403 0.000231134
          98   0.0295596   0.0304314  0.00022894
          99   0.0309452   0.0304365 0.000226675
         100   0.0291128   0.0304233 0.000224787
