           1    0.290376    0.290376           0
           2    0.291913    0.291144 0.000768449
           3    0.289721     0.29067 0.000649584
           4    0.289612    0.290405 0.000530087
           5    0.289802    0.290285 0.000427957
           6    0.291524    0.290491 0.000405929
           7    0.289154      0.2903 0.000392676
           8    0.288649    0.290094 0.000397827
           9    0.291184    0.290215 0.000371169
          10    0.290453    0.290239 0.000332839
          11    0.291426    0.290347 0.000319824
          12    0.287788    0.290133 0.000361546
          13    0.289978    0.290121 0.000332789
          14    0.291501     0.29022 0.000323477
          15    0.291176    0.290284 0.000307811
          16    0.290012    0.290267 0.000288433
          17    0.290818    0.290299 0.000272872
          18     0.29021    0.290294 0.000257314
          19    0.292031    0.290386 0.000259984
          20    0.289024    0.290318 0.000255863
          21     0.29104    0.290352 0.000245794
          22     0.28975    0.290325 0.000235948
          23    0.288627    0.290251 0.000237234
          24    0.288288    0.290169 0.000241413
          25    0.292659    0.290269 0.000252069
          26    0.292893     0.29037 0.000262381
          27    0.288791    0.290311 0.000259158
          28    0.290993    0.290335 0.000250916
          29    0.292164    0.290398 0.000250187
          30    0.287413    0.290299 0.000261385
          31    0.293185    0.290392 0.000269409
          32    0.292184    0.290448 0.000266797
          33    0.288808    0.290398 0.000263318
          34     0.28921    0.290363 0.000257834
          35    0.287198    0.290273 0.000266196
          36    0.291829    0.290316 0.000262283
          37    0.285985    0.290199 0.000280677
          38    0.288324     0.29015 0.000277611
          39    0.290134    0.290149 0.000270399
          40    0.287095    0.290073 0.000274394
          41    0.289296    0.290054 0.000268288
          42    0.289048     0.29003 0.000262917
          43    0.290616    0.290044 0.000257092
          44    0.294162    0.290137 0.000268048
          45    0.289735    0.290128 0.000262177
          46    0.288607    0.290095 0.000258538
          47    0.291332    0.290122 0.000254343
          48    0.289089      0.2901 0.000249915
          49    0.290155    0.290101 0.000244764
          50     0.29048    0.290109 0.000239939
          51     0.29213    0.290148 0.000238503
          52    0.288514    0.290117 0.000235974
          53    0.294732    0.290204 0.000247315
          54    0.289319    0.290188 0.000243245
          55    0.291967     0.29022 0.000240963
          56    0.287274    0.290167 0.000242398
          57    0.287842    0.290127 0.000241579
          58    0.292635     0.29017 0.000241284
          59    0.290121    0.290169  0.00023716
          60    0.289664    0.290161 0.000233326
          61    0.291869    0.290189 0.000231172
          62    0.293016    0.290234 0.000231941
          63    0.287486    0.290191 0.000232361
          64    0.290216    0.290191 0.000228702
          65    0.290557    0.290197 0.000225226
          66    0.292223    0.290227 0.000223902
          67    0.287586    0.290188 0.000224032
          68    0.292499    0.290222 0.000223314
          69    0.287833    0.290187 0.000222761
          70    0.292213    0.290216 0.000221455
          71    0.290237    0.290217 0.000218313
          72    0.292331    0.290246 0.000217254
          73    0.292085    0.290271 0.000215734
          74    0.289416     0.29026 0.000213113
          75    0.290157    0.290258 0.000210256
          76    0.288301    0.290232 0.000209063
          77     0.29155     0.29025 0.000207038
          78    0.290817    0.290257 0.000204496
          79    0.292214    0.290282 0.000203405
          80    0.289054    0.290266 0.000201431
          81    0.291308    0.290279 0.000199344
          82    0.290475    0.290281 0.000196912
          83    0.291005     0.29029 0.000194721
          84    0.290964    0.290298 0.000192556
          85    0.289703    0.290291 0.000190406
          86     0.29165    0.290307 0.000188841
          87    0.291885    0.290325 0.000187537
          88    0.288537    0.290305 0.000186504
          89    0.293335    0.290339 0.000187513
          90    0.290695    0.290343  0.00018546
          91    0.288871    0.290327 0.000184123
          92    0.289061    0.290313 0.000182629
          93    0.289148      0.2903 0.000181088
          94    0.288289    0.290279 0.000180424
          95    0.291528    0.290292 0.000178998
          96    0.290313    0.290292 0.000177124
          97    0.292891    0.290319 0.000177323
          98    0.285443    0.290269 0.000182421
          99    0.291166    0.290278 0.000180796
         100    0.293482     0.29031 0.000181824
