           1     15.0493     15.0493           0
           2     14.5598     14.8046    0.244713
           3     15.8764     15.1618    0.384201
           4     14.8859     15.0929    0.280292
           5     14.5667     14.9876    0.241269
           6     14.4667     14.9008    0.215282
           7     16.2555     15.0943    0.265627
           8     14.8933     15.0692    0.231408
           9     15.1174     15.0746    0.204153
          10     15.1642     15.0835     0.18282
          11     15.5687     15.1276    0.171149
          12     14.3631     15.0639    0.168726
          13     15.0877     15.0658    0.155216
          14     14.5799      15.031    0.147834
          15      14.837     15.0181    0.138233
          16     14.5267     14.9874    0.132903
          17     14.8967     14.9821    0.124954
          18      14.898     14.9774    0.117901
          19      16.227     15.0432    0.129471
          20     15.5208      15.067    0.125127
          21     14.8881     15.0585    0.119324
          22     14.6603     15.0404    0.115202
          23     14.2537     15.0062    0.115271
          24     16.2104     15.0564    0.121234
          25     15.4986     15.0741    0.117621
          26     15.7053     15.0984    0.115585
          27      15.376     15.1086    0.111696
          28     14.8524     15.0995    0.108022
          29     14.8351     15.0904    0.104628
          30     15.1863     15.0936    0.101131
          31     16.1615      15.128    0.103704
          32     14.6087     15.1118    0.101714
          33     15.5877     15.1262   0.0996326
          34     15.4052     15.1344   0.0970056
          35     14.9963     15.1305   0.0942758
          36     15.8088     15.1493   0.0935372
          37     15.6186      15.162   0.0918541
          38     15.6052     15.1737   0.0901617
          39     14.7076     15.1617   0.0886289
          40     15.2485     15.1639    0.086412
          41     14.8191     15.1555   0.0846965
          42     15.4248     15.1619   0.0829037
          43     15.2598     15.1642   0.0809848
          44     15.6415      15.175   0.0798632
          45     14.1341     15.1519   0.0814229
          46       15.66     15.1629   0.0803957
          47     16.3081     15.1873   0.0823535
          48     14.9163     15.1816    0.080817
          49     15.5411      15.189   0.0794898
          50     15.0771     15.1867   0.0779159
