           1    0.227452    0.227452           0
           2    0.228891    0.228172 0.000719507
           3    0.227652    0.227998 0.000450128
           4    0.228437    0.228108 0.000336623
           5    0.227285    0.227943 0.000308344
           6     0.22775    0.227911 0.000253812
           7    0.226554    0.227717 0.000289188
           8     0.22559    0.227451 0.000365263
           9    0.228001    0.227513 0.000327877
          10    0.227895    0.227551 0.000295745
          11    0.229037    0.227686 0.000299695
          12    0.225997    0.227545 0.000307654
          13    0.226909    0.227496 0.000287207
          14    0.228005    0.227533 0.000268372
          15    0.228132    0.227572 0.000253015
          16    0.226317    0.227494 0.000249349
          17    0.225594    0.227382 0.000259532
          18    0.225719     0.22729 0.000261555
          19    0.228954    0.227377 0.000262455
          20    0.227468    0.227382 0.000249028
          21     0.22814    0.227418  0.00023961
          22    0.224731    0.227296 0.000259055
          23    0.226149    0.227246 0.000252511
          24    0.225286    0.227164 0.000255182
          25    0.228454    0.227216 0.000250136
          26    0.228405    0.227262 0.000244633
          27    0.227213     0.22726 0.000235405
          28    0.227499    0.227268 0.000227004
          29       0.228    0.227294 0.000220483
          30    0.226903    0.227281 0.000213404
          31    0.228861    0.227332 0.000212604
          32    0.227065    0.227323 0.000206021
          33    0.225969    0.227282 0.000203855
          34    0.226076    0.227247 0.000200924
          35     0.22496    0.227181 0.000205752
          36    0.229148    0.227236 0.000207282
          37    0.227156    0.227234 0.000201614
          38    0.226719     0.22722 0.000196704
          39    0.226701    0.227207 0.000192055
          40    0.227762    0.227221 0.000187705
          41    0.227904    0.227238 0.000183825
          42    0.228155    0.227259  0.00018072
          43    0.226797    0.227249 0.000176794
          44    0.229978    0.227311 0.000183528
          45    0.228089    0.227328 0.000180235
          46     0.22706    0.227322  0.00017637
          47    0.228536    0.227348 0.000174499
          48    0.225642    0.227312 0.000174483
          49    0.226956    0.227305  0.00017104
          50    0.226863    0.227296 0.000167818
          51    0.229468    0.227339 0.000169918
          52    0.226573    0.227324 0.000167267
          53    0.229902    0.227373 0.000171139
          54    0.226884    0.227364 0.000168184
          55    0.229461    0.227402 0.000169446
          56    0.224625    0.227352 0.000173623
          57     0.22578    0.227325 0.000172767
          58    0.228513    0.227345 0.000170993
          59    0.228182    0.227359 0.000168667
          60    0.228293    0.227375 0.000166561
          61    0.227425    0.227376  0.00016381
          62    0.229162    0.227405 0.000163701
          63    0.230031    0.227446  0.00016639
          64    0.228227    0.227458 0.000164223
          65    0.228439    0.227474  0.00016238
          66    0.228823    0.227494 0.000161203
          67     0.22624    0.227475 0.000159878
          68    0.229525    0.227505 0.000160368
          69     0.22688    0.227496 0.000158286
          70    0.227907    0.227502 0.000156119
          71    0.228558    0.227517  0.00015462
          72    0.229337    0.227542  0.00015454
          73    0.227859    0.227547  0.00015247
          74    0.226682    0.227535 0.000150849
          75    0.227826    0.227539 0.000148875
          76    0.225478    0.227512 0.000149385
          77    0.227404     0.22751 0.000147438
          78    0.230042    0.227543 0.000149111
          79    0.229603    0.227569 0.000149504
          80    0.226043     0.22755  0.00014885
          81    0.228546    0.227562 0.000147515
          82    0.227471    0.227561 0.000145709
          83    0.228611    0.227574 0.000144497
          84    0.227271     0.22757 0.000142812
          85    0.229679    0.227595 0.000143286
          86     0.22873    0.227608 0.000142224
          87    0.228414    0.227617 0.000140885
          88    0.226074      0.2276 0.000140375
          89    0.226564    0.227588 0.000139276
          90    0.226093    0.227572 0.000138718
          91    0.229301    0.227591 0.000138494
          92    0.228842    0.227604 0.000137655
          93    0.228834    0.227617 0.000136807
          94    0.225857    0.227599 0.000136634
          95    0.227823    0.227601 0.000135209
          96    0.227744    0.227602 0.000133801
          97    0.227089    0.227597  0.00013252
          98    0.224474    0.227565 0.000134976
          99    0.227906    0.227569  0.00013365
         100    0.227304    0.227566 0.000132334
