           1   0.0431112   0.0431112           0
           2     0.04043   0.0417706   0.0013406
           3   0.0396648   0.0410687  0.00104488
           4   0.0425044   0.0414276 0.000821415
           5   0.0371032   0.0405627  0.00107371
           6   0.0361348   0.0398247  0.00114595
           7   0.0357204   0.0392384  0.00113216
           8   0.0409608   0.0394537  0.00100384
           9   0.0422428   0.0397636 0.000937975
          10   0.0435852   0.0401458 0.000921891
          11   0.0384176   0.0399887 0.000848553
          12   0.0389864   0.0399051 0.000779109
          13   0.0379532    0.039755 0.000732235
          14   0.0338448   0.0393328 0.000798617
          15     0.03988   0.0393693 0.000744366
          16    0.042904   0.0395902 0.000730497
          17   0.0325288   0.0391748 0.000802113
          18   0.0378292   0.0391001 0.000759925
          19   0.0445732   0.0393881 0.000774388
          20   0.0397976   0.0394086 0.000734934
          21   0.0416272   0.0395143    0.000707
          22    0.038986   0.0394903 0.000674525
          23    0.041054   0.0395582 0.000648107
          24   0.0400996   0.0395808 0.000620925
          25   0.0385832   0.0395409 0.000596906
          26   0.0392172   0.0395284 0.000573624
          27   0.0426264   0.0396432 0.000563769
          28   0.0425832   0.0397482 0.000553316
          29    0.035604   0.0396053 0.000552689
          30   0.0425872   0.0397047 0.000543121
          31   0.0387628   0.0396743 0.000526187
          32   0.0376984   0.0396126 0.000513206
          33   0.0401812   0.0396298  0.00049771
          34   0.0368408   0.0395478 0.000489768
          35   0.0380928   0.0395062 0.000477382
          36   0.0413748   0.0395581 0.000466827
          37   0.0390512   0.0395444 0.000454241
          38   0.0443688   0.0396713 0.000459993
          39   0.0416404   0.0397218 0.000450879
          40   0.0415104   0.0397665 0.000441731
          41   0.0404124   0.0397823  0.00043111
          42   0.0377848   0.0397347   0.0004234
          43   0.0424072   0.0397969 0.000418082
          44   0.0415648   0.0398371 0.000410441
          45   0.0432944   0.0399139 0.000408506
          46   0.0429812   0.0399806 0.000405053
          47    0.043978   0.0400656 0.000405364
          48   0.0422892    0.040112 0.000399524
          49    0.040762   0.0401252  0.00039151
          50    0.038174   0.0400862  0.00038558
          51    0.040398   0.0400923 0.000377994
          52   0.0361244    0.040016 0.000378426
          53   0.0405376   0.0400258 0.000371348
          54   0.0390724   0.0400082 0.000364834
          55   0.0444396   0.0400888  0.00036709
          56   0.0449268   0.0401752 0.000370684
          57   0.0403464   0.0401782 0.000364135
          58    0.041218   0.0401961  0.00035825
          59   0.0442772   0.0402653 0.000358856
          60   0.0446076   0.0403376  0.00036017
          61   0.0397096   0.0403273 0.000354366
          62   0.0384104   0.0402964 0.000349972
          63   0.0370368   0.0402447 0.000348237
          64   0.0437772   0.0402999 0.000347169
          65   0.0383404   0.0402697 0.000343113
          66   0.0426276   0.0403055 0.000339758
          67   0.0382392   0.0402746 0.000336066
          68   0.0392344   0.0402593  0.00033144
          69   0.0418176   0.0402819 0.000327381
          70    0.039574   0.0402718 0.000322829
          71   0.0321868   0.0401579 0.000338009
          72   0.0386412   0.0401368 0.000333946
          73   0.0438876   0.0401882 0.000333324
          74   0.0422904   0.0402166 0.000330013
          75   0.0359948   0.0401603 0.000330414
          76     0.03996   0.0401577 0.000326048
          77    0.041716   0.0401779 0.000322421
          78   0.0335544    0.040093 0.000329395
          79   0.0380344    0.040067 0.000326241
          80   0.0429392   0.0401029 0.000324132
          81   0.0357248   0.0400488 0.000324636
          82    0.036826   0.0400095 0.000323053
          83   0.0395748   0.0400043  0.00031918
          84   0.0381572   0.0399823 0.000316123
          85   0.0344184   0.0399168 0.000319166
          86    0.042404   0.0399458 0.000316756
          87   0.0443148    0.039996 0.000317096
          88   0.0367392    0.039959 0.000315649
          89   0.0403352   0.0399632 0.000312111
          90   0.0362792   0.0399223 0.000311326
          91    0.039156   0.0399138 0.000308001
          92     0.03512   0.0398617 0.000309059
          93   0.0366156   0.0398268 0.000307704
          94   0.0391292   0.0398194 0.000304503
          95   0.0384568   0.0398051 0.000301622
          96   0.0430164   0.0398385 0.000300332
          97   0.0406824   0.0398472 0.000297347
          98   0.0410668   0.0398597  0.00029456
          99   0.0399012   0.0398601  0.00029157
         100   0.0390892   0.0398524 0.000288743
