           1    -0.60253    -0.60253           0
           2   -0.601396   -0.601963   0.0005672
           3   -0.601186   -0.601704  0.00041764
           4   -0.601294   -0.601601 0.000312631
           5   -0.602094     -0.6017 0.000261467
           6   -0.601793   -0.601715 0.000214046
           7   -0.600807   -0.601586 0.000222624
           8   -0.602277   -0.601672 0.000211266
           9   -0.601328   -0.601634 0.000190202
          10   -0.602366   -0.601707 0.000185223
          11   -0.602151   -0.601747 0.000172335
          12   -0.602566   -0.601816 0.000171484
          13   -0.601775   -0.601813 0.000157773
          14   -0.601399   -0.601783 0.000149024
          15   -0.600715   -0.601712 0.000155934
          16   -0.601411   -0.601693 0.000147069
          17   -0.601664   -0.601691 0.000138158
          18   -0.601631   -0.601688 0.000130299
          19   -0.601257   -0.601665 0.000125323
          20    -0.60239   -0.601702 0.000124296
          21   -0.601084   -0.601672 0.000121832
          22   -0.601015   -0.601642  0.00011994
          23   -0.601691   -0.601644 0.000114626
          24   -0.601979   -0.601658 0.000110629
          25   -0.600856   -0.601626 0.000110859
          26   -0.600841   -0.601596 0.000110712
          27   -0.602428   -0.601627 0.000110899
          28   -0.601379   -0.601618  0.00010723
          29   -0.601266   -0.601606 0.000104175
          30   -0.602053   -0.601621 0.000101739
          31   -0.601557   -0.601619  9.8424e-05
          32   -0.601242   -0.601607 9.60247e-05
          33    -0.60161   -0.601607 9.30694e-05
          34   -0.600249   -0.601567 9.87337e-05
          35   -0.601229   -0.601557 9.63574e-05
          36   -0.600834   -0.601537  9.5777e-05
          37   -0.601473   -0.601536 9.31688e-05
          38   -0.601151   -0.601525 9.12463e-05
          39   -0.602784   -0.601558 9.45528e-05
          40   -0.601343   -0.601552 9.23147e-05
          41   -0.601574   -0.601553 9.00364e-05
          42   -0.601434    -0.60155 8.79118e-05
          43   -0.601222   -0.601542 8.61807e-05
          44   -0.601158   -0.601534 8.46524e-05
          45   -0.601159   -0.601525 8.31673e-05
          46   -0.601899   -0.601534 8.17441e-05
          47   -0.601795   -0.601539 8.01795e-05
          48   -0.601714   -0.601543 7.85755e-05
          49   -0.601879    -0.60155 7.72609e-05
          50   -0.601439   -0.601547 7.57321e-05
          51   -0.600873   -0.601534 7.54016e-05
          52   -0.601714   -0.601538 7.40178e-05
          53   -0.602461   -0.601555  7.4668e-05
          54   -0.602042   -0.601564 7.38241e-05
          55   -0.601291   -0.601559  7.2639e-05
          56    -0.60095   -0.601548 7.21557e-05
          57    -0.60125   -0.601543 7.10708e-05
          58   -0.602848   -0.601565 7.33699e-05
          59   -0.601963   -0.601572   7.243e-05
          60   -0.601913   -0.601578 7.14385e-05
          61   -0.603009   -0.601601 7.40702e-05
          62   -0.602149    -0.60161 7.33987e-05
          63   -0.602386   -0.601622 7.32655e-05
          64   -0.600984   -0.601613 7.27985e-05
          65   -0.602154   -0.601621  7.2153e-05
          66   -0.600894    -0.60161 7.19007e-05
          67    -0.60287   -0.601629  7.3273e-05
          68   -0.601078   -0.601621 7.26408e-05
          69    -0.60135   -0.601617 7.16873e-05
          70   -0.601543   -0.601616 7.06635e-05
          71   -0.601296   -0.601611 6.98064e-05
          72    -0.60255   -0.601624 7.00535e-05
          73   -0.600863   -0.601614 6.98691e-05
          74   -0.602521   -0.601626 7.00001e-05
          75   -0.601894    -0.60163 6.91532e-05
          76   -0.603304   -0.601652 7.17061e-05
          77   -0.601694   -0.601652 7.07709e-05
          78   -0.601505    -0.60165 6.98832e-05
          79   -0.600709   -0.601638 7.00145e-05
          80   -0.602042   -0.601643 6.93181e-05
          81   -0.602159    -0.60165 6.87525e-05
          82    -0.60185   -0.601652 6.79526e-05
          83   -0.601722   -0.601653 6.71343e-05
          84   -0.603242   -0.601672 6.89762e-05
          85   -0.601616   -0.601671 6.81631e-05
          86   -0.601503   -0.601669 6.73942e-05
          87   -0.602342   -0.601677 6.70628e-05
          88   -0.601769   -0.601678 6.63045e-05
          89   -0.602112   -0.601683 6.57363e-05
          90   -0.601636   -0.601682 6.50039e-05
          91   -0.600781   -0.601673 6.50447e-05
          92   -0.601297   -0.601668 6.44633e-05
          93    -0.60195   -0.601671  6.3838e-05
          94   -0.601513    -0.60167 6.31778e-05
          95    -0.60147   -0.601668 6.25447e-05
          96   -0.601955   -0.601671 6.19622e-05
          97    -0.60164    -0.60167 6.13209e-05
          98   -0.602076   -0.601674  6.0833e-05
          99   -0.602357   -0.601681 6.06085e-05
         100   -0.601403   -0.601679 6.00638e-05
