           1   -0.964267   -0.964267           0
           2    -0.96719   -0.965729   0.0014616
           3   -0.972352   -0.967937  0.00236351
           4   -0.976107   -0.969979  0.00263924
           5   -0.971558   -0.970295   0.0020686
           6   -0.973598   -0.970846  0.00177647
           7   -0.974141   -0.971316  0.00157346
           8    -0.97344   -0.971582  0.00138827
           9    -0.97649   -0.972127  0.00134029
          10   -0.974349   -0.972349   0.0012192
          11   -0.973598   -0.972463  0.00110864
          12   -0.969096   -0.972182  0.00105022
          13   -0.972954   -0.972242 0.000967882
          14   -0.972875   -0.972287 0.000897226
          15   -0.980856   -0.972858  0.00101195
          16   -0.975632   -0.973032 0.000962334
          17   -0.973726   -0.973072  0.00090488
          18   -0.969582   -0.972878 0.000874883
          19   -0.973565   -0.972915 0.000828345
          20    -0.97456   -0.972997 0.000790132
          21   -0.976674   -0.973172 0.000771689
          22   -0.978035   -0.973393 0.000768266
          23   -0.976694   -0.973537 0.000748005
          24   -0.977027   -0.973682  0.00073078
          25   -0.969706   -0.973523 0.000718759
          26   -0.973683   -0.973529 0.000690589
          27   -0.968234   -0.973333 0.000692859
          28   -0.978435   -0.973515 0.000692076
          29   -0.973242   -0.973506 0.000667851
          30   -0.974366   -0.973534 0.000645843
          31   -0.972946   -0.973515 0.000624951
          32   -0.975163   -0.973567 0.000607293
          33   -0.970773   -0.973482 0.000594661
          34   -0.977949   -0.973614 0.000591674
          35   -0.974822   -0.973648 0.000575558
          36   -0.975059   -0.973687 0.000560713
          37   -0.979547   -0.973846 0.000567879
          38   -0.974834   -0.973872 0.000553344
          39   -0.978272   -0.973985 0.000550652
          40   -0.974162   -0.973989 0.000536727
          41   -0.972146   -0.973944   0.0005254
          42   -0.974267   -0.973952 0.000512796
          43    -0.97329   -0.973936 0.000500965
          44   -0.968986   -0.973824 0.000502214
          45   -0.975312   -0.973857 0.000492039
          46   -0.972842   -0.973835  0.00048173
          47   -0.976779   -0.973897 0.000475513
          48   -0.972554   -0.973869 0.000466343
          49   -0.974962   -0.973892  0.00045727
          50   -0.976518   -0.973944   0.0004511
