           1   -0.527424   -0.527424           0
           2   -0.529586   -0.528505   0.0010808
           3   -0.528794   -0.528601 0.000631382
           4   -0.527349   -0.528288 0.000545282
           5   -0.529181   -0.528467 0.000458566
           6   -0.527312   -0.528274 0.000420971
           7   -0.529034   -0.528383 0.000371961
           8   -0.526976   -0.528207  0.00036699
           9   -0.530026   -0.528409 0.000381566
          10   -0.528384   -0.528406 0.000341292
          11   -0.529346   -0.528492   0.0003203
          12   -0.527795   -0.528434 0.000298099
          13   -0.528768   -0.528459 0.000275414
          14   -0.527106   -0.528363 0.000272705
          15   -0.528102   -0.528345 0.000254468
          16   -0.528714   -0.528368 0.000239142
          17   -0.527856   -0.528338 0.000226648
          18   -0.528885   -0.528369 0.000215833
          19     -0.5294   -0.528423 0.000211251
          20   -0.528573    -0.52843  0.00020055
          21   -0.529403   -0.528477 0.000196305
          22   -0.527851   -0.528448 0.000189317
          23   -0.528763   -0.528462 0.000181416
          24   -0.527664   -0.528429 0.000176846
          25   -0.530035   -0.528493 0.000181389
          26   -0.529846   -0.528545 0.000181881
          27    -0.52961   -0.528584 0.000179401
          28    -0.52939   -0.528613 0.000175255
          29   -0.527195   -0.528564 0.000176031
          30   -0.526622     -0.5285 0.000181966
          31    -0.52975    -0.52854 0.000180564
          32   -0.529022   -0.528555 0.000175479
          33   -0.528198   -0.528544 0.000170421
          34   -0.528538   -0.528544 0.000165333
          35   -0.529587   -0.528574 0.000163283
          36   -0.528453    -0.52857 0.000158718
          37   -0.528277   -0.528563 0.000154573
          38   -0.529766   -0.528594 0.000153749
          39   -0.529405   -0.528615  0.00015119
          40   -0.530358   -0.528659 0.000153672
          41   -0.528758   -0.528661 0.000149897
          42   -0.527987   -0.528645 0.000147162
          43   -0.527288   -0.528613 0.000147123
          44   -0.528213   -0.528604 0.000144029
          45   -0.528642   -0.528605 0.000140794
          46   -0.528866   -0.528611 0.000137816
          47   -0.529093   -0.528621 0.000135241
          48   -0.528906   -0.528627 0.000132526
          49   -0.528696   -0.528628 0.000129801
          50   -0.527211     -0.5286 0.000130299
