           1     9.67622     9.67622           0
           2     9.87941     9.77782    0.101596
           3     9.55141     9.70235   0.0955836
           4     9.59687     9.67598   0.0725495
           5     9.45184     9.63115   0.0718858
           6     9.78149     9.65621   0.0638192
           7     10.0687     9.71513   0.0798841
           8     9.84697     9.73161   0.0711174
           9      10.304     9.79521   0.0893254
          10      9.8978     9.80547    0.080551
          11     9.68594     9.79461   0.0736669
          12     9.73011     9.78923   0.0674628
          13      9.6913      9.7817   0.0625123
          14     9.84666     9.78634   0.0580609
          15     9.78071     9.78596    0.054053
          16     9.85238     9.79011   0.0507321
          17     9.98307     9.80146   0.0489875
          18     10.0167     9.81342    0.047708
          19     10.3239     9.84029   0.0525203
          20     9.43343     9.81995    0.053818
          21     9.93048     9.82521    0.051461
          22     9.39286     9.80556   0.0528555
          23     9.86443     9.80812     0.05057
          24      9.3281     9.78812   0.0523855
          25     9.81131     9.78904   0.0502549
          26     9.67027     9.78447    0.048499
          27     10.1445     9.79781   0.0485358
          28     10.1521     9.81046   0.0484513
          29     10.0832     9.81987   0.0476875
          30     9.94004     9.82387   0.0462443
          31     9.97614     9.82878   0.0449966
          32     9.70985     9.82507    0.043726
          33     9.65116      9.8198   0.0427067
          34     9.63761     9.81444   0.0417766
          35     9.95375     9.81842   0.0407603
          36     9.65759     9.81395    0.039863
          37     9.77956     9.81302   0.0387818
          38     9.77392     9.81199   0.0377614
          39     10.2801       9.824   0.0386892
          40     9.90683     9.82607   0.0377664
          41     9.37469     9.81506   0.0384438
          42       10.03     9.82017   0.0378646
          43     9.76215     9.81882   0.0369982
          44     9.93568     9.82148   0.0362449
          45     9.93002     9.82389   0.0355123
          46     9.74328     9.82214   0.0347759
          47     10.0837      9.8277   0.0344799
          48     9.76743     9.82645   0.0337773
          49     9.90045     9.82796   0.0331152
          50     9.45701     9.82054   0.0332836
          51     9.72622     9.81869   0.0326768
          52     9.87654      9.8198   0.0320616
          53     10.0743     9.82461   0.0318154
          54     9.87168     9.82548   0.0312328
          55      10.032     9.82923   0.0308888
          56     9.15517      9.8172   0.0326332
          57     9.61308     9.81361    0.032255
          58     9.80122      9.8134   0.0316947
          59     9.57679     9.80939     0.03141
          60     9.66485     9.80698   0.0309758
          61     9.62503       9.804   0.0306095
          62     9.36375      9.7969   0.0309376
          63     9.84804     9.79771   0.0304534
          64     9.47989     9.79274   0.0303824
          65     9.65654     9.79065   0.0299846
          66     9.97431     9.79343   0.0296577
          67     9.84538     9.79421   0.0292219
          68     10.2682     9.80118   0.0296208
          69     9.72431     9.80006   0.0292096
          70     9.82345      9.8004   0.0287912
          71      9.7097     9.79912   0.0284116
          72     9.87082     9.80012   0.0280319
          73     10.0244     9.80319   0.0278154
          74      10.089     9.80705   0.0277074
          75     9.56223     9.80379   0.0275297
          76     10.0724     9.80732    0.027394
          77     9.98933     9.80968   0.0271391
          78     9.92873     9.81121   0.0268323
          79     9.86361     9.81187   0.0264988
          80     9.68761     9.81032   0.0262115
          81     10.0863     9.81373   0.0261092
          82     9.67998      9.8121   0.0258404
          83      9.5495     9.80893   0.0257225
          84     9.91399     9.81018   0.0254452
          85     9.68892     9.80876   0.0251845
          86     10.0514     9.81158   0.0250493
          87     9.66523      9.8099   0.0248168
          88      10.046     9.81258   0.0246794
          89     9.92349     9.81383   0.0244323
          90     10.0406     9.81634   0.0242904
          91     9.44794      9.8123   0.0243607
          92     10.2364     9.81691   0.0245314
          93     9.81542     9.81689   0.0242662
          94     9.39953     9.81245   0.0244138
          95     10.1221     9.81571   0.0243744
          96     9.67084      9.8142   0.0241663
          97     9.98723     9.81598   0.0239823
          98     9.64016     9.81419    0.023804
          99     9.73717     9.81341   0.0235752
         100     9.64837     9.81176   0.0233965
