           1    0.251962    0.251962           0
           2    0.174611    0.213287   0.0386756
           3    0.227599    0.218058   0.0228333
           4     0.22003    0.218551   0.0161531
           5    0.223643    0.219569   0.0125535
           6    0.232866    0.221785   0.0104868
           7    0.210824    0.220219  0.00900022
           8    0.193881    0.216927  0.00846123
           9    0.217991    0.217045  0.00746304
          10     0.26909     0.22225   0.0084643
          11    0.221525    0.222184  0.00765654
          12     0.25114    0.224597  0.00739423
          13    0.226106    0.224713   0.0068027
          14    0.202186    0.223104  0.00650038
          15    0.198039    0.221433  0.00627799
          16     0.25701    0.223657  0.00627938
          17    0.218846    0.223374  0.00590523
          18    0.233992    0.223963  0.00559867
          19    0.221134    0.223815  0.00529791
          20    0.213436    0.223296  0.00505276
          21    0.229791    0.223605  0.00481607
          22    0.197164    0.222403  0.00474662
          23    0.194512     0.22119  0.00469487
          24    0.218279    0.221069  0.00449663
          25    0.183651    0.219572  0.00456533
          26    0.218622    0.219536  0.00438638
          27    0.210222    0.219191  0.00423487
          28     0.24878    0.220248  0.00421543
          29    0.220279    0.220249  0.00406748
          30    0.221921    0.220304  0.00392995
          31    0.210909    0.220001  0.00381313
          32    0.191997    0.219126  0.00379435
          33    0.197663    0.218476  0.00373464
          34    0.208386    0.218179  0.00363527
          35    0.223114     0.21832  0.00353269
          36    0.248766    0.219166  0.00353579
          37    0.225503    0.219337  0.00344317
          38    0.242843    0.219956  0.00340794
          39     0.22494    0.220083  0.00332187
          40     0.23138    0.220366  0.00325005
          41    0.225474     0.22049  0.00317224
          42    0.237606    0.220898  0.00312249
          43    0.206219    0.220557  0.00306806
          44    0.229387    0.220757  0.00300424
          45    0.202979    0.220362  0.00296317
          46    0.248721    0.220979  0.00296288
          47    0.225488    0.221075  0.00290075
          48    0.231938    0.221301  0.00284867
          49    0.220045    0.221275  0.00279005
          50    0.226275    0.221375  0.00273551
