           1     1.80587     1.80587           0
           2     1.80933      1.8076  0.00172823
           3     1.77868     1.79796  0.00969194
           4     1.80715     1.80026  0.00722776
           5     1.82136     1.80448  0.00701157
           6     1.82751     1.80832  0.00689231
           7     1.80604     1.80799  0.00583413
           8     1.83712     1.81163  0.00622805
           9     1.82495     1.81311   0.0056885
          10     1.85632     1.81743  0.00667498
          11     1.83741     1.81925  0.00630499
          12     1.79639     1.81735  0.00606273
          13     1.84774     1.81968  0.00604711
          14      1.8197     1.81968  0.00559854
          15     1.79956     1.81834  0.00538182
          16     1.82505     1.81876  0.00505165
          17     1.86135     1.82127  0.00536582
          18     1.77879     1.81891  0.00558235
          19     1.79541     1.81767  0.00542326
          20     1.82791     1.81818  0.00517036
          21     1.81407     1.81799   0.0049219
          22     1.80999     1.81762  0.00470688
          23     1.82437     1.81792  0.00450714
          24     1.80899     1.81754  0.00433126
          25     1.82046     1.81766  0.00415604
          26     1.79589     1.81682  0.00407988
          27     1.82912     1.81728  0.00395219
          28     1.83542     1.81793  0.00386314
          29     1.81378     1.81778  0.00373029
          30     1.83187     1.81825  0.00363427
          31     1.84076     1.81898  0.00358931
          32     1.83481     1.81947  0.00351035
          33     1.82376      1.8196  0.00340479
          34     1.77994     1.81844  0.00350308
          35     1.83767     1.81899  0.00344563
          36     1.84777     1.81979   0.0034427
          37     1.81756     1.81973  0.00334891
          38     1.79944     1.81919  0.00330303
          39     1.81513     1.81909  0.00321891
          40     1.83948      1.8196  0.00317857
          41     1.79039     1.81889  0.00318086
          42     1.81187     1.81872  0.00310868
          43     1.79423     1.81815  0.00308849
          44     1.85513     1.81899  0.00313232
          45     1.79318     1.81842  0.00311518
          46     1.80482     1.81812  0.00306101
          47     1.81815     1.81812  0.00299517
          48     1.80587     1.81787  0.00294319
          49     1.82559     1.81802  0.00288681
          50     1.81075     1.81788  0.00283222
          51     1.81713     1.81786  0.00277617
          52     1.82127     1.81793  0.00272305
          53     1.82145       1.818    0.002672
          54      1.8038     1.81773  0.00263521
          55     1.82653     1.81789  0.00259179
          56      1.8035     1.81764  0.00255803
          57     1.81722     1.81763  0.00251276
          58      1.8143     1.81757  0.00246972
          59        1.82     1.81761  0.00242785
          60     1.81989     1.81765  0.00238735
          61     1.79941     1.81735  0.00236686
          62     1.81701     1.81735  0.00232838
          63     1.80018     1.81707  0.00230727
          64     1.85173     1.81761  0.00233462
          65     1.82239     1.81769   0.0022996
          66     1.79174     1.81729  0.00229837
          67     1.83848     1.81761  0.00228578
          68      1.8038     1.81741  0.00226105
          69      1.8132     1.81735  0.00222888
          70      1.8344     1.81759  0.00221028
          71     1.81974     1.81762  0.00217914
          72     1.81346     1.81756  0.00214943
          73     1.79852      1.8173  0.00213577
          74     1.80678     1.81716   0.0021115
          75     1.81374     1.81711  0.00208366
          76     1.78033     1.81663  0.00211225
          77     1.80927     1.81654  0.00208683
          78     1.81379      1.8165   0.0020602
          79     1.79755     1.81626  0.00204804
          80      1.8489     1.81667  0.00206304
          81     1.83554      1.8169  0.00205068
          82     1.81338     1.81686  0.00202597
          83     1.82115     1.81691  0.00200208
          84       1.823     1.81698  0.00197943
          85     1.82172     1.81704   0.0019568
          86     1.80788     1.81693  0.00193684
          87     1.82195     1.81699  0.00191532
          88     1.82063     1.81703  0.00189388
          89     1.80523      1.8169  0.00187716
          90     1.81208     1.81684  0.00185696
          91     1.83128       1.817  0.00184328
          92      1.8299     1.81714  0.00182852
          93     1.82577     1.81724  0.00181113
          94     1.82539     1.81732  0.00179386
          95     1.80082     1.81715  0.00178336
          96     1.82451     1.81723  0.00176635
          97      1.8147      1.8172  0.00174823
          98     1.80744      1.8171  0.00173317
          99     1.86475     1.81758  0.00178181
         100     1.79362     1.81734   0.0017801
