           1    0.202852    0.202852           0
           2    0.204124    0.203488 0.000635931
           3    0.201244     0.20274 0.000833296
           4    0.202962    0.202796 0.000591832
           5    0.202162    0.202669 0.000475643
           6    0.201102    0.202408 0.000468009
           7    0.200136    0.202083 0.000511655
           8    0.201331    0.201989 0.000452981
           9    0.202958    0.202097 0.000413747
          10    0.202127      0.2021 0.000370079
          11    0.203282    0.202207 0.000351583
          12    0.200974    0.202104 0.000337006
          13    0.202449    0.202131 0.000311134
          14    0.202104    0.202129 0.000288061
          15    0.202292     0.20214  0.00026839
          16    0.200777    0.202055 0.000265119
          17    0.200387    0.201957  0.00026766
          18    0.201738    0.201945 0.000252646
          19     0.20308    0.202004 0.000246334
          20    0.203009    0.202054 0.000239034
          21    0.201836    0.202044 0.000227604
          22    0.199736    0.201939 0.000241051
          23    0.201287    0.201911  0.00023207
          24    0.201218    0.201882 0.000224057
          25    0.202552    0.201909 0.000216574
          26    0.202839    0.201945 0.000211131
          27    0.203106    0.201988 0.000207663
          28    0.202696    0.202013 0.000201703
          29    0.202535    0.202031 0.000195454
          30    0.202327    0.202041 0.000189084
          31    0.204319    0.202114 0.000197093
          32    0.202213    0.202117  0.00019086
          33    0.201069    0.202086 0.000187694
          34    0.200436    0.202037  0.00018844
          35    0.199887    0.201976 0.000193012
          36    0.203949     0.20203 0.000195417
          37    0.201879    0.202026 0.000190106
          38    0.201771     0.20202 0.000185158
          39    0.201181    0.201998 0.000181626
          40    0.202939    0.202022 0.000178582
          41    0.202924    0.202044 0.000175556
          42    0.202914    0.202064 0.000172574
          43    0.202888    0.202083   0.0001696
          44    0.203578    0.202117 0.000169145
          45    0.202398    0.202124 0.000165461
          46    0.203524    0.202154  0.00016466
          47    0.203562    0.202184 0.000163881
          48    0.202183    0.202184 0.000160431
          49     0.20099     0.20216 0.000159002
          50    0.202478    0.202166  0.00015592
          51    0.202766    0.202178 0.000153283
          52    0.202269     0.20218 0.000150317
          53    0.203132    0.202198 0.000148544
          54    0.201415    0.202183 0.000146486
          55    0.203354    0.202204 0.000145365
          56    0.200462    0.202173 0.000146098
          57    0.200023    0.202136 0.000148386
          58     0.20225    0.202137 0.000145819
          59    0.203267    0.202157 0.000144599
          60    0.202481    0.202162 0.000142271
          61    0.201489    0.202151 0.000140353
          62    0.203064    0.202166 0.000138854
          63    0.203599    0.202188 0.000138515
          64    0.202878    0.202199 0.000136758
          65    0.202317    0.202201  0.00013465
          66    0.202675    0.202208 0.000132788
          67    0.200891    0.202189 0.000132261
          68    0.203345    0.202206 0.000131407
          69    0.201973    0.202202 0.000129532
          70    0.203795    0.202225 0.000129679
          71    0.203747    0.202246 0.000129625
          72    0.203637    0.202266 0.000129262
          73    0.203015    0.202276 0.000127891
          74    0.201246    0.202262 0.000126916
          75     0.20272    0.202268 0.000125361
          76    0.200961    0.202251 0.000124891
          77    0.202138    0.202249 0.000123267
          78    0.202374    0.202251 0.000121686
          79    0.203839    0.202271 0.000121806
          80    0.202192     0.20227 0.000120278
          81    0.202363    0.202271 0.000118789
          82    0.200807    0.202253 0.000118682
          83    0.203258    0.202266 0.000117867
          84    0.201747    0.202259 0.000116618
          85    0.204588    0.202287  0.00011845
          86    0.203164    0.202297 0.000117508
          87     0.20297    0.202305 0.000116407
          88    0.201672    0.202298   0.0001153
          89    0.201363    0.202287  0.00011448
          90    0.201605    0.202279 0.000113454
          91    0.203082    0.202288 0.000112546
          92    0.203443    0.202301 0.000112022
          93    0.203269    0.202311 0.000111298
          94    0.199336     0.20228 0.000114566
          95    0.203926    0.202297  0.00011467
          96    0.202649    0.202301 0.000113528
          97    0.202034    0.202298 0.000112386
          98    0.200023    0.202275 0.000113629
          99    0.201153    0.202263 0.000113045
         100    0.201257    0.202253 0.000112361
