           1   0.0994716   0.0994716           0
           2    0.100934    0.100203   0.0007312
           3     0.10852    0.102975  0.00280436
           4   0.0939876    0.100728  0.00299679
           5    0.098784    0.100339  0.00235365
           6     0.10101    0.100451  0.00192499
           7      0.0963   0.0998581  0.00173162
           8    0.103321    0.100291  0.00156085
           9     0.10369    0.100669  0.00142741
          10    0.100162    0.100618  0.00127772
          11   0.0965696     0.10025  0.00121292
          12   0.0876884   0.0992031  0.00152373
          13   0.0938056   0.0987879  0.00146183
          14    0.100856   0.0989356  0.00136143
          15    0.105415   0.0993676  0.00133901
          16    0.108019   0.0999083  0.00136426
          17   0.0878636   0.0991998  0.00146432
          18     0.10068    0.099282  0.00138302
          19    0.111202   0.0999094  0.00145087
          20   0.0987432   0.0998511  0.00137765
          21    0.102266   0.0999661  0.00131545
          22    0.103474    0.100126  0.00126432
          23   0.0924908   0.0997936  0.00125288
          24    0.101845   0.0998791  0.00120258
          25    0.101959   0.0999623  0.00115647
          26     0.10886    0.100304  0.00116261
          27     0.10692     0.10055  0.00114524
          28    0.105571    0.100729  0.00111806
          29   0.0912312    0.100401  0.00112743
          30    0.111013    0.100755   0.0011452
          31    0.087742    0.100335  0.00118451
          32   0.0923176    0.100085  0.00117395
          33    0.106812    0.100289  0.00115594
          34   0.0997284    0.100272  0.00112154
          35   0.0891356   0.0999539  0.00113456
          36     0.10147    0.099996   0.0011034
          37    0.106621    0.100175    0.001088
          38    0.096638    0.100082  0.00106306
          39     0.10538    0.100218  0.00104432
          40    0.106775    0.100382  0.00103099
          41    0.100692    0.100389  0.00100556
          42   0.0875632    0.100084  0.00102774
          43    0.102997    0.100152  0.00100584
          44     0.10031    0.100155 0.000982723
          45    0.103488    0.100229 0.000963488
          46    0.105735    0.100349 0.000949881
          47    0.111789    0.100592 0.000960792
          48    0.108745    0.100762 0.000955776
          49     0.10925    0.100936 0.000951957
          50   0.0928004    0.100773 0.000946808
          51    0.101438    0.100786 0.000928149
          52      0.0979     0.10073 0.000911816
          53   0.0990676    0.100699 0.000894996
          54    0.104505    0.100769 0.000881089
          55     0.10747    0.100891 0.000873458
          56    0.108558    0.101028 0.000868575
          57   0.0942452    0.100909 0.000861459
          58   0.0997032    0.100888 0.000846732
          59    0.102046    0.100908 0.000832488
          60    0.102441    0.100934 0.000818894
          61    0.104046    0.100985 0.000806973
          62    0.102837    0.101014 0.000794413
          63     0.08923    0.100827  0.00080377
          64    0.099452    0.100806 0.000791403
          65    0.101176    0.100812 0.000779154
          66    0.105638    0.100885 0.000770735
          67   0.0981116    0.100843 0.000760272
          68    0.102017    0.100861 0.000749207
          69    0.109616    0.100988 0.000749093
          70    0.102415    0.101008 0.000738596
          71   0.0999152    0.100993 0.000728281
          72   0.0985972    0.100959 0.000718865
          73    0.116213    0.101168 0.000739103
          74    0.104496    0.101213 0.000730432
          75    0.101741     0.10122 0.000720661
          76    0.101442    0.101223 0.000711121
          77   0.0998992    0.101206 0.000702036
          78   0.0968324     0.10115 0.000695242
          79    0.100983    0.101148 0.000686388
          80    0.110302    0.101262 0.000687345
          81    0.106916    0.101332 0.000682385
          82   0.0983864    0.101296 0.000674968
          83    0.104932     0.10134 0.000668224
          84   0.0943848    0.101257 0.000665392
          85   0.0926392    0.101156 0.000665288
          86    0.104733    0.101197 0.000658821
          87     0.10508    0.101242 0.000652732
          88   0.0913348    0.101129 0.000655019
          89    0.098094    0.101095 0.000648515
          90   0.0985504    0.101067 0.000641892
          91    0.100762    0.101064 0.000634808
          92    0.100302    0.101055 0.000627924
          93   0.0877892    0.100913 0.000637305
          94    0.100913    0.100913 0.000630488
          95    0.100547    0.100909 0.000623828
          96    0.105181    0.100953 0.000618898
          97   0.0877404    0.100817 0.000627448
          98    0.099622    0.100805 0.000621133
          99   0.0963216     0.10076 0.000616492
         100    0.105574    0.100808 0.000612192
