           1     59.3013     59.3013           0
           2     63.2779     61.2896     1.98829
           3     64.6827     62.4206     1.61153
           4     65.2905     63.1381     1.34658
           5     66.0013     63.7108     1.18991
           6      61.389     63.3238     1.04578
           7     63.1462     63.2984    0.884213
           8     65.0228      63.514     0.79551
           9     60.3948     63.1674    0.782511
          10     67.1289     63.5635    0.804235
          11      66.378     63.8194    0.771142
          12     66.6336     64.0539    0.741988
          13     62.5727       63.94    0.691975
          14       64.73     63.9964    0.643125
          15     64.9594     64.0606    0.602149
          16      64.243      64.072    0.563374
          17     65.5651     64.1598    0.536437
          18     63.9621     64.1489    0.505877
          19      66.422     64.2685     0.49324
          20     66.7169     64.3909    0.483678
          21      65.839     64.4599    0.465209
          22     64.5855     64.4656    0.443596
          23     63.7496     64.4345    0.425012
          24     63.7256     64.4049    0.407988
          25     63.8703     64.3835    0.391912
          26     63.7204      64.358      0.3774
          27     63.1169     64.3121    0.366051
          28     64.6016     64.3224    0.352887
          29     66.4831     64.3969    0.348558
          30     65.3916     64.4301    0.338367
          31     65.7098     64.4714    0.329864
          32     67.4095     64.5632    0.332325
          33     65.6896     64.5973    0.323901
          34     62.7662     64.5435    0.318812
          35     62.1772     64.4758    0.316865
          36     63.6216     64.4521     0.30885
          37     67.0084     64.5212     0.30823
          38     64.3676     64.5172    0.300036
          39     64.0413      64.505    0.292497
          40     65.0763     64.5192    0.285448
          41     64.6228     64.5218     0.27841
          42     63.3132      64.493     0.27322
          43      60.362     64.3969     0.28356
          44     65.2661     64.4167    0.277744
          45     67.2017     64.4786    0.278467
          46     65.4889     64.5005     0.27323
          47     67.0393     64.5546    0.272756
          48     63.2732     64.5279    0.268344
          49     66.0723     64.5594    0.264694
          50     62.2705     64.5136    0.263355
          51     65.7458     64.5378    0.259267
          52     66.7306     64.5799    0.257706
          53          63     64.5501    0.254549
          54     65.5281     64.5682    0.250446
          55     63.3454      64.546    0.246854
          56     63.2125     64.5222    0.243572
          57     61.6693     64.4721     0.24444
          58     62.4702     64.4376    0.242656
          59     66.5853      64.474    0.241269
          60     63.4217     64.4565    0.237862
          61     66.2766     64.4863    0.235825
          62     62.2593     64.4504    0.234754
          63     63.3696     64.4332    0.231634
          64     61.3577     64.3852    0.232996
          65     63.6037     64.3732    0.229698
          66     66.3729     64.4035    0.228211
          67     59.3925     64.3287    0.236895
          68     64.9446     64.3377    0.233561
          69     63.9876     64.3327    0.230207
          70      61.487      64.292    0.230508
          71     65.7413     64.3124    0.228153
          72     64.0143     64.3083       0.225
          73     63.4231     64.2961    0.222228
          74     64.9661     64.3052    0.219391
          75     63.8772     64.2995    0.216521
          76     62.3789     64.2742    0.215143
          77     63.6849     64.2666    0.212468
          78     63.0183     64.2506    0.210336
          79      63.827     64.2452    0.207726
          80     62.0012     64.2172    0.207022
          81     64.3944     64.2193    0.204462
          82     65.7007     64.2374    0.202759
          83     65.2073     64.2491    0.200642
          84     65.2557     64.2611    0.198601
          85     64.6456     64.2656    0.196303
          86     65.8314     64.2838    0.194859
          87     65.2169     64.2945    0.192905
          88     64.8599      64.301    0.190808
          89     62.3572     64.2791    0.189912
          90     65.1679      64.289    0.188049
          91     63.1392     64.2764      0.1864
          92     67.1167     64.3072     0.18693
          93     62.9901     64.2931    0.185451
          94     64.9647     64.3002    0.183606
          95     65.2154     64.3098    0.181919
          96     65.0416     64.3175    0.180175
          97     66.9184     64.3443    0.180313
          98     59.9084      64.299    0.184114
          99     62.6157      64.282    0.183036
         100     63.9346     64.2785     0.18123
