           1     69.8529     69.8529           0
           2     72.1058     70.9794     1.12646
           3     77.8487     73.2691     2.38035
           4     80.1789     74.9966     2.41186
           5     77.5789      75.513     1.93829
           6     78.5443     76.0182     1.66129
           7     79.4397      76.507     1.48669
           8     77.7248     76.6593     1.29648
           9      81.491     77.1961     1.26315
          10      78.982     77.3747     1.14383
          11     78.8055     77.5048     1.04277
          12     74.1112      77.222    0.993038
          13     77.8115     77.2673    0.914588
          14     77.1515     77.2591    0.846784
          15     86.0434     77.8447    0.982036
          16     80.8757     78.0341    0.937941
          17      78.833     78.0811    0.882294
          18     74.7986     77.8988     0.85159
          19     78.1181     77.9103    0.805606
          20     80.7363     78.0516    0.777217
          21     81.3427     78.2083    0.755709
          22     82.3945     78.3986    0.745242
          23     81.1959     78.5202    0.722415
          24     82.3776     78.6809    0.710089
          25     75.1002     78.5377    0.695991
          26     79.1262     78.5603    0.669069
          27     73.2313      78.363    0.673387
          28     83.3507     78.5411    0.672898
          29     77.9017     78.5191    0.649655
          30     79.7007     78.5584    0.628861
          31     78.0721     78.5428    0.608439
          32     79.7568     78.5807    0.590339
          33      75.781     78.4959    0.578426
          34     82.8185      78.623    0.575377
          35     79.6366      78.652    0.559446
          36     80.3044     78.6979    0.545618
          37     84.5084     78.8549    0.553416
          38     79.9005     78.8824    0.539358
          39     83.2529     78.9945    0.537166
          40     79.1659     78.9988    0.523582
          41      76.817     78.9455    0.513417
          42     78.4987     78.9349    0.501157
          43     78.6584     78.9285    0.489405
          44     74.1702     78.8203     0.49023
          45     79.7828     78.8417    0.479689
          46     77.7987      78.819    0.469693
          47      80.563     78.8562    0.461086
          48     77.4127     78.8261    0.452379
          49     79.7634     78.8452    0.443463
          50     82.2459     78.9132    0.439794
