           1   -0.913203   -0.913203           0
           2   -0.911082   -0.912142   0.0010608
           3   -0.913085   -0.912457 0.000688316
           4   -0.916544   -0.913478  0.00113186
           5   -0.914067   -0.913596 0.000884606
           6   -0.913019     -0.9135 0.000728651
           7   -0.913538   -0.913505 0.000615846
           8    -0.91313   -0.913458 0.000535402
           9   -0.912814   -0.913387 0.000477572
          10   -0.913808   -0.913429 0.000429224
          11   -0.915867   -0.913651 0.000447067
          12   -0.916146   -0.913859 0.000458024
          13   -0.915216   -0.913963 0.000434068
          14   -0.913446   -0.913926 0.000403559
          15   -0.913875   -0.913923 0.000375708
          16    -0.90975   -0.913662  0.00043762
          17   -0.915957   -0.913797 0.000432671
          18   -0.909208   -0.913542 0.000481038
          19   -0.917469   -0.913749 0.000499755
          20   -0.911734   -0.913648 0.000484688
          21   -0.918349   -0.913872 0.000512502
          22   -0.911162   -0.913749  0.00050394
          23    -0.91335   -0.913731 0.000481843
          24   -0.920904    -0.91403 0.000549676
          25    -0.91409   -0.914033 0.000527236
          26   -0.913358   -0.914007 0.000507215
          27   -0.912875   -0.913965 0.000489864
          28   -0.917126   -0.914078 0.000485362
          29   -0.912134   -0.914011 0.000473096
          30    -0.91213   -0.913948 0.000461335
          31   -0.917526   -0.914063 0.000460895
          32   -0.914794   -0.914086 0.000446843
          33   -0.911022   -0.913993  0.00044293
          34   -0.915904    -0.91405 0.000433364
          35   -0.914872   -0.914073 0.000421456
          36   -0.913184   -0.914048 0.000410325
          37   -0.914963   -0.914073 0.000399847
          38   -0.914192   -0.914076 0.000389195
          39   -0.917355    -0.91416 0.000388296
          40   -0.914155    -0.91416 0.000378464
          41   -0.915226   -0.914186 0.000370032
          42   -0.911237   -0.914116 0.000367878
          43   -0.913806   -0.914109 0.000359293
          44      -0.912   -0.914061 0.000354289
          45   -0.913499   -0.914048 0.000346551
          46   -0.913115   -0.914028  0.00033954
          47   -0.919354   -0.914141 0.000351028
          48   -0.914346   -0.914146 0.000343664
          49   -0.915398   -0.914171 0.000337547
          50   -0.912819   -0.914144  0.00033183
