           1    0.273667    0.273667           0
           2    0.274535    0.274101 0.000434137
           3    0.271567    0.273256 0.000881022
           4    0.271741    0.272878 0.000729064
           5    0.272706    0.272843 0.000565771
           6    0.272806    0.272837 0.000461993
           7    0.270785    0.272544 0.000488279
           8    0.272079    0.272486 0.000426828
           9    0.274323     0.27269  0.00042822
          10    0.272845    0.272705 0.000383325
          11    0.275951       0.273 0.000455255
          12    0.272197    0.272933 0.000420943
          13    0.273108    0.272947 0.000387443
          14    0.274643    0.273068 0.000378615
          15    0.272939    0.273059 0.000352577
          16    0.271397    0.272956 0.000345776
          17    0.272698     0.27294 0.000325153
          18    0.271259    0.272847 0.000320471
          19     0.27387    0.272901 0.000307882
          20    0.274248    0.272968 0.000299749
          21    0.275392    0.273084 0.000307602
          22    0.272167    0.273042 0.000296231
          23    0.273134    0.273046 0.000283087
          24    0.272738    0.273033 0.000271338
          25    0.274985    0.273111 0.000271715
          26    0.273788    0.273137 0.000262349
          27    0.272022    0.273096 0.000255805
          28    0.273745    0.273119 0.000247586
          29    0.274325    0.273161 0.000242491
          30     0.27194     0.27312 0.000237778
          31    0.276237    0.273221 0.000251002
          32    0.274589    0.273263 0.000246767
          33    0.272324    0.273235  0.00024086
          34    0.270413    0.273152 0.000247971
          35    0.271652    0.273109 0.000244564
          36    0.275291     0.27317 0.000245277
          37    0.271352     0.27312  0.00024356
          38    0.272324      0.2731 0.000237989
          39    0.272133    0.273075 0.000233127
          40    0.270614    0.273013 0.000235406
          41    0.272077     0.27299 0.000230724
          42    0.273198    0.272995 0.000225218
          43    0.272453    0.272983  0.00022028
          44    0.276337    0.273059 0.000228318
          45    0.272717    0.273051 0.000223316
          46    0.271491    0.273017 0.000221026
          47    0.275263    0.273065 0.000221485
          48    0.272341     0.27305 0.000217347
          49    0.271815    0.273025 0.000214352
          50    0.273326    0.273031 0.000210107
          51    0.273821    0.273046 0.000206528
          52    0.271003    0.273007 0.000206293
          53    0.276658    0.273076 0.000213768
          54    0.271342    0.273044 0.000212215
          55    0.273787    0.273057 0.000208759
          56    0.267747    0.272963 0.000225865
          57      0.2709    0.272926 0.000224799
          58    0.274387    0.272952  0.00022232
          59    0.272741    0.272948 0.000218549
          60     0.27181    0.272929 0.000215711
          61    0.272961     0.27293 0.000212146
          62    0.274428    0.272954 0.000210091
          63    0.272048    0.272939 0.000207229
          64    0.274657    0.272966 0.000205723
          65    0.272862    0.272965 0.000202539
          66    0.274271    0.272984 0.000200427
          67    0.270462    0.272947  0.00020097
          68    0.275308    0.272981 0.000201014
          69    0.270476    0.272945  0.00020138
          70    0.273484    0.272953 0.000198631
          71    0.273972    0.272967 0.000196339
          72    0.276126    0.273011 0.000198501
          73    0.275849     0.27305 0.000199585
          74    0.272194    0.273038 0.000197209
          75    0.274251    0.273055 0.000195233
          76    0.270515    0.273021 0.000195524
          77    0.274829    0.273045 0.000194392
          78    0.274239     0.27306 0.000192493
          79    0.274126    0.273073  0.00019052
          80    0.272434    0.273065 0.000188293
          81    0.272757    0.273062 0.000185992
          82    0.272678    0.273057  0.00018377
          83     0.27488    0.273079 0.000182866
          84    0.273163     0.27308 0.000180679
          85    0.274134    0.273092 0.000178971
          86    0.273943    0.273102 0.000177154
          87    0.274606     0.27312 0.000175957
          88    0.272023    0.273107 0.000174392
          89    0.274042    0.273118 0.000172741
          90    0.274862    0.273137 0.000171906
          91     0.27284    0.273134 0.000170038
          92    0.272264    0.273124 0.000168445
          93    0.272092    0.273113 0.000166994
          94    0.270329    0.273084 0.000167841
          95    0.274092    0.273094 0.000166404
          96    0.273857    0.273102 0.000164853
          97    0.274713    0.273119 0.000163988
          98    0.269444    0.273081  0.00016658
          99    0.273869    0.273089 0.000165081
         100    0.274992    0.273108 0.000164526
