           1     0.41723     0.41723           0
           2    0.420787    0.419008  0.00177875
           3    0.415589    0.417869  0.00153418
           4    0.419339    0.418236  0.00114539
           5    0.425983    0.419786   0.0017855
           6    0.419715    0.419774   0.0014579
           7    0.417448    0.419441  0.00127618
           8    0.421849    0.419742  0.00114543
           9     0.42185    0.419977  0.00103695
          10    0.421068    0.420086 0.000933884
          11    0.422151    0.420273 0.000865349
          12    0.421317     0.42036 0.000794725
          13    0.421505    0.420449 0.000736325
          14    0.417228    0.420218 0.000719481
          15    0.428191     0.42075 0.000855072
          16    0.430861    0.421382  0.00101935
          17    0.426821    0.421702  0.00100955
          18    0.424534    0.421859  0.00096473
          19     0.42424    0.421984 0.000921103
          20    0.419627    0.421867 0.000881749
          21    0.427381    0.422129 0.000878861
          22    0.419996    0.422032 0.000843551
          23    0.420121    0.421949 0.000810314
          24    0.420436    0.421886 0.000778374
          25     0.42154    0.421872 0.000746718
          26    0.425966     0.42203 0.000734496
          27    0.415358    0.421783 0.000748725
          28    0.415566    0.421561 0.000754877
          29    0.421437    0.421556 0.000728394
          30    0.423329    0.421615 0.000706172
          31    0.425304    0.421734 0.000693298
          32    0.422753    0.421766 0.000672037
          33      0.4298     0.42201 0.000695363
          34    0.423432    0.422051 0.000675898
          35    0.427341    0.422203 0.000673479
          36    0.420264    0.422149 0.000656715
          37    0.419976     0.42209 0.000641413
          38    0.421724     0.42208  0.00062438
          39     0.42277    0.422098 0.000608416
          40    0.426367    0.422205 0.000602537
          41    0.416671     0.42207 0.000602956
          42    0.422958    0.422091 0.000588805
          43    0.424681    0.422151 0.000578096
          44    0.424103    0.422196 0.000566544
          45    0.426314    0.422287 0.000561322
          46    0.424325    0.422331 0.000550767
          47    0.416647     0.42221 0.000552327
          48    0.419806     0.42216 0.000543013
          49    0.420838    0.422133 0.000532499
          50    0.422587    0.422142 0.000521819
          51    0.416718    0.422036 0.000522429
          52    0.421635    0.422028 0.000512342
          53    0.423922    0.422064  0.00050385
          54    0.421988    0.422063 0.000494434
          55    0.424962    0.422115 0.000488214
          56    0.417593    0.422035 0.000486172
          57    0.418018    0.421964 0.000482738
          58    0.417879    0.421894 0.000479542
          59    0.421073     0.42188 0.000471549
          60    0.423631    0.421909 0.000464542
          61    0.424734    0.421955 0.000459203
          62     0.42458    0.421998 0.000453715
          63    0.421659    0.421992 0.000446487
          64    0.418752    0.421942 0.000442363
          65    0.424359    0.421979 0.000437089
          66    0.423285    0.421999  0.00043087
          67    0.419816    0.421966 0.000425639
          68    0.421312    0.421956 0.000419443
          69    0.420727    0.421939 0.000413704
          70    0.421555    0.421933 0.000407788
          71    0.425382    0.421982 0.000404927
          72    0.422357    0.421987 0.000399297
          73    0.425672    0.422037 0.000397011
          74    0.423414    0.422056 0.000392051
          75    0.421971    0.422055  0.00038679
          76    0.413096    0.421937 0.000399456
          77    0.418573    0.421893 0.000396647
          78    0.424965    0.421933 0.000393504
          79    0.425965    0.421984 0.000391829
          80    0.420132    0.421961 0.000387592
          81    0.423228    0.421976 0.000383097
          82    0.425497    0.422019 0.000380824
          83    0.428914    0.422102 0.000385271
          84    0.417749     0.42205 0.000384169
          85    0.423927    0.422073 0.000380264
          86    0.421958    0.422071 0.000375819
          87    0.421305    0.422062 0.000371579
          88    0.423543    0.422079 0.000367717
          89    0.420571    0.422062 0.000363956
          90    0.427148    0.422119 0.000364299
          91    0.416814     0.42206 0.000364959
          92    0.421233    0.422051 0.000361082
          93    0.418899    0.422018 0.000358783
          94    0.423342    0.422032 0.000355225
          95    0.424429    0.422057 0.000352371
          96    0.424982    0.422087  0.00035001
          97    0.427661    0.422145 0.000351117
          98    0.424545    0.422169 0.000348378
          99    0.425753    0.422206 0.000346736
         100    0.430425    0.422288 0.000352954
