           1    0.824023    0.824023           0
           2    0.747681    0.785852   0.0381712
           3    0.763861    0.778522   0.0232253
           4    0.775307    0.777718   0.0164424
           5    0.792702    0.780715   0.0130841
           6    0.671237    0.762469   0.0211437
           7    0.827183    0.771713   0.0201195
           8    0.767205     0.77115   0.0174332
           9    0.747948    0.768572   0.0155892
          10    0.804266    0.772141   0.0143931
          11    0.771013    0.772039   0.0130194
          12    0.807058    0.774957   0.0122381
          13    0.760655    0.773857    0.011311
          14    0.743554    0.771692   0.0106933
          15    0.777836    0.772102  0.00996338
          16    0.725029     0.76916  0.00977323
          17    0.716306    0.766051  0.00969254
          18    0.703509    0.762576  0.00977647
          19    0.621179    0.755134   0.0118702
          20    0.761853     0.75547    0.011266
          21    0.589365     0.74756   0.0133192
          22    0.741118    0.747268   0.0127027
          23    0.617924    0.741644   0.0133773
          24    0.736098    0.741413   0.0128099
          25    0.643601      0.7375   0.0128947
          26     0.57891    0.731401    0.013809
          27    0.716669    0.730855   0.0132989
          28    0.655994    0.728182   0.0130911
          29    0.669635    0.726163   0.0127919
          30    0.727209    0.726198   0.0123582
          31    0.718807    0.725959   0.0119553
          32    0.694899    0.724989   0.0116163
          33    0.652782      0.7228   0.0114694
          34    0.726095    0.722897   0.0111274
          35    0.678332    0.721624   0.0108796
          36    0.798118    0.723749   0.0107844
          37    0.680877     0.72259   0.0105527
          38     0.80395    0.724731    0.010492
          39    0.802338    0.726721   0.0104114
          40    0.796292     0.72846   0.0102958
          41    0.747325    0.728921    0.010052
          42    0.751219    0.729451  0.00982415
          43    0.720939    0.729254    0.009595
          44    0.607367    0.726483  0.00977512
          45    0.822267    0.728612  0.00978963
          46    0.741227    0.728886  0.00957838
          47    0.802281    0.730448  0.00950157
          48    0.691543    0.729637  0.00933676
          49    0.732428    0.729694   0.0091444
          50    0.716343    0.729427  0.00896363
