           1   0.0553344   0.0553344           0
           2   0.0576184   0.0564764    0.001142
           3    0.057884   0.0569456  0.00080924
           4   0.0583336   0.0572926 0.000669211
           5   0.0527372   0.0563815  0.00104822
           6   0.0521104   0.0556697  0.00111322
           7     0.05249   0.0552154  0.00104475
           8   0.0546048   0.0551391 0.000907998
           9     0.05878   0.0555436 0.000897164
          10   0.0611828   0.0561076 0.000980777
          11    0.054084   0.0559236 0.000906018
          12     0.05034   0.0554583 0.000948979
          13   0.0559756   0.0554981  0.00087384
          14   0.0494732   0.0550677 0.000916358
          15   0.0526584   0.0549071 0.000868073
          16   0.0588384   0.0551528 0.000848368
          17   0.0493696   0.0548126 0.000866477
          18    0.053296   0.0547284 0.000821256
          19   0.0593972   0.0549741 0.000814769
          20    0.054326   0.0549417 0.000773636
          21   0.0568172    0.055031 0.000741275
          22   0.0506456   0.0548317  0.00073435
          23   0.0555336   0.0548622 0.000702359
          24   0.0564928   0.0549301 0.000675881
          25   0.0551812   0.0549402  0.00064836
          26   0.0578912   0.0550537  0.00063318
          27   0.0621396   0.0553161 0.000663397
          28    0.056598   0.0553619 0.000640902
          29   0.0520224   0.0552467 0.000629038
          30   0.0586616   0.0553606 0.000618277
          31   0.0533576    0.055296  0.00060148
          32   0.0502392   0.0551379 0.000603439
          33   0.0531484   0.0550776 0.000587967
          34   0.0544692   0.0550598 0.000570692
          35    0.047994   0.0548579 0.000589774
          36    0.053522   0.0548208 0.000574357
          37   0.0547744   0.0548195  0.00055862
          38   0.0575892   0.0548924 0.000548584
          39   0.0588112   0.0549929 0.000543699
          40   0.0564772     0.05503  0.00053123
          41    0.058348   0.0551109 0.000524393
          42   0.0470276   0.0549185 0.000546749
          43   0.0579944     0.05499 0.000538653
          44   0.0543912   0.0549764 0.000526445
          45   0.0565548   0.0550115 0.000515807
          46    0.056082   0.0550347 0.000505006
          47   0.0624528   0.0551926 0.000518738
          48   0.0616672   0.0553274 0.000525425
          49   0.0556904   0.0553349 0.000514644
          50    0.054218   0.0553125 0.000504741
          51   0.0570688    0.055347 0.000495942
          52   0.0507876   0.0552593 0.000494152
          53   0.0570324   0.0552927 0.000485892
          54   0.0545916   0.0552797 0.000476986
          55   0.0591472   0.0553501 0.000473483
          56   0.0607624   0.0554467  0.00047489
          57   0.0574936   0.0554826 0.000467865
          58    0.055418   0.0554815 0.000459729
          59    0.058422   0.0555313  0.00045461
          60   0.0608836   0.0556206 0.000455783
          61   0.0548812   0.0556084 0.000448413
          62   0.0523504   0.0555559  0.00044424
          63   0.0516428   0.0554938 0.000441523
          64   0.0580552   0.0555338 0.000436408
          65   0.0513996   0.0554702 0.000434324
          66   0.0576756   0.0555036 0.000428996
          67   0.0563892   0.0555168 0.000422751
          68   0.0524224   0.0554713 0.000418967
          69   0.0615196    0.055559 0.000422053
          70   0.0551976   0.0555538 0.000416012
          71    0.053578    0.055526 0.000411054
          72   0.0557616   0.0555293 0.000405318
          73   0.0620192   0.0556182 0.000409494
          74   0.0547184    0.055606 0.000404105
          75   0.0502048    0.055534 0.000405133
          76   0.0588064    0.055577 0.000402079
          77   0.0557044   0.0555787 0.000396826
          78   0.0519696   0.0555324 0.000394429
          79    0.059888   0.0555876 0.000393288
          80   0.0596172   0.0556379 0.000391594
          81   0.0521864   0.0555953  0.00038907
          82   0.0519276   0.0555506  0.00038689
          83   0.0581756   0.0555822 0.000383506
          84   0.0537884   0.0555609 0.000379515
          85   0.0522228   0.0555216 0.000377074
          86   0.0576812   0.0555467 0.000373509
          87     0.06028   0.0556011 0.000373178
          88   0.0534136   0.0555763 0.000369749
          89   0.0557844   0.0555786 0.000365578
          90   0.0512052     0.05553 0.000364745
          91   0.0542812   0.0555163 0.000360976
          92    0.049996   0.0554563 0.000362037
          93     0.05299   0.0554298 0.000359104
          94   0.0500328   0.0553723 0.000359873
          95   0.0506636   0.0553228 0.000359498
          96   0.0595084   0.0553664 0.000358395
          97   0.0546208   0.0553587 0.000354764
          98   0.0559224   0.0553644 0.000351173
          99   0.0557148    0.055368 0.000347625
         100   0.0558632   0.0553729 0.000344167
