           1   0.0393232   0.0393232           0
           2   0.0349016   0.0371124   0.0022108
           3   0.0343008   0.0361752  0.00158353
           4   0.0362328   0.0361896  0.00111981
           5    0.033524   0.0356565  0.00101814
           6   0.0353704   0.0356088 0.000832674
           7   0.0395016   0.0361649 0.000896945
           8   0.0325344   0.0357111 0.000899628
           9   0.0286416   0.0349256  0.00111646
          10    0.036652   0.0350982  0.00101341
          11   0.0316736   0.0347869 0.000968089
          12   0.0323672   0.0345853 0.000906453
          13    0.031776   0.0343692 0.000861363
          14    0.031776   0.0341839 0.000818696
          15    0.032708   0.0340855 0.000768489
          16   0.0380512   0.0343334 0.000760385
          17   0.0336968    0.034296 0.000715238
          18    0.038576   0.0345337 0.000715028
          19    0.039248   0.0347819 0.000720424
          20   0.0350816   0.0347968 0.000683618
          21    0.031752   0.0346518  0.00066622
          22   0.0318312   0.0345236 0.000648025
          23   0.0315008   0.0343922 0.000633004
          24   0.0336424    0.034361  0.00060686
          25   0.0371632   0.0344731 0.000592774
          26   0.0323432   0.0343911  0.00057538
          27    0.034024   0.0343775 0.000553826
          28   0.0280792   0.0341526 0.000579149
          29   0.0330328    0.034114 0.000560154
          30   0.0374792   0.0342262 0.000552664
          31    0.035304   0.0342609 0.000535668
          32    0.040692   0.0344619 0.000556234
          33   0.0309384   0.0343551 0.000549586
          34   0.0286712    0.034188 0.000558771
          35   0.0322304    0.034132 0.000545446
          36    0.035168   0.0341608 0.000530859
          37   0.0408712   0.0343422 0.000547239
          38   0.0354344   0.0343709 0.000533418
          39   0.0350328   0.0343879 0.000519838
          40      0.0334   0.0343632 0.000507277
          41   0.0322112   0.0343107 0.000497526
          42   0.0378192   0.0343942 0.000492669
          43   0.0337512   0.0343793 0.000481308
          44   0.0354504   0.0344036 0.000470872
          45   0.0344744   0.0344052 0.000460292
          46   0.0366256   0.0344535 0.000452755
          47   0.0368016   0.0345034 0.000445825
          48   0.0323288   0.0344581 0.000438783
          49   0.0315088   0.0343979  0.00043393
          50   0.0350784   0.0344115 0.000425381
