           1   -0.781357   -0.781357           0
           2   -0.782877   -0.782117     0.00076
           3   -0.782893   -0.782375 0.000509354
           4    -0.78259   -0.782429 0.000364154
           5   -0.784826   -0.782908 0.000556124
           6    -0.78305   -0.782932 0.000454682
           7   -0.783282   -0.782982 0.000387509
           8   -0.781258   -0.782766 0.000398849
           9   -0.782998   -0.782792 0.000352695
          10   -0.780768    -0.78259 0.000374818
          11    -0.78269   -0.782599 0.000339157
          12   -0.782013    -0.78255 0.000313434
          13   -0.784195   -0.782677  0.00031487
          14   -0.782066   -0.782633 0.000294761
          15   -0.784544    -0.78276 0.000302542
          16   -0.783707    -0.78282 0.000289124
          17   -0.783168    -0.78284 0.000272357
          18   -0.780341   -0.782701 0.000291915
          19   -0.781277   -0.782626 0.000286119
          20   -0.783744   -0.782682 0.000277131
          21   -0.782325   -0.782665 0.000264152
          22   -0.781907   -0.782631 0.000254204
          23   -0.783896   -0.782686 0.000249053
          24   -0.782458   -0.782676  0.00023864
          25   -0.783584   -0.782712 0.000231758
          26   -0.782506   -0.782704 0.000222808
          27   -0.780981   -0.782641   0.0002237
          28   -0.783771   -0.782681 0.000219312
          29   -0.782883   -0.782688 0.000211729
          30   -0.781422   -0.782646 0.000208854
          31   -0.782952   -0.782656 0.000202246
          32   -0.784715    -0.78272 0.000206129
          33   -0.782104   -0.782701 0.000200655
          34   -0.784254   -0.782747 0.000199952
          35    -0.78356    -0.78277 0.000195539
          36    -0.78429   -0.782812  0.00019466
          37   -0.783229   -0.782824  0.00018966
          38   -0.786898   -0.782931 0.000213473
          39   -0.780574   -0.782871 0.000216529
          40   -0.783613   -0.782889 0.000211861
          41   -0.782093    -0.78287  0.00020754
          42   -0.780312   -0.782809 0.000211495
          43   -0.781939   -0.782789 0.000207506
          44   -0.780586   -0.782738 0.000208825
          45   -0.781682   -0.782715 0.000205479
          46   -0.783366   -0.782729 0.000201461
          47   -0.781286   -0.782698 0.000199503
          48   -0.782573   -0.782696  0.00019532
          49    -0.78385   -0.782719 0.000192736
          50   -0.781907   -0.782703  0.00018954
