           1    0.451292    0.451292           0
           2    0.447574    0.449433  0.00185897
           3    0.419167    0.439344   0.0101456
           4    0.419681    0.434428  0.00869665
           5    0.425346    0.432612  0.00697701
           6    0.425745    0.431467  0.00581054
           7    0.443693    0.433214  0.00521214
           8    0.424833    0.432166  0.00463381
           9    0.439617    0.432994  0.00416966
          10    0.422725    0.431967  0.00386825
          11    0.427997    0.431606  0.00351753
          12    0.428257    0.431327  0.00322316
          13    0.421506    0.430572  0.00305961
          14    0.439111    0.431182  0.00289757
          15    0.420931    0.430498  0.00278271
          16    0.414887    0.429523  0.00277984
          17    0.434664    0.429825  0.00262866
          18    0.407774      0.4286  0.00276456
          19    0.440262    0.429214  0.00268609
          20     0.43748    0.429627  0.00258155
          21    0.438329    0.430041  0.00249026
          22    0.446717    0.430799  0.00249243
          23    0.423422    0.430479   0.0024031
          24    0.426064    0.430295  0.00230814
          25    0.440793    0.430715  0.00225336
          26     0.45786    0.431759  0.00240356
          27    0.437744     0.43198  0.00232343
          28    0.429975    0.431909  0.00224006
          29    0.412951    0.431255  0.00225812
          30     0.44273    0.431638  0.00221483
          31    0.449043    0.432199  0.00221455
          32    0.416609    0.431712  0.00219888
          33    0.441744    0.432016  0.00215278
          34    0.453501    0.432648  0.00218201
          35    0.438917    0.432827  0.00212631
          36    0.430838    0.432772  0.00206714
          37    0.436863    0.432882  0.00201353
          38    0.430924    0.432831   0.0019605
          39    0.430488    0.432771  0.00191052
          40    0.424381    0.432561  0.00187392
          41     0.44308    0.432817  0.00184556
          42    0.430501    0.432762  0.00180193
          43    0.461447    0.433429  0.00188173
          44    0.433994    0.433442  0.00183851
          45    0.421824    0.433184  0.00181564
          46    0.441227    0.433359  0.00178432
          47    0.445847    0.433625  0.00176605
          48    0.445551    0.433873  0.00174663
          49    0.435625    0.433909  0.00171098
          50    0.442923    0.434089  0.00168608
