           1    -0.63779    -0.63779           0
           2   -0.639042   -0.638416   0.0006256
           3   -0.638136   -0.638323 0.000373054
           4   -0.636626   -0.637898 0.000499587
           5    -0.63887   -0.638093 0.000433063
           6   -0.636202   -0.637778 0.000473688
           7   -0.639181   -0.637978 0.000447722
           8    -0.63771   -0.637945 0.000389179
           9   -0.639355   -0.638101 0.000377317
          10   -0.637894   -0.638081 0.000338116
          11   -0.639125   -0.638176  0.00032023
          12   -0.637917   -0.638154 0.000293123
          13   -0.637718    -0.63812 0.000271708
          14   -0.635608   -0.637941 0.000309008
          15   -0.638237   -0.637961 0.000288346
          16   -0.639106   -0.638032 0.000279052
          17   -0.636002   -0.637913 0.000288059
          18   -0.639262   -0.637988 0.000281744
          19   -0.638773   -0.638029 0.000269686
          20   -0.638314   -0.638043 0.000256242
          21    -0.63909   -0.638093 0.000248774
          22   -0.637984   -0.638088 0.000237249
          23   -0.638946   -0.638125 0.000229744
          24    -0.63755   -0.638102 0.000221264
          25   -0.638302    -0.63811 0.000212381
          26   -0.637744   -0.638096 0.000204533
          27   -0.636315    -0.63803 0.000207564
          28   -0.639862   -0.638095 0.000210452
          29   -0.637341   -0.638069 0.000204724
          30   -0.635933   -0.637998  0.00021021
          31   -0.638621   -0.638018 0.000204307
          32   -0.637621   -0.638006 0.000198208
          33   -0.637933   -0.638003 0.000192121
          34   -0.637974   -0.638002 0.000186387
          35   -0.636928   -0.637972 0.000183568
          36   -0.637536    -0.63796 0.000178806
          37   -0.637357   -0.637943 0.000174668
          38   -0.639208   -0.637977 0.000173236
          39   -0.638139   -0.637981 0.000168787
          40   -0.638141   -0.637985 0.000164562
          41   -0.637291   -0.637968 0.000161387
          42   -0.636467   -0.637932   0.0001615
          43   -0.636267   -0.637893 0.000162383
          44   -0.637158   -0.637877 0.000159527
          45   -0.636986   -0.637857 0.000157194
          46   -0.638368   -0.637868  0.00015414
          47   -0.637461   -0.637859 0.000151073
          48   -0.637547   -0.637853 0.000148035
          49   -0.637862   -0.637853 0.000144983
          50   -0.636854   -0.637833 0.000143451
