           1   -0.538686   -0.538686           0
           2   -0.537456   -0.538071   0.0006148
           3   -0.537895   -0.538012 0.000359749
           4   -0.538085    -0.53803 0.000255026
           5   -0.538959   -0.538216 0.000271164
           6   -0.538137   -0.538203 0.000221799
           7   -0.537758   -0.538139 0.000197919
           8   -0.538441   -0.538177 0.000175494
           9    -0.53753   -0.538105 0.000170675
          10   -0.538614   -0.538156 0.000160901
          11   -0.538118   -0.538153 0.000145583
          12   -0.538051   -0.538144 0.000133166
          13    -0.53897   -0.538208 0.000138005
          14   -0.538486   -0.538228  0.00012931
          15   -0.536333   -0.538101 0.000174492
          16    -0.53844   -0.538122  0.00016459
          17   -0.538318   -0.538134 0.000155034
          18   -0.538684   -0.538164 0.000149328
          19   -0.538445   -0.538179 0.000142019
          20   -0.539775   -0.538259 0.000156589
          21   -0.538025   -0.538248 0.000149363
          22   -0.538108   -0.538242 0.000142554
          23   -0.538203    -0.53824 0.000136225
          24   -0.538614   -0.538255 0.000131356
          25   -0.537548   -0.538227 0.000129131
          26    -0.53727    -0.53819 0.000129416
          27   -0.539169   -0.538227 0.000129697
          28   -0.537742   -0.538209 0.000126169
          29   -0.538439   -0.538217 0.000121999
          30   -0.539195    -0.53825 0.000122287
          31   -0.538486   -0.538257 0.000118521
          32   -0.537688    -0.53824 0.000116129
          33   -0.538847   -0.538258 0.000114051
          34   -0.537518   -0.538236 0.000112768
          35   -0.538109   -0.538233  0.00010956
          36   -0.537931   -0.538224 0.000106802
          37   -0.537927   -0.538216 0.000104185
          38   -0.537025   -0.538185 0.000106142
          39   -0.538958   -0.538205  0.00010527
          40   -0.537898   -0.538197  0.00010289
          41     -0.5381   -0.538195 0.000100377
          42   -0.538082   -0.538192  9.7995e-05
          43   -0.538728   -0.538204 9.64974e-05
          44   -0.537608   -0.538191 9.52484e-05
          45    -0.53759   -0.538178 9.40591e-05
          46   -0.538343   -0.538181  9.2062e-05
          47   -0.538582    -0.53819 9.04856e-05
          48    -0.53859   -0.538198  8.8973e-05
          49   -0.538647   -0.538207 8.76191e-05
          50   -0.538043   -0.538204 8.59115e-05
          51   -0.537822   -0.538196 8.45417e-05
          52    -0.53833   -0.538199   8.294e-05
          53   -0.538493   -0.538205 8.15486e-05
          54    -0.53855   -0.538211 8.02801e-05
          55   -0.538654   -0.538219 7.92168e-05
          56   -0.538274    -0.53822 7.77955e-05
          57    -0.53839   -0.538223 7.64769e-05
          58    -0.53815   -0.538222 7.51574e-05
          59   -0.538185   -0.538221 7.38752e-05
          60   -0.537955   -0.538217 7.27686e-05
          61   -0.538972   -0.538229 7.26291e-05
          62   -0.538656   -0.538236 7.17792e-05
          63   -0.538559   -0.538241 7.08168e-05
          64   -0.537614   -0.538231 7.03859e-05
          65    -0.53869   -0.538238 6.96537e-05
          66   -0.537707    -0.53823 6.90606e-05
          67    -0.53975   -0.538253 7.17023e-05
          68   -0.537648   -0.538244  7.1198e-05
          69    -0.53777   -0.538237 7.04947e-05
          70   -0.537968   -0.538233 6.95867e-05
          71   -0.538003    -0.53823 6.86761e-05
          72   -0.538243    -0.53823 6.77158e-05
          73   -0.537742   -0.538224 6.71154e-05
          74   -0.538406   -0.538226 6.62483e-05
          75   -0.538115   -0.538225 6.53757e-05
          76    -0.53845   -0.538228 6.45777e-05
          77   -0.538057   -0.538225  6.3772e-05
          78   -0.538264   -0.538226 6.29511e-05
          79   -0.537271   -0.538214  6.3313e-05
          80   -0.538715    -0.53822   6.283e-05
          81   -0.538482   -0.538223  6.2134e-05
          82   -0.537724   -0.538217 6.16728e-05
          83   -0.538198   -0.538217 6.09257e-05
          84   -0.539404   -0.538231 6.18326e-05
          85   -0.538482   -0.538234 6.11724e-05
          86   -0.537735   -0.538228 6.07345e-05
          87   -0.538533   -0.538232 6.01343e-05
          88   -0.538294   -0.538232 5.94513e-05
          89    -0.53771   -0.538227 5.90723e-05
          90   -0.538038   -0.538224 5.84497e-05
          91   -0.537963   -0.538222 5.78751e-05
          92    -0.53763   -0.538215 5.76021e-05
          93   -0.538342   -0.538217 5.69956e-05
          94   -0.539241   -0.538227 5.74292e-05
          95   -0.538346   -0.538229 5.68351e-05
          96   -0.538334    -0.53823 5.62507e-05
          97    -0.53835   -0.538231 5.56815e-05
          98    -0.53825   -0.538231 5.51107e-05
          99   -0.538881   -0.538238 5.49444e-05
         100   -0.537316   -0.538229 5.51677e-05
