           1     1.59312     1.59312           0
           2      1.5657     1.57941   0.0137111
           3     1.59876     1.58586   0.0102097
           4     1.59046     1.58701  0.00731032
           5     1.56879     1.58337  0.00673403
           6     1.58943     1.58438  0.00559042
           7     1.60065      1.5867  0.00526559
           8     1.57715     1.58551  0.00471388
           9      1.6031     1.58746  0.00459388
          10     1.58012     1.58673  0.00417404
          11     1.61029     1.58887  0.00434109
          12     1.59534     1.58941  0.00399935
          13     1.56793     1.58776  0.00403272
          14     1.60475     1.58897  0.00392601
          15     1.60266     1.58988  0.00376712
          16      1.6077       1.591  0.00369562
          17     1.60096     1.59158  0.00352054
          18     1.59055     1.59153  0.00331969
          19     1.63164     1.59364  0.00378386
          20     1.61548     1.59473  0.00375208
          21      1.5986     1.59491  0.00357371
          22     1.60619     1.59543  0.00344577
          23     1.59435     1.59538  0.00329287
          24     1.53402     1.59282  0.00405912
          25     1.62271     1.59402  0.00407283
          26      1.6546     1.59635   0.0045543
          27     1.60115     1.59653  0.00438598
          28     1.59489     1.59647  0.00422684
          29     1.60602      1.5968  0.00409175
          30     1.57645     1.59612  0.00401077
          31     1.60969     1.59656  0.00390385
          32     1.62534     1.59746  0.00388542
          33     1.63454     1.59858  0.00392995
          34     1.59907     1.59859  0.00381264
          35     1.55073     1.59723  0.00394665
          36     1.57992     1.59675  0.00386547
          37     1.56573     1.59591  0.00385186
          38     1.61249     1.59634  0.00377445
          39      1.5728     1.59574  0.00372563
          40     1.60776     1.59604  0.00364371
          41     1.56111     1.59519  0.00365441
          42     1.59862     1.59527  0.00356727
          43     1.62284     1.59591  0.00354184
          44     1.57141     1.59535  0.00350492
          45     1.58649     1.59516  0.00343181
          46     1.61335     1.59555  0.00337959
          47     1.56306     1.59486  0.00337839
          48     1.59662      1.5949  0.00330746
          49     1.58599     1.59472  0.00324436
          50      1.5956     1.59473  0.00317886
