           1     11.2515     11.2515           0
           2     10.5228     10.8871    0.364357
           3     10.9878     10.9207     0.21302
           4     11.0649     10.9567    0.154885
           5      11.092     10.9838    0.122986
           6     10.9137     10.9721    0.101096
           7     11.7078     11.0772    0.135451
           8     10.4807     11.0026    0.138998
           9      10.796     10.9797    0.124717
          10     10.5402     10.9357    0.119897
          11     11.2062     10.9603    0.111203
          12     11.0924     10.9713    0.102109
          13     11.4083     11.0049   0.0997605
          14     11.3817     11.0319   0.0962018
          15     11.1573     11.0402   0.0899484
          16      10.862     11.0291   0.0848733
          17      12.025     11.0877   0.0989331
          18     11.1831      11.093   0.0934255
          19     11.2161     11.0994   0.0886091
          20     11.0266     11.0958   0.0841409
          21     10.8993     11.0864   0.0805788
          22     11.4652     11.1037   0.0787338
          23     10.9652     11.0976   0.0754732
          24     11.6821      11.122   0.0762535
          25     10.9279     11.1142   0.0735509
          26     11.0906     11.1133   0.0706712
          27     11.3281     11.1213   0.0684673
          28     11.1884     11.1237   0.0660203
          29     10.9201     11.1167   0.0640887
          30     10.9388     11.1107   0.0621986
          31     11.2837     11.1163   0.0604171
          32     10.9923     11.1124   0.0586268
          33     11.5535     11.1258   0.0583734
          34     11.4112     11.1342   0.0572493
          35     11.3503     11.1404   0.0559316
          36     11.2732     11.1441   0.0544809
          37     11.5345     11.1546   0.0540288
          38     11.0931      11.153   0.0526126
          39     10.5269     11.1369   0.0537019
          40     10.9044     11.1311    0.052664
          41     11.2856     11.1349   0.0515015
          42     10.8827     11.1289   0.0506177
          43     10.8106     11.1215   0.0499776
          44       10.96     11.1178   0.0489662
          45     10.5847      11.106     0.04931
          46     11.7617     11.1202   0.0502885
          47     11.3754     11.1257   0.0495056
          48     10.7599      11.118   0.0490587
          49     11.4738     11.1253   0.0485926
          50     10.8909     11.1206   0.0478409
