           1    0.149307    0.149307           0
           2    0.118668    0.133988   0.0153196
           3    0.150324    0.139433   0.0103867
           4      0.1431     0.14035  0.00740148
           5    0.136458    0.139572  0.00578575
           6    0.136878    0.139123  0.00474533
           7    0.130809    0.137935   0.0041827
           8    0.124093    0.136205  0.00401435
           9    0.126446     0.13512  0.00370266
          10     0.14167    0.135775   0.0033759
          11     0.12279    0.134595  0.00327384
          12    0.142946    0.135291  0.00306854
          13    0.140062    0.135658  0.00284641
          14    0.116116    0.134262   0.0029821
          15    0.114958    0.132975  0.00305998
          16    0.156766    0.134462  0.00322554
          17    0.133388    0.134399  0.00303052
          18    0.160976    0.135875  0.00321617
          19    0.132838    0.135715  0.00304639
          20    0.136326    0.135746  0.00289022
          21     0.14508     0.13619  0.00278484
          22    0.128654    0.135848  0.00267725
          23    0.112522    0.134834   0.0027519
          24    0.114055    0.133968  0.00277334
          25    0.127236    0.133699  0.00267369
          26    0.119152    0.133139  0.00262902
          27    0.139742    0.133384  0.00254157
          28    0.138173    0.133555  0.00245508
          29    0.139867    0.133772  0.00237889
          30    0.138332    0.133924  0.00230325
          31    0.138024    0.134057  0.00223163
          32    0.137698     0.13417  0.00216376
          33    0.129677    0.134034  0.00210158
          34    0.127862    0.133853   0.0020469
          35    0.138439    0.133984  0.00199188
          36    0.142818    0.134229  0.00195125
          37    0.142872    0.134463   0.0019121
          38    0.142262    0.134668  0.00187239
          39    0.140282    0.134812  0.00182942
          40    0.126771    0.134611  0.00179439
          41    0.135757    0.134639   0.0017503
          42    0.144552    0.134875  0.00172435
          43    0.134483    0.134866   0.0016838
          44    0.134537    0.134858   0.0016451
          45    0.128263    0.134712  0.00161479
          46    0.129471    0.134598   0.0015834
          47    0.136284    0.134634  0.00154976
          48    0.126089    0.134456  0.00152754
          49    0.135368    0.134474  0.00149616
          50    0.127029    0.134325  0.00147347
