           1     3.40416     3.40416           0
           2     3.40813     3.40615   0.0019834
           3     3.45447     3.42225   0.0161479
           4      3.4021     3.41721   0.0124807
           5     3.31255     3.39628   0.0230566
           6     3.38904     3.39507   0.0188644
           7     3.44622     3.40238   0.0175379
           8     3.34761     3.39553     0.01666
           9     3.46082     3.40279   0.0163857
          10     3.27025     3.38953   0.0197598
          11     3.49626     3.39924    0.020337
          12     3.29808     3.39081   0.0203892
          13     3.41133     3.39239   0.0188217
          14     3.40351     3.39318   0.0174436
          15     3.42906     3.39557   0.0164143
          16     3.41342     3.39669   0.0153946
          17     3.42692     3.39847   0.0145696
          18     3.44007     3.40078   0.0139295
          19     3.40455     3.40098   0.0131775
          20     3.50053     3.40595   0.0134557
          21     3.31092     3.40143   0.0135754
          22      3.4739     3.40472   0.0133563
          23       3.434       3.406   0.0128257
          24     3.36126     3.40413   0.0124203
          25     3.44239     3.40566    0.012011
          26     3.44327     3.40711   0.0116301
          27     3.40025     3.40685   0.0111939
          28     3.37668     3.40578   0.0108405
          29     3.44171     3.40702   0.0105331
          30     3.36674     3.40567   0.0102641
          31     3.52222     3.40943   0.0106155
          32     3.42666     3.40997   0.0102925
          33     3.46749     3.41171   0.0101268
          34     3.36196     3.41025  0.00993286
          35     3.37213     3.40916  0.00970618
          36     3.38847     3.40859   0.0094502
          37     3.36106      3.4073  0.00928057
          38     3.37979     3.40658  0.00906201
          39      3.3292     3.40459  0.00904682
          40     3.53733     3.40791  0.00942151
          41       3.372     3.40704   0.0092305
          42     3.50468     3.40936  0.00930319
          43     3.41424     3.40948  0.00908497
          44     3.43286     3.41001  0.00889199
          45     3.33891     3.40843  0.00883458
          46     3.52496     3.41096  0.00900409
          47     3.46787     3.41217  0.00889326
          48     3.29886     3.40981  0.00902039
          49     3.37859     3.40917  0.00885733
          50     3.42228     3.40943  0.00868234
