           1    0.198776    0.198776           0
           2    0.196878    0.197827 0.000949148
           3    0.196141    0.197265 0.000784904
           4    0.198568    0.197591 0.000643557
           5     0.19626    0.197325 0.000565103
           6    0.198881    0.197584 0.000529326
           7    0.198981    0.197784 0.000489815
           8    0.196174    0.197583 0.000469478
           9    0.196937    0.197511 0.000420213
          10     0.19563    0.197323 0.000420268
          11    0.195586    0.197165 0.000411636
          12    0.197743    0.197213 0.000378845
          13    0.198291    0.197296 0.000358214
          14    0.193694    0.197039  0.00041975
          15      0.1954    0.196929 0.000405759
          16    0.196808    0.196922 0.000379629
          17    0.197339    0.196946 0.000357442
          18    0.196448    0.196919 0.000338134
          19    0.193819    0.196756 0.000359045
          20    0.198404    0.196838 0.000350452
          21    0.197296     0.19686 0.000334058
          22    0.195806    0.196812 0.000322093
          23    0.196526    0.196799 0.000308022
          24     0.19468    0.196711 0.000307844
          25     0.19772    0.196752 0.000298017
          26    0.197963    0.196798 0.000290092
          27    0.197092    0.196809 0.000279353
          28    0.195687    0.196769 0.000272159
          29    0.195429    0.196723 0.000266641
          30    0.195187    0.196672 0.000262636
          31     0.19471    0.196608 0.000261788
          32    0.197155    0.196625  0.00025405
          33    0.196219    0.196613 0.000246539
          34    0.197258    0.196632  0.00023993
          35    0.198918    0.196697 0.000241959
          36    0.196369    0.196688 0.000235319
          37    0.196444    0.196682 0.000228966
          38    0.198305    0.196724 0.000226919
          39    0.197668    0.196748 0.000222344
          40    0.196408     0.19674 0.000216881
          41    0.198392     0.19678 0.000215326
          42    0.194038    0.196715  0.00022005
          43    0.194064    0.196653 0.000223538
          44    0.196757    0.196656 0.000218412
          45    0.196836     0.19666  0.00021354
          46    0.195161    0.196627 0.000211372
          47    0.194981    0.196592 0.000209769
          48    0.197223    0.196605 0.000205772
          49    0.197468    0.196623 0.000202298
          50    0.198096    0.196652 0.000200387
