           1     4.75367     4.75367           0
           2     4.68738     4.72052   0.0331438
           3     4.69737      4.7128   0.0206335
           4     4.58696     4.68134   0.0346802
           5     4.46441     4.63796   0.0510299
           6     4.56722     4.62617   0.0433017
           7     4.61708     4.62487   0.0366196
           8     4.73203     4.63826   0.0344263
           9     4.79707     4.65591   0.0351161
          10     4.46586      4.6369   0.0367109
          11     4.67091     4.63999   0.0333499
          12     4.44849     4.62404   0.0343732
          13     4.74128     4.63305   0.0328797
          14       4.694     4.63741   0.0307504
          15     4.73756     4.64408   0.0293953
          16      4.7291      4.6494   0.0280055
          17     4.80214     4.65838   0.0277987
          18     4.65675     4.65829   0.0262091
          19     4.58323     4.65434   0.0251041
          20     4.80911     4.66208   0.0250416
          21     4.58883     4.65859   0.0240733
          22     4.77367     4.66382   0.0235415
          23     4.66658     4.66394    0.022495
          24     4.56094     4.65965   0.0219608
          25     4.64038     4.65888   0.0210781
          26     4.65288     4.65865   0.0202525
          27     4.64521     4.65815   0.0194943
          28     4.63102     4.65718   0.0188102
          29     4.65671     4.65717     0.01815
          30     4.58847     4.65488   0.0176834
          31     4.85904     4.66146   0.0183277
          32     4.66568     4.66159   0.0177463
          33     4.76284     4.66466   0.0174716
          34     4.52971     4.66069   0.0174085
          35     4.77655       4.664   0.0172248
          36     4.50524     4.65959   0.0173107
          37     4.66014     4.65961   0.0168363
          38     4.64716     4.65928   0.0163906
          39     4.57279     4.65706    0.016118
          40     4.86551     4.66227   0.0165517
          41     4.69456     4.66306   0.0161621
          42     4.76387     4.66546   0.0159542
          43     4.61504     4.66429   0.0156228
          44     4.66093     4.66421   0.0152638
          45     4.61385     4.66309   0.0149627
          46     4.78913     4.66583   0.0148881
          47     4.72785     4.66715   0.0146275
          48     4.54081     4.66452   0.0145594
          49     4.66672     4.66457   0.0142593
          50     4.57705     4.66282   0.0140804
