           1    0.488812    0.488812           0
           2    0.475992    0.482402     0.00641
           3    0.471167    0.478657  0.00526513
           4    0.432082    0.467013   0.0122246
           5    0.516468    0.476904   0.0136928
           6    0.508737    0.482209   0.0123751
           7    0.438623    0.475983   0.0121721
           8    0.483122    0.476875   0.0105791
           9    0.447164    0.473574  0.00989669
          10    0.470933     0.47331  0.00885581
          11    0.456252    0.471759   0.0081591
          12    0.437644    0.468916  0.00797234
          13    0.435055    0.466311  0.00778232
          14    0.456222    0.465591  0.00724098
          15    0.479171    0.466496  0.00680151
          16    0.446393     0.46524   0.0064851
          17    0.411803    0.462096  0.00685487
          18    0.496202    0.463991  0.00673486
          19    0.465638    0.464078  0.00637113
          20    0.486334    0.465191  0.00614577
          21    0.472346    0.465531  0.00585571
          22    0.436714    0.464221  0.00573479
          23    0.489229    0.465309  0.00558661
          24    0.530785    0.468037  0.00600436
          25    0.460027    0.467717  0.00576809
          26    0.477154    0.468079  0.00555368
          27    0.481296    0.468569   0.0053664
          28    0.461276    0.468309  0.00517774
          29    0.486301    0.468929  0.00503439
          30    0.503011    0.470065   0.0049946
          31    0.489054    0.470678  0.00486948
          32    0.464589    0.470487   0.0047187
          33     0.46358    0.470278  0.00457826
          34    0.494066    0.470978  0.00449633
          35    0.502135    0.471868  0.00445581
          36    0.477382    0.472021  0.00433297
          37    0.478255     0.47219  0.00421761
          38    0.473216    0.472217  0.00410521
          39    0.463845    0.472002  0.00400432
          40    0.479003    0.472177  0.00390685
          41    0.418903    0.470878  0.00402582
          42    0.460395    0.470628  0.00393672
          43    0.487786    0.471027  0.00386473
          44    0.455006    0.470663  0.00379339
          45    0.477458    0.470814  0.00371121
          46    0.525418    0.472001  0.00381881
          47    0.492464    0.472436  0.00376196
          48    0.505777    0.473131  0.00374768
          49    0.461914    0.472902  0.00367753
          50    0.486168    0.473167  0.00361298
          51    0.437888    0.472476  0.00360836
          52    0.467998    0.472389  0.00353934
          53    0.465563    0.472261   0.0034743
          54    0.499811    0.472771  0.00344732
          55    0.484248     0.47298  0.00339049
          56    0.493925    0.473354  0.00335034
          57    0.475372    0.473389  0.00329122
          58    0.519376    0.474182  0.00332976
          59    0.455343    0.473863  0.00328838
          60     0.49916    0.474284  0.00326048
          61    0.483282    0.474432  0.00320998
          62    0.524372    0.475237  0.00325889
          63     0.47708    0.475266  0.00320688
          64    0.499096    0.475639  0.00317826
          65    0.459894    0.475397  0.00313834
          66    0.466089    0.475256  0.00309364
          67    0.497942    0.475594  0.00306588
          68     0.42247    0.474813  0.00311985
          69    0.474344    0.474806  0.00307431
          70    0.484928    0.474951  0.00303352
          71    0.440824     0.47447  0.00302887
          72    0.452162     0.47416  0.00300254
          73    0.500301    0.474518  0.00298269
          74    0.482668    0.474628  0.00294417
          75    0.483643    0.474749  0.00290714
          76    0.447988    0.474397  0.00289016
          77    0.529053    0.475106  0.00293937
          78    0.437751    0.474627   0.0029407
          79    0.473678    0.474615  0.00290327
          80    0.492648    0.474841  0.00287559
          81    0.491757     0.47505  0.00284754
          82    0.469764    0.474985  0.00281334
          83    0.470266    0.474928  0.00277982
          84    0.452978    0.474667  0.00275893
          85    0.489924    0.474847  0.00273218
          86    0.484484    0.474959  0.00270255
          87       0.491    0.475143  0.00267766
          88    0.431017    0.474642  0.00269413
          89     0.48372    0.474744  0.00266564
          90    0.434636    0.474298  0.00267326
          91    0.444105    0.473966  0.00266446
          92    0.501318    0.474263  0.00265206
          93    0.389972    0.473357  0.00277554
          94    0.488142    0.473514  0.00275036
          95    0.478629    0.473568  0.00272178
          96    0.464295    0.473472  0.00269501
          97     0.47632    0.473501  0.00266725
          98     0.42954    0.473052  0.00267773
          99    0.471099    0.473033  0.00265062
         100     0.46302    0.472933  0.00262589
