           1     2.95717     2.95717           0
           2     2.96205     2.95961  0.00244171
           3     3.06818      2.9958   0.0362193
           4     2.96111     2.98713   0.0270395
           5      2.9449     2.97868   0.0225831
           6     2.96107     2.97575   0.0186711
           7     2.93872     2.97046   0.0166429
           8     2.90739     2.96257   0.0164284
           9     2.98927     2.96554    0.014789
          10     2.91523     2.96051    0.014152
          11     3.04644     2.96832   0.0149961
          12     2.90273     2.96285   0.0147405
          13     2.98015     2.96418   0.0136244
          14     2.96111     2.96397   0.0126157
          15     2.97238     2.96453   0.0117579
          16     3.03211     2.96875   0.0117818
          17     2.99772     2.97045   0.0111975
          18     3.01661     2.97302   0.0108641
          19     2.97655      2.9732   0.0102781
          20      3.0133     2.97521   0.0099546
          21     2.88697     2.97101   0.0103591
          22     3.05411     2.97478   0.0105746
          23     3.00014     2.97589   0.0101644
          24     2.92186     2.97364  0.00998861
          25     3.03321     2.97602  0.00987262
          26     3.02144     2.97777  0.00964487
          27     2.97592      2.9777  0.00928103
          28     2.93592     2.97621  0.00906705
          29     3.00499      2.9772  0.00880494
          30     2.90514      2.9748    0.008839
          31     3.05736     2.97746  0.00895437
          32     3.00872     2.97844  0.00872488
          33     3.01914     2.97967  0.00854583
          34     2.97817     2.97963  0.00829079
          35     2.92832     2.97816  0.00818282
          36     2.98373     2.97831  0.00795377
          37      2.9216     2.97678  0.00788624
          38     2.94705       2.976  0.00771566
          39     2.90275     2.97412  0.00774639
          40     3.06867     2.97648  0.00791159
          41     2.94083     2.97561  0.00776505
          42     3.02788     2.97686  0.00767941
          43     2.93994       2.976  0.00754769
          44     3.01115      2.9768  0.00741729
          45     2.92681     2.97569  0.00733518
          46     3.04794     2.97726   0.0073439
          47     3.05477     2.97891  0.00737277
          48     2.93705     2.97804  0.00727002
          49     2.94601     2.97738  0.00715003
          50     2.97033     2.97724  0.00700699
