           1   0.0496256   0.0496256           0
           2   0.0399568   0.0447912   0.0048344
           3    0.043104   0.0442288  0.00284724
           4   0.0430032   0.0439224  0.00203648
           5   0.0402488   0.0431877  0.00174016
           6   0.0414336   0.0428953   0.0014506
           7   0.0487464   0.0437312  0.00148382
           8   0.0410824   0.0434001  0.00132699
           9   0.0346112   0.0424236  0.00152422
          10     0.04472   0.0426532  0.00138251
          11   0.0358744   0.0420369  0.00139412
          12    0.041136   0.0419619  0.00127487
          13    0.036424   0.0415359  0.00124768
          14   0.0395368   0.0413931  0.00116392
          15   0.0373264    0.041122  0.00111695
          16   0.0465048   0.0414584  0.00109764
          17   0.0367144   0.0411793  0.00106815
          18    0.053328   0.0418543  0.00121231
          19   0.0496712   0.0422657   0.0012183
          20    0.042748   0.0422898  0.00115604
          21    0.043132   0.0423299  0.00110034
          22   0.0416104   0.0422972  0.00104964
          23   0.0382872   0.0421229  0.00101801
          24   0.0426008   0.0421428 0.000974873
          25   0.0423224     0.04215 0.000935093
          26   0.0395968   0.0420518 0.000903759
          27   0.0382032   0.0419092 0.000881246
          28   0.0315328   0.0415386  0.00092653
          29   0.0375112   0.0413998 0.000904732
          30   0.0441744   0.0414922 0.000878934
          31   0.0429328   0.0415387 0.000851378
          32   0.0492368   0.0417793 0.000858728
          33    0.038504     0.04168 0.000838196
          34   0.0311712   0.0413709 0.000869929
          35   0.0381272   0.0412783 0.000849778
          36   0.0405256   0.0412574   0.0008261
          37   0.0502648   0.0415008 0.000839534
          38    0.043424   0.0415514 0.000818708
          39   0.0444976    0.041627  0.00080101
          40   0.0397096    0.041579 0.000782198
          41   0.0405248   0.0415533 0.000763315
          42   0.0449696   0.0416346 0.000749346
          43   0.0409448   0.0416186 0.000731888
          44   0.0384488   0.0415466 0.000718681
          45   0.0397592   0.0415068  0.00070365
          46   0.0448384   0.0415793 0.000691984
          47   0.0467688   0.0416897 0.000686045
          48   0.0381992    0.041617 0.000675526
          49   0.0395416   0.0415746  0.00066295
          50   0.0422952    0.041589 0.000649716
