           1   -0.665202   -0.665202           0
           2   -0.666538    -0.66587    0.000668
           3   -0.664691   -0.665477 0.000550484
           4   -0.663861   -0.665073  0.00056101
           5   -0.665899   -0.665238 0.000464927
           6   -0.664197   -0.665065   0.0004174
           7   -0.665902   -0.665184 0.000372521
           8    -0.66444   -0.665091 0.000335758
           9   -0.665302   -0.665115 0.000297039
          10    -0.66343   -0.664946 0.000314568
          11   -0.665491   -0.664996 0.000288819
          12   -0.664131   -0.664924 0.000273321
          13   -0.663931   -0.664847 0.000262756
          14   -0.661299   -0.664594 0.000351298
          15   -0.664499   -0.664588 0.000327102
          16   -0.664394   -0.664575 0.000306216
          17   -0.661909   -0.664419 0.000327633
          18   -0.665173   -0.664461 0.000311724
          19    -0.66399   -0.664436 0.000295897
          20   -0.664896   -0.664459 0.000281654
          21   -0.664787   -0.664474 0.000268363
          22   -0.664656   -0.664483 0.000256007
          23   -0.665614   -0.664532 0.000249523
          24   -0.663747   -0.664499 0.000241127
          25   -0.664386   -0.664495 0.000231325
          26    -0.66352   -0.664457 0.000225389
          27   -0.661414   -0.664344 0.000244413
          28   -0.664874   -0.664363 0.000236279
          29   -0.663595   -0.664337 0.000229519
          30   -0.662162   -0.664264 0.000233291
          31   -0.664774   -0.664281 0.000226239
          32   -0.664669   -0.664293 0.000219391
          33   -0.664776   -0.664308 0.000213142
          34   -0.663184   -0.664275 0.000209402
          35   -0.663741   -0.664259 0.000203902
          36   -0.664088   -0.664255 0.000198214
          37   -0.662773   -0.664214 0.000196898
          38   -0.665328   -0.664244 0.000193874
          39   -0.663782   -0.664232 0.000189208
          40   -0.664774   -0.664246 0.000184915
          41   -0.662698   -0.664208 0.000184258
          42    -0.66344   -0.664189 0.000180744
          43     -0.6624   -0.664148 0.000181331
          44   -0.663026   -0.664122 0.000178988
          45   -0.663035   -0.664098 0.000176625
          46   -0.663952   -0.664095 0.000172772
          47   -0.663861    -0.66409  0.00016913
          48     -0.6636    -0.66408 0.000165883
          49   -0.663642   -0.664071 0.000162709
          50   -0.663155   -0.664053  0.00016047
