           1     3.16587     3.16587           0
           2     3.21609     3.19098   0.0251083
           3     3.14447     3.17548   0.0212247
           4       3.142     3.16711   0.0171839
           5     3.14041     3.16177   0.0143416
           6     3.17314     3.16366   0.0118623
           7     3.19132     3.16761   0.0107761
           8     3.21435     3.17346   0.0110103
           9     3.19629     3.17599    0.010036
          10     3.22896     3.18129   0.0104225
          11     3.16366     3.17969  0.00956273
          12     3.17213     3.17906  0.00875222
          13     3.21137     3.18154   0.0084259
          14     3.15485     3.17964  0.00803058
          15     3.17838     3.17955  0.00747653
          16     3.23028     3.18272  0.00767883
          17     3.18018     3.18257  0.00721455
          18     3.14989     3.18076  0.00704012
          19     3.12467     3.17781  0.00728427
          20     3.17213     3.17752  0.00691628
          21     3.19408     3.17831  0.00662578
          22     3.20821     3.17967  0.00646197
          23     3.16897      3.1792  0.00619213
          24     3.17567     3.17906  0.00593034
          25      3.1825      3.1792  0.00568985
          26     3.13461     3.17748  0.00572923
          27     3.20234      3.1784  0.00558932
          28     3.22023      3.1799  0.00558937
          29     3.20525     3.18077  0.00546359
          30     3.26014     3.18342  0.00590426
          31     3.17023     3.18299  0.00572644
          32     3.26155     3.18545  0.00606375
          33     3.19243     3.18566  0.00588094
          34     3.15961     3.18489  0.00575656
          35     3.18989     3.18503  0.00559149
          36       3.206     3.18562  0.00546508
          37     3.12783     3.18405  0.00554002
          38     3.09502     3.18171  0.00587934
          39     3.18282     3.18174  0.00572667
          40     3.24206     3.18325  0.00578182
          41     3.16065      3.1827  0.00566592
          42     3.21611     3.18349  0.00558631
          43     3.15855     3.18291  0.00548561
          44      3.2129     3.18359  0.00540266
          45     3.15645     3.18299  0.00531557
          46     3.12682     3.18177   0.0053402
          47     3.24955     3.18321  0.00542069
          48     3.19801     3.18352  0.00531551
          49     3.17313     3.18331  0.00521021
          50     3.15852     3.18281  0.00512896
          51     3.22516     3.18364  0.00509549
          52     3.20419     3.18404  0.00501214
          53     3.15023      3.1834  0.00495786
          54      3.1291     3.18239  0.00496802
          55     3.15686     3.18193  0.00489891
          56     3.16903      3.1817  0.00481615
          57     3.16773     3.18145  0.00473724
          58     3.16426     3.18116  0.00466428
          59     3.20736      3.1816    0.004606
          60     3.24092     3.18259  0.00463523
          61     3.16328     3.18227  0.00456959
          62       3.141     3.18161   0.0045443
          63     3.19718     3.18186  0.00447841
          64     3.19159     3.18201  0.00441051
          65     3.20434     3.18235   0.0043557
          66     3.13723     3.18167  0.00434333
          67     3.25167     3.18271  0.00440377
          68     3.15227     3.18226  0.00436156
          69     3.13815     3.18163  0.00434518
          70      3.1536     3.18122  0.00430133
          71     3.22605     3.18186  0.00428706
          72     3.21732     3.18235  0.00425569
          73     3.15699       3.182  0.00421133
          74      3.1721     3.18187  0.00415619
          75     3.24051     3.18265  0.00417429
          76     3.23349     3.18332  0.00417296
          77     3.18497     3.18334  0.00411847
          78     3.14977     3.18291  0.00408804
          79     3.15629     3.18257     0.00405
          80     3.21569     3.18299  0.00402043
          81     3.23659     3.18365  0.00402526
          82     3.18257     3.18364  0.00397589
          83     3.19021     3.18371  0.00392849
          84      3.1887     3.18377   0.0038819
          85     3.12602     3.18309  0.00389567
          86     3.20978      3.1834  0.00386259
          87     3.18045     3.18337  0.00381808
          88     3.15874     3.18309  0.00378481
          89     3.20869     3.18338  0.00375307
          90     3.21898     3.18377  0.00373216
          91     3.16971     3.18362  0.00369415
          92     3.26909     3.18455  0.00377003
          93     3.22591     3.18499   0.0037557
          94     3.14009     3.18452   0.0037461
          95     3.22383     3.18493  0.00372949
          96     3.23734     3.18548   0.0037306
          97     3.18855     3.18551  0.00369208
          98     3.17169     3.18537  0.00365693
          99      3.2393     3.18591  0.00366057
         100     3.13828     3.18543  0.00365494
