           1   -0.485237   -0.485237           0
           2   -0.484685   -0.484961    0.000276
           3   -0.485341   -0.485087 0.000203559
           4   -0.485285   -0.485137 0.000152158
           5   -0.485537   -0.485217 0.000142447
           6   -0.484677   -0.485127 0.000147063
           7   -0.485656   -0.485202 0.000145477
           8   -0.485202   -0.485202 0.000125987
           9   -0.484814   -0.485159 0.000119213
          10   -0.485166    -0.48516 0.000106629
          11   -0.485365   -0.485179 9.82319e-05
          12   -0.484801   -0.485147 9.50377e-05
          13   -0.486173   -0.485226 0.000117763
          14   -0.485572   -0.485251 0.000111794
          15   -0.484272   -0.485185 0.000122835
          16   -0.485587   -0.485211 0.000117614
          17   -0.485566   -0.485231 0.000112444
          18    -0.48532   -0.485236 0.000106128
          19   -0.485219   -0.485235 0.000100391
          20    -0.48634   -0.485291 0.000110092
          21   -0.485599   -0.485305 0.000105744
          22   -0.485222   -0.485302 0.000100895
          23   -0.484746   -0.485277 9.93929e-05
          24   -0.485706   -0.485295 9.68255e-05
          25   -0.485053   -0.485286 9.33769e-05
          26   -0.484581   -0.485258 9.37196e-05
          27   -0.486596   -0.485308 0.000102892
          28   -0.485077     -0.4853 9.94922e-05
          29   -0.485434   -0.485304  9.6111e-05
          30   -0.485983   -0.485327 9.55693e-05
          31   -0.485771   -0.485341  9.3539e-05
          32   -0.484621   -0.485319 9.33258e-05
          33   -0.485744   -0.485332 9.13665e-05
          34    -0.48505   -0.485323 8.90261e-05
          35   -0.485776   -0.485336 8.74069e-05
          36   -0.484806   -0.485322 8.62141e-05
          37   -0.484884    -0.48531 8.46816e-05
          38   -0.484405   -0.485286 8.57946e-05
          39   -0.486548   -0.485318 8.96126e-05
          40   -0.484355   -0.485294 9.06015e-05
          41   -0.485635   -0.485303 8.87546e-05
          42   -0.484525   -0.485284  8.8573e-05
          43   -0.486062   -0.485302 8.83588e-05
          44   -0.484948   -0.485294 8.67016e-05
          45   -0.484817   -0.485283 8.54141e-05
          46   -0.486234   -0.485304 8.60565e-05
          47   -0.485377   -0.485306 8.42198e-05
          48   -0.485753   -0.485315 8.29711e-05
          49   -0.486354   -0.485336  8.3979e-05
          50   -0.484977   -0.485329 8.25957e-05
          51   -0.484886    -0.48532 8.14238e-05
          52   -0.485314    -0.48532 7.98427e-05
          53   -0.485385   -0.485321 7.83312e-05
          54   -0.485161   -0.485318 7.69245e-05
          55   -0.484826   -0.485309 7.60427e-05
          56   -0.485282   -0.485309 7.46741e-05
          57   -0.485518   -0.485313 7.34436e-05
          58   -0.485062   -0.485308 7.22951e-05
          59   -0.485473   -0.485311 7.11138e-05
          60   -0.485004   -0.485306 7.01057e-05
          61   -0.485979   -0.485317 6.98245e-05
          62    -0.48569   -0.485323 6.89525e-05
          63    -0.48551   -0.485326 6.79138e-05
          64   -0.484877   -0.485319 6.72117e-05
          65   -0.484862   -0.485312 6.65427e-05
          66   -0.484779   -0.485304 6.60221e-05
          67   -0.485985   -0.485314 6.58186e-05
          68   -0.485356   -0.485315 6.48463e-05
          69   -0.484704   -0.485306 6.45096e-05
          70   -0.485026   -0.485302 6.37066e-05
          71   -0.485049   -0.485298 6.29039e-05
          72   -0.485697   -0.485304 6.22706e-05
          73   -0.485568   -0.485307 6.15182e-05
          74   -0.485395   -0.485309 6.06928e-05
          75   -0.484503   -0.485298 6.08334e-05
          76    -0.48507   -0.485295 6.01022e-05
          77   -0.484902    -0.48529  5.9536e-05
          78   -0.484796   -0.485283 5.91078e-05
          79   -0.485146   -0.485282 5.83806e-05
          80   -0.485946    -0.48529 5.82419e-05
          81   -0.485198   -0.485289 5.75297e-05
          82    -0.48474   -0.485282 5.72166e-05
          83   -0.485854   -0.485289 5.69408e-05
          84    -0.48605   -0.485298 5.69842e-05
          85   -0.485722   -0.485303 5.65298e-05
          86    -0.48428   -0.485291 5.71212e-05
          87   -0.485459   -0.485293 5.64938e-05
          88   -0.485734   -0.485298  5.6072e-05
          89   -0.485433     -0.4853  5.5459e-05
          90    -0.48448   -0.485291 5.55905e-05
          91   -0.485872   -0.485297 5.53463e-05
          92   -0.484657    -0.48529 5.51818e-05
          93   -0.485027   -0.485287 5.46583e-05
          94   -0.486049   -0.485295 5.46774e-05
          95   -0.485898   -0.485302 5.44691e-05
          96   -0.485511   -0.485304 5.39429e-05
          97   -0.485138   -0.485302 5.34111e-05
          98   -0.485152   -0.485301 5.28855e-05
          99   -0.486042   -0.485308  5.2881e-05
         100   -0.484508     -0.4853 5.29573e-05
