           1    0.368182    0.368182           0
           2     0.36908    0.368631 0.000448589
           3    0.366673    0.367978 0.000702148
           4    0.368815    0.368187 0.000538706
           5    0.367941    0.368138 0.000420177
           6     0.36537    0.367677 0.000574914
           7    0.366438      0.3675 0.000517123
           8    0.369616    0.367764 0.000520098
           9    0.367219    0.367704  0.00046267
          10    0.367755    0.367709 0.000413857
          11    0.367649    0.367703 0.000374387
          12    0.368176    0.367743 0.000344027
          13    0.367272    0.367707 0.000318528
          14    0.367914    0.367721 0.000295274
          15    0.367882    0.367732 0.000275092
          16    0.366383    0.367648 0.000270783
          17    0.367336    0.367629 0.000255019
          18    0.366478    0.367565 0.000248794
          19    0.371146    0.367754  0.00030149
          20    0.366224    0.367677 0.000296074
          21     0.37089     0.36783 0.000320482
          22    0.367821     0.36783 0.000305568
          23    0.368585    0.367863 0.000293819
          24    0.366424    0.367803 0.000287627
          25    0.369273    0.367862 0.000282082
          26    0.369023    0.367906 0.000274673
          27    0.367041    0.367874 0.000266242
          28    0.367761     0.36787 0.000256589
          29    0.367604    0.367861 0.000247753
          30    0.368668    0.367888  0.00024086
          31    0.369874    0.367952 0.000241611
          32    0.366415    0.367904 0.000238817
          33    0.364773    0.367809 0.000250157
          34    0.370124    0.367877 0.000252055
          35    0.363663    0.367757 0.000272758
          36    0.366519    0.367722 0.000267293
          37    0.365026     0.36765 0.000269989
          38    0.364307    0.367562 0.000277122
          39    0.366593    0.367537 0.000271062
          40    0.371372    0.367633  0.00028106
          41    0.365208    0.367573 0.000280425
          42    0.365854    0.367533 0.000276712
          43    0.370444      0.3676 0.000278555
          44    0.370457    0.367665 0.000279786
          45    0.366754    0.367645 0.000274246
          46    0.367987    0.367652 0.000268321
          47    0.366593     0.36763 0.000263516
          48    0.368599     0.36765 0.000258756
          49    0.365084    0.367598 0.000258776
          50    0.366705     0.36758 0.000254176
          51    0.367714    0.367582 0.000249156
          52    0.367057    0.367572 0.000244526
          53    0.371203    0.367641 0.000249456
          54    0.367996    0.367647 0.000244882
          55    0.371596    0.367719 0.000250882
          56    0.365321    0.367676 0.000250056
          57    0.364665    0.367624 0.000251248
          58    0.368421    0.367637 0.000247261
          59    0.371078    0.367696 0.000249934
          60    0.371183    0.367754 0.000252512
          61    0.368206    0.367761 0.000248449
          62    0.370745    0.367809 0.000249103
          63    0.368818    0.367825  0.00024564
          64    0.366361    0.367802 0.000242852
          65     0.36915    0.367823 0.000239984
          66    0.365085    0.367782 0.000239934
          67    0.368046    0.367786 0.000236359
          68    0.364934    0.367744 0.000236602
          69    0.369172    0.367764 0.000234065
          70    0.367029    0.367754 0.000230936
          71    0.371968    0.367813 0.000235272
          72    0.367728    0.367812 0.000231985
          73    0.368366     0.36782  0.00022891
          74    0.365936    0.367794 0.000227226
          75    0.367781    0.367794 0.000224176
          76    0.364178    0.367746 0.000226267
          77    0.372044    0.367802 0.000230177
          78    0.370409    0.367836 0.000229651
          79    0.368342    0.367842 0.000226816
          80    0.367133    0.367833 0.000224138
          81    0.365301    0.367802 0.000223551
          82     0.36861    0.367812 0.000221028
          83    0.369815    0.367836 0.000219678
          84    0.366754    0.367823 0.000217429
          85    0.369918    0.367848 0.000216266
          86     0.37036    0.367877 0.000215723
          87    0.372577    0.367931 0.000219967
          88    0.367062    0.367921 0.000217677
          89    0.367332    0.367914 0.000215319
          90    0.365789    0.367891 0.000214219
          91    0.362199    0.367828 0.000220891
          92    0.366342    0.367812 0.000219074
          93    0.365963    0.367792 0.000217615
          94    0.366563    0.367779 0.000215685
          95    0.369346    0.367796 0.000214039
          96    0.368184      0.3678 0.000211836
          97    0.374109    0.367865 0.000219501
          98    0.365394    0.367839 0.000218707
          99    0.370284    0.367864 0.000217891
         100    0.374575    0.367931 0.000225899
