           1    0.118729    0.118729           0
           2     0.13112    0.124925   0.0061954
           3    0.122781     0.12421   0.0036476
           4    0.112154    0.121196  0.00396695
           5    0.116201    0.120197  0.00323109
           6    0.118664    0.119941  0.00265052
           7    0.114955    0.119229  0.00235065
           8    0.122957    0.119695  0.00208837
           9    0.135787    0.121483  0.00256689
          10    0.120113    0.121346  0.00229998
          11    0.118638      0.1211  0.00209492
          12    0.108425    0.120044  0.00218471
          13    0.113394    0.119532  0.00207372
          14    0.128696    0.120187  0.00202842
          15     0.12552    0.120542  0.00192154
          16    0.129905    0.121127   0.0018903
          17    0.113159    0.120659  0.00183645
          18    0.127025    0.121012  0.00176718
          19    0.135075    0.121753  0.00182812
          20    0.119093     0.12162   0.0017394
          21    0.123617    0.121715  0.00165723
          22    0.124956    0.121862  0.00158696
          23    0.113683    0.121506  0.00155753
          24    0.121984    0.121526  0.00149135
          25    0.119336    0.121439  0.00143314
          26    0.133727    0.121911  0.00145577
          27    0.138209    0.122515  0.00152534
          28    0.122232    0.122505  0.00146989
          29    0.112125    0.122147  0.00146276
          30    0.131965    0.122474  0.00145056
          31    0.105137    0.121915  0.00151035
          32    0.114012    0.121668   0.0014831
          33    0.119124    0.121591  0.00143952
          34    0.120608    0.121562  0.00139684
          35    0.115112    0.121378  0.00136881
          36    0.125082    0.121481  0.00133422
          37    0.123618    0.121538  0.00129894
          38    0.117498    0.121432  0.00126876
          39    0.127306    0.121583  0.00124494
          40    0.123264    0.121625  0.00121415
          41    0.121492    0.121621  0.00118417
          42    0.110966    0.121368  0.00118315
          43    0.132739    0.121632  0.00118519
          44     0.12379    0.121681  0.00115897
          45    0.123028    0.121711  0.00113332
          46    0.124679    0.121776  0.00111029
          47    0.138781    0.122137  0.00114507
          48    0.131124    0.122325  0.00113649
          49    0.130686    0.122495  0.00112606
          50    0.123112    0.122508  0.00110338
          51    0.120864    0.122475    0.001082
          52    0.123413    0.122493  0.00106115
          53     0.11781    0.122405  0.00104468
          54    0.126217    0.122476  0.00102758
          55      0.1363    0.122727  0.00103956
          56      0.1286    0.122832  0.00102621
          57    0.114148     0.12268  0.00101949
          58    0.116026    0.122565   0.0010083
          59    0.123857    0.122587 0.000991309
          60    0.121359    0.122566 0.000974862
          61     0.12106    0.122542 0.000959065
          62    0.125524     0.12259 0.000944695
          63    0.108671    0.122369 0.000955473
          64    0.117656    0.122295 0.000943303
          65    0.120286    0.122264 0.000929192
          66    0.127368    0.122342 0.000918267
          67    0.114328    0.122222 0.000912332
          68    0.123403    0.122239 0.000898983
          69    0.133026    0.122396 0.000899545
          70    0.124524    0.122426 0.000887123
          71    0.118644    0.122373 0.000876159
          72    0.118618    0.122321 0.000865477
          73    0.137071    0.122523 0.000877129
          74    0.128989     0.12261 0.000869596
          75    0.125186    0.122644  0.00085861
          76    0.121924    0.122635  0.00084729
          77    0.124722    0.122662 0.000836653
          78    0.114758    0.122561 0.000832051
          79    0.125435    0.122597 0.000822256
          80      0.1314    0.122707 0.000819336
          81    0.126582    0.122755  0.00081057
          82    0.126153    0.122796 0.000801696
          83    0.112879    0.122677 0.000800941
          84    0.116756    0.122606 0.000794481
          85    0.118129    0.122554 0.000786844
          86    0.124101    0.122572 0.000777849
          87    0.116922    0.122507 0.000771593
          88    0.112304    0.122391 0.000771535
          89    0.121701    0.122383 0.000762857
          90    0.124284    0.122404 0.000754628
          91    0.123068    0.122412 0.000746325
          92    0.122655    0.122414 0.000738173
          93    0.108663    0.122266 0.000745014
          94    0.122396    0.122268 0.000737047
          95    0.119311    0.122237 0.000729911
          96    0.122427    0.122239  0.00072227
          97    0.111637    0.122129 0.000723093
          98    0.117081    0.122078 0.000717528
          99     0.11429    0.121999 0.000714586
         100     0.13272    0.122106 0.000715482
