           1    0.405115    0.405115           0
           2    0.397613    0.401364  0.00375141
           3    0.399307    0.400678  0.00227182
           4    0.396025    0.399515  0.00198345
           5     0.38707    0.397026  0.00292502
           6    0.395861    0.396832  0.00239615
           7     0.39682     0.39683  0.00202512
           8    0.399114    0.397116   0.0017769
           9    0.399072    0.397333  0.00158208
          10    0.391689    0.396769  0.00152346
          11    0.398436     0.39692  0.00138633
          12     0.39533    0.396788  0.00127246
          13    0.394031    0.396576  0.00118955
          14    0.392787    0.396305  0.00113406
          15      0.3978    0.396405  0.00106045
          16     0.39722    0.396456 0.000993271
          17    0.396499    0.396458  0.00093302
          18    0.398291     0.39656 0.000885531
          19    0.392391    0.396341  0.00086589
          20    0.397638    0.396405 0.000824014
          21    0.388092     0.39601 0.000878091
          22    0.401782    0.396272 0.000877378
          23    0.396817    0.396296 0.000838699
          24      0.4027    0.396563 0.000846172
          25     0.39787    0.396615 0.000813302
          26    0.393465    0.396494  0.00079073
          27    0.399922    0.396621   0.0007714
          28     0.39467    0.396551 0.000746598
          29    0.399924    0.396667 0.000729722
          30    0.395694    0.396635 0.000705725
          31    0.399426    0.396725 0.000688492
          32    0.395587    0.396689 0.000667577
          33    0.396617    0.396687 0.000647035
          34    0.399908    0.396782 0.000634824
          35     0.40108    0.396905 0.000628531
          36    0.401146    0.397022 0.000622084
          37    0.400023    0.397104 0.000610449
          38    0.395571    0.397063 0.000595535
          39    0.390473    0.396894 0.000604175
          40    0.401437    0.397008 0.000599729
          41    0.399262    0.397063 0.000587498
          42    0.402881    0.397201 0.000589835
          43    0.401571    0.397303  0.00058485
          44    0.394202    0.397232 0.000575732
          45    0.389977    0.397071 0.000585435
          46    0.395652     0.39704 0.000573398
          47    0.394154    0.396979 0.000564416
          48    0.394021    0.396917 0.000555957
          49    0.393217    0.396842 0.000549704
          50    0.396307    0.396831 0.000538704
