           1     0.03736     0.03736           0
           2   0.0302208   0.0337904   0.0035696
           3   0.0317456   0.0331088   0.0021707
           4   0.0362728   0.0338998  0.00172674
           5    0.030356    0.033191  0.00151371
           6    0.031456   0.0329019  0.00126932
           7   0.0360472   0.0333512  0.00116307
           8    0.029224   0.0328353  0.00113168
           9    0.025936   0.0320687  0.00125848
          10   0.0321832   0.0320802  0.00112567
          11   0.0302176   0.0319108  0.00103219
          12   0.0300488   0.0317557  0.00095495
          13   0.0287552   0.0315249 0.000908242
          14   0.0296704   0.0313924 0.000851238
          15   0.0298552   0.0312899 0.000799059
          16   0.0328944   0.0313902 0.000754148
          17   0.0315552   0.0313999 0.000708465
          18   0.0361808   0.0316655 0.000718818
          19    0.035456    0.031865 0.000708597
          20   0.0324288   0.0318932 0.000672825
          21   0.0291232   0.0317613 0.000653436
          22   0.0282392   0.0316012 0.000643268
          23    0.029904   0.0315274 0.000619077
          24   0.0306344   0.0314902 0.000593888
          25   0.0324008   0.0315266 0.000570801
          26   0.0299296   0.0314652 0.000551837
          27   0.0312304   0.0314565 0.000531076
          28   0.0258464   0.0312561 0.000549582
          29   0.0302856   0.0312227 0.000531348
          30    0.033644   0.0313034 0.000519637
          31   0.0315968   0.0313129 0.000502684
          32    0.036344   0.0314701 0.000511485
          33   0.0285432   0.0313814 0.000503615
          34   0.0264016   0.0312349 0.000510059
          35   0.0303352   0.0312092 0.000495939
          36   0.0328432   0.0312546 0.000484098
          37   0.0373416   0.0314191 0.000498747
          38   0.0320944   0.0314369 0.000485769
          39   0.0306928   0.0314178 0.000473534
          40   0.0304184   0.0313928  0.00046222
          41   0.0300688   0.0313605 0.000451961
          42    0.034932   0.0314456 0.000449191
          43    0.028688   0.0313814 0.000443283
          44   0.0328448   0.0314147 0.000434367
          45    0.030476   0.0313938 0.000425116
          46   0.0346488   0.0314646  0.00042175
          47   0.0340872   0.0315204 0.000416435
          48   0.0308056   0.0315055 0.000407939
          49   0.0289104   0.0314525 0.000403022
          50   0.0321976   0.0314674  0.00039516
