           1     1.39411     1.39411           0
           2     1.40773     1.40092   0.0068105
           3     1.40266      1.4015  0.00397486
           4     1.40675     1.40281  0.00310169
           5     1.41607     1.40546  0.00357763
           6     1.43521     1.41042  0.00575491
           7     1.41821     1.41153  0.00498961
           8     1.43036     1.41389  0.00492063
           9     1.41733     1.41427  0.00435641
          10      1.4311     1.41595  0.00424452
          11     1.42489     1.41677  0.00392429
          12     1.39406     1.41487  0.00405145
          13     1.43724     1.41659  0.00410483
          14      1.4156     1.41652    0.003801
          15     1.41748     1.41659  0.00353911
          16     1.41852     1.41671  0.00331275
          17      1.4208     1.41695  0.00312108
          18     1.39927     1.41597  0.00310212
          19     1.40595     1.41544  0.00298134
          20     1.42066      1.4157  0.00284035
          21     1.41437     1.41564  0.00270245
          22     1.41783     1.41574  0.00257862
          23     1.41336     1.41563  0.00246611
          24     1.40685     1.41527   0.0023893
          25     1.41423     1.41523  0.00229211
          26     1.40509     1.41484  0.00223644
          27      1.4188     1.41498  0.00215701
          28     1.41476     1.41498  0.00207857
          29      1.4041      1.4146  0.00204038
          30     1.41749      1.4147  0.00197354
          31     1.43336      1.4153  0.00200147
          32     1.41714     1.41536  0.00193877
          33     1.41578     1.41537  0.00187914
          34     1.39109     1.41465  0.00195787
          35     1.41445     1.41465  0.00190111
          36     1.42774     1.41501  0.00188298
          37     1.39111     1.41437  0.00194197
          38      1.3915     1.41376  0.00198368
          39     1.41552     1.41381  0.00193268
          40     1.43373     1.41431  0.00194846
          41     1.37906     1.41345  0.00208575
          42     1.40259     1.41319  0.00205182
          43     1.40834     1.41308  0.00200671
          44     1.44117     1.41372  0.00206192
          45     1.38067     1.41298  0.00214516
          46     1.40548     1.41282  0.00210433
          47     1.42497     1.41308  0.00207523
          48     1.41119     1.41304  0.00203192
          49     1.41705     1.41312  0.00199171
          50     1.40788     1.41301  0.00195427
          51     1.41688     1.41309  0.00191707
          52      1.4145     1.41312  0.00188004
          53     1.41113     1.41308  0.00184461
          54     1.40015     1.41284  0.00182589
          55      1.4308     1.41317  0.00182189
          56     1.39784     1.41289  0.00180988
          57     1.42061     1.41303    0.001783
          58     1.40739     1.41293  0.00175468
          59     1.40607     1.41282   0.0017286
          60     1.41316     1.41282  0.00169956
          61     1.39574     1.41254  0.00169476
          62     1.41825     1.41263  0.00166974
          63     1.39624     1.41237  0.00166351
          64     1.41807     1.41246  0.00163973
          65     1.41332     1.41247  0.00161436
          66     1.41056     1.41245  0.00158998
          67     1.41648     1.41251  0.00156723
          68     1.40821     1.41244   0.0015453
          69     1.41455     1.41247  0.00152305
          70     1.42457     1.41265  0.00151104
          71     1.39981     1.41247  0.00150054
          72     1.40685     1.41239  0.00148161
          73     1.40158     1.41224  0.00146865
          74      1.3988     1.41206     0.00146
          75      1.4177     1.41213  0.00144237
          76     1.39108     1.41186  0.00144997
          77     1.40632     1.41178  0.00143282
          78     1.40909     1.41175  0.00141475
          79     1.40245     1.41163  0.00140168
          80     1.44194     1.41201  0.00143496
          81     1.41836     1.41209   0.0014193
          82     1.41397     1.41211  0.00140207
          83     1.40966     1.41208  0.00138539
          84     1.40214     1.41196  0.00137391
          85     1.42984     1.41217  0.00137384
          86     1.40781     1.41212  0.00135872
          87     1.39928     1.41198   0.0013511
          88     1.40158     1.41186  0.00134087
          89     1.40005     1.41173  0.00133234
          90     1.41558     1.41177  0.00131815
          91     1.43066     1.41198  0.00132001
          92     1.41224     1.41198  0.00130559
          93     1.41723     1.41204  0.00129271
          94     1.40686     1.41198  0.00128006
          95     1.40248     1.41188  0.00127045
          96     1.40786     1.41184  0.00125785
          97     1.41316     1.41185  0.00124489
          98     1.40964     1.41183  0.00123233
          99     1.44349     1.41215  0.00126103
         100     1.39658     1.41199  0.00125803
