           1     18.1108     18.1108           0
           2     18.2822     18.1965   0.0857343
           3      17.324     17.9057    0.295009
           4     18.4171     18.0335    0.244676
           5      17.777     17.9822    0.196346
           6      16.996     17.8179    0.229609
           7     18.1025     17.8585    0.198269
           8     17.8692     17.8599    0.171712
           9     17.7328     17.8457    0.152092
          10     18.9332     17.9545    0.174157
          11     17.8255     17.9428    0.157967
          12     18.4274     17.9831    0.149753
          13     18.3808     18.0137    0.141108
          14     18.0856     18.0189    0.130742
          15     17.7593     18.0016    0.122937
          16     18.1383     18.0101    0.115314
          17      17.638     17.9882    0.110508
          18     18.3916     18.0106     0.10657
          19     17.9264     18.0062    0.100903
          20     17.5059     17.9812   0.0989388
          21     17.6653     17.9661   0.0953041
          22     18.4181     17.9867   0.0931624
          23     17.9647     17.9857   0.0890248
          24     18.9035      18.024   0.0934208
          25     18.6265     18.0481   0.0927906
          26     18.5546     18.0676   0.0912543
          27     18.2415      18.074   0.0880454
          28     18.7308     18.0975   0.0880256
          29     18.9759     18.1277   0.0901755
          30     18.1605     18.1288   0.0871246
          31     18.6635     18.1461   0.0860142
          32      18.019     18.1421   0.0833776
          33     18.3855     18.1495   0.0811474
          34     17.6278     18.1341   0.0802059
          35     18.7123     18.1507   0.0796135
          36     17.3973     18.1297   0.0801504
          37     19.0191     18.1538   0.0815756
          38     17.4052     18.1341    0.081807
          39       18.06     18.1322   0.0797044
          40     17.8882     18.1261   0.0779253
          41     17.9463     18.1217   0.0761272
          42     18.7532     18.1367   0.0757989
          43     18.6094     18.1477   0.0748272
          44     18.2875     18.1509   0.0731758
          45     17.7746     18.1425   0.0720184
          46     17.8359     18.1359   0.0707501
          47     18.6706     18.1472    0.070157
          48     18.0701     18.1456   0.0686987
          49     18.7736     18.1585   0.0684918
          50     17.5922     18.1471   0.0680567
          51     17.7815       18.14   0.0670931
          52     18.0453     18.1381   0.0658154
          53     17.8889     18.1334   0.0647327
          54     18.0069     18.1311   0.0635659
          55     18.5121      18.138   0.0627827
          56     17.8212     18.1324   0.0619104
          57     18.0177     18.1303   0.0608478
          58     16.9782     18.1105   0.0630033
          59     17.8644     18.1063   0.0620666
          60     17.8229     18.1016   0.0612059
          61      18.291     18.1047   0.0602742
          62     17.6938     18.0981   0.0596633
          63     17.7536     18.0926   0.0589628
          64     16.8422     18.0731   0.0612346
          65     17.5655     18.0653   0.0607887
          66     18.0199     18.0646   0.0598645
          67     18.0826     18.0648   0.0589648
          68     18.0625     18.0648   0.0580912
          69     18.1353     18.0658   0.0572523
          70     18.2864      18.069   0.0565163
          71     18.6145     18.0767    0.056242
          72     17.5597     18.0695   0.0559183
          73     17.8524     18.0665   0.0552271
          74     18.4406     18.0716   0.0547097
          75      18.531     18.0777   0.0543219
          76      17.403     18.0688   0.0543325
          77     18.8691     18.0792   0.0546201
          78     18.1219     18.0797   0.0539181
          79     17.7826      18.076    0.053364
          80     19.1628     18.0896   0.0544157
          81      18.328     18.0925   0.0538203
          82     17.5343     18.0857    0.053594
          83     18.5368     18.0911   0.0532225
          84     18.4961      18.096   0.0528056
          85     18.7268     18.1034   0.0527059
          86     18.4795     18.1078   0.0522727
          87     18.1344     18.1081   0.0516692
          88     18.7658     18.1155   0.0516227
          89      18.202     18.1165   0.0510487
          90      18.068      18.116   0.0504811
          91     17.6854     18.1112    0.050147
          92     18.3842     18.1142   0.0496875
          93      17.677     18.1095   0.0493747
          94     17.5788     18.1039   0.0491718
          95     17.3743     18.0962   0.0492539
          96     17.7123     18.0922   0.0489019
          97     19.3558     18.1052   0.0501179
          98     17.7601     18.1017   0.0497287
          99      18.673     18.1075   0.0495609
         100     18.5099     18.1115   0.0492276
