           1    -0.46949    -0.46949           0
           2   -0.469305   -0.469397    9.24e-05
           3   -0.469794   -0.469529 0.000142496
           4    -0.46968   -0.469567  0.00010757
           5   -0.469858   -0.469625 0.000101591
           6   -0.469058   -0.469531 0.000125806
           7   -0.469731   -0.469559 0.000110122
           8   -0.469738   -0.469581  9.7941e-05
           9   -0.469354   -0.469556 8.99862e-05
          10   -0.469577   -0.469558 8.05123e-05
          11    -0.46974   -0.469575 7.46755e-05
          12   -0.469408   -0.469561 6.95724e-05
          13   -0.470423   -0.469627 9.21688e-05
          14   -0.470012   -0.469655 8.96478e-05
          15   -0.469024   -0.469613 9.34523e-05
          16    -0.46983   -0.469626 8.84615e-05
          17   -0.469883   -0.469641 8.44586e-05
          18    -0.46975   -0.469647  7.9855e-05
          19   -0.469434   -0.469636 7.63687e-05
          20   -0.471202   -0.469714 0.000106686
          21   -0.470082   -0.469732 0.000102981
          22   -0.469358   -0.469715 9.96456e-05
          23   -0.469149    -0.46969 9.83453e-05
          24    -0.47014   -0.469709 9.60042e-05
          25   -0.469794   -0.469713 9.21472e-05
          26   -0.469083   -0.469688 9.17813e-05
          27    -0.47068   -0.469725 9.56497e-05
          28   -0.469417   -0.469714 9.28254e-05
          29    -0.46941   -0.469704 9.01772e-05
          30   -0.470431   -0.469728 9.04328e-05
          31   -0.470068   -0.469739 8.81527e-05
          32   -0.468981   -0.469715 8.85793e-05
          33   -0.470292   -0.469733 8.76149e-05
          34   -0.469514   -0.469726 8.52409e-05
          35   -0.469865    -0.46973 8.28643e-05
          36   -0.469041   -0.469711 8.27748e-05
          37    -0.46931     -0.4697 8.12312e-05
          38   -0.469096   -0.469684 8.06473e-05
          39   -0.470732   -0.469711 8.30193e-05
          40   -0.468634   -0.469684  8.5277e-05
          41   -0.470228   -0.469697  8.4222e-05
          42   -0.468738   -0.469675 8.53104e-05
          43   -0.470398   -0.469691 8.49827e-05
          44   -0.469222   -0.469681 8.37103e-05
          45   -0.469022   -0.469666 8.31265e-05
          46   -0.470822   -0.469691 8.50914e-05
          47   -0.469632    -0.46969 8.32708e-05
          48   -0.469989   -0.469696 8.17549e-05
          49   -0.470334   -0.469709 8.11187e-05
          50   -0.469698   -0.469709 7.94801e-05
          51   -0.469488   -0.469705 7.80265e-05
          52   -0.469774   -0.469706 7.65228e-05
          53   -0.469737   -0.469707 7.50673e-05
          54   -0.469982   -0.469712 7.38409e-05
          55   -0.469218   -0.469703 7.30387e-05
          56   -0.469323   -0.469696 7.20421e-05
          57   -0.469851   -0.469699 7.08193e-05
          58    -0.46951   -0.469695 6.96639e-05
          59   -0.469536   -0.469693 6.85262e-05
          60   -0.469185   -0.469684 6.79041e-05
          61   -0.470259   -0.469694 6.74436e-05
          62    -0.46982   -0.469696 6.63781e-05
          63   -0.469658   -0.469695 6.53187e-05
          64   -0.469215   -0.469688 6.47258e-05
          65    -0.46941   -0.469683 6.38648e-05
          66   -0.469174   -0.469676 6.33622e-05
          67   -0.470311   -0.469685 6.31262e-05
          68   -0.469547   -0.469683  6.2224e-05
          69   -0.469122   -0.469675 6.18532e-05
          70   -0.469508   -0.469673 6.10098e-05
          71    -0.46905   -0.469664 6.07793e-05
          72    -0.46981   -0.469666 5.99638e-05
          73   -0.470253   -0.469674 5.96808e-05
          74   -0.469934   -0.469677 5.89733e-05
          75   -0.469031   -0.469669 5.88162e-05
          76    -0.46955   -0.469667 5.80583e-05
          77   -0.469365   -0.469663 5.74338e-05
          78   -0.469107   -0.469656 5.71392e-05
          79   -0.469591   -0.469655 5.64172e-05
          80   -0.470097   -0.469661 5.59802e-05
          81   -0.469647   -0.469661  5.5285e-05
          82   -0.469174   -0.469655 5.49288e-05
          83   -0.470295   -0.469662 5.48089e-05
          84   -0.470406   -0.469671 5.48719e-05
          85   -0.470114   -0.469677 5.44716e-05
          86   -0.468775   -0.469666 5.48452e-05
          87   -0.469555   -0.469665  5.4226e-05
          88   -0.470104    -0.46967 5.38382e-05
          89   -0.469678    -0.46967 5.32299e-05
          90   -0.468888   -0.469661 5.33472e-05
          91   -0.470098   -0.469666 5.29761e-05
          92   -0.468906   -0.469658 5.30449e-05
          93   -0.469566   -0.469657 5.24806e-05
          94   -0.470658   -0.469667 5.29999e-05
          95   -0.470254   -0.469674 5.28009e-05
          96   -0.469676   -0.469674  5.2248e-05
          97   -0.469554   -0.469672 5.17213e-05
          98    -0.46992   -0.469675 5.12532e-05
          99   -0.470389   -0.469682 5.12428e-05
         100   -0.468878   -0.469674 5.13605e-05
