           1    0.445678    0.445678           0
           2    0.432445    0.439061  0.00661637
           3    0.434162    0.437428  0.00415444
           4    0.435475     0.43694  0.00297794
           5    0.436304    0.436813  0.00231021
           6    0.429539      0.4356  0.00224227
           7    0.442645    0.436607  0.00214572
           8    0.430552     0.43585  0.00200644
           9    0.431167     0.43533  0.00184443
          10    0.439426    0.435739   0.0016998
          11    0.447937    0.436848   0.0018957
          12      0.4284    0.436144  0.00186826
          13    0.443594    0.436717  0.00181157
          14    0.438304     0.43683  0.00168101
          15    0.431346    0.436465  0.00160709
          16    0.439554    0.436658  0.00151564
          17    0.443237    0.437045  0.00147536
          18    0.432468    0.436791  0.00141403
          19    0.444799    0.437212  0.00140237
          20    0.430685    0.436886  0.00136985
          21    0.444714    0.437259  0.00135526
          22    0.446362    0.437672  0.00135683
          23    0.429855    0.437332   0.0013403
          24     0.44387    0.437605  0.00131184
          25    0.439693    0.437688  0.00126104
          26    0.443047    0.437894  0.00122898
          27    0.442602    0.438069  0.00119537
          28    0.432126    0.437857  0.00117128
          29    0.453055    0.438381  0.00124576
          30     0.43047    0.438117  0.00123207
          31    0.439857    0.438173  0.00119298
          32     0.42844    0.437869  0.00119448
          33    0.436404    0.437825  0.00115857
          34    0.437991    0.437829  0.00112399
          35    0.449029    0.438149  0.00113734
          36    0.431338     0.43796  0.00112138
          37    0.447594    0.438221   0.0011213
          38    0.432207    0.438062   0.0011028
          39    0.423269    0.437683  0.00113917
          40    0.433121    0.437569  0.00111616
          41    0.434437    0.437493  0.00109128
          42    0.445165    0.437675  0.00108053
          43    0.442634    0.437791  0.00106138
          44    0.435368    0.437736  0.00103844
          45    0.441774    0.437825  0.00101906
          46    0.440395    0.437881 0.000998228
          47     0.43836    0.437891 0.000976811
          48    0.436956    0.437872 0.000956443
          49    0.435483    0.437823 0.000937989
          50    0.436332    0.437793 0.000919521
          51    0.432495    0.437689 0.000907278
          52     0.43593    0.437656 0.000890303
          53    0.439554    0.437691 0.000874077
          54    0.437724    0.437692 0.000857738
          55    0.442349    0.437777 0.000846245
          56    0.432671    0.437685 0.000835982
          57    0.437114    0.437675 0.000821246
          58    0.441928    0.437749 0.000810286
          59    0.440402    0.437794 0.000797703
          60    0.437348    0.437786  0.00078433
          61     0.43134    0.437681 0.000778572
          62    0.448314    0.437852 0.000784877
          63    0.426838    0.437677 0.000791858
          64    0.431091    0.437574 0.000786152
          65    0.438839    0.437594 0.000774208
          66    0.439704    0.437626 0.000763057
          67     0.44597     0.43775 0.000761831
          68    0.440653    0.437793 0.000751757
          69    0.429525    0.437673 0.000750411
          70    0.444685    0.437773 0.000746366
          71    0.449686    0.437941 0.000754666
          72    0.428518     0.43781 0.000755532
          73    0.439261     0.43783 0.000745376
          74    0.444118    0.437915 0.000740127
          75    0.438654    0.437925 0.000730259
          76    0.434026    0.437874  0.00072241
          77    0.445438    0.437972 0.000719703
          78    0.437675    0.437968 0.000710426
          79    0.441221    0.438009 0.000702583
          80    0.440769    0.438044 0.000694602
          81    0.456718    0.438274  0.00072368
          82    0.431593    0.438193 0.000719429
          83    0.448291    0.438315 0.000721046
          84    0.434394    0.438268 0.000713938
          85    0.434948    0.438229 0.000706569
          86    0.442815    0.438282 0.000700338
          87    0.440566    0.438308 0.000692739
          88    0.444716    0.438381 0.000688682
          89    0.441483    0.438416 0.000681791
          90    0.435577    0.438384 0.000674911
          91    0.445461    0.438462 0.000671968
          92    0.428832    0.438358 0.000672817
          93    0.430439    0.438272 0.000670967
          94    0.431051    0.438196 0.000668222
          95    0.432648    0.438137 0.000663725
          96    0.441869    0.438176 0.000657924
          97    0.441266    0.438208 0.000651885
          98     0.43936     0.43822 0.000645306
          99    0.434555    0.438183 0.000639826
         100    0.440365    0.438205 0.000633771
