           1     1.64808     1.64808           0
           2     1.65815     1.65311  0.00503636
           3     1.63864     1.64829  0.00563225
           4     1.65586     1.65018   0.0044093
           5     1.66124     1.65239  0.00406849
           6     1.66981      1.6553  0.00441145
           7     1.64684     1.65409  0.00391901
           8     1.67885     1.65718  0.00459371
           9     1.67046     1.65866  0.00431152
          10     1.69567     1.66236  0.00534508
          11     1.67468     1.66348  0.00496287
          12     1.64691      1.6621   0.0047362
          13     1.69583     1.66469  0.00507063
          14      1.6639     1.66464  0.00469483
          15     1.65733     1.66415  0.00439775
          16     1.67002     1.66452  0.00413005
          17     1.69498     1.66631  0.00427338
          18     1.63452     1.66454  0.00439906
          19     1.64552     1.66354  0.00427986
          20     1.66431     1.66358  0.00406041
          21     1.65863     1.66334   0.0038694
          22     1.66445     1.66339  0.00368968
          23     1.66651     1.66353   0.0035282
          24     1.64675     1.66283  0.00344963
          25     1.66782     1.66303  0.00331477
          26     1.64162     1.66221  0.00328952
          27     1.67285      1.6626   0.0031898
          28     1.66169     1.66257  0.00307394
          29     1.66128     1.66252  0.00296638
          30     1.66818     1.66271  0.00287199
          31     1.68125     1.66331  0.00284145
          32     1.68312     1.66393  0.00281999
          33     1.67046     1.66413  0.00274035
          34     1.62837     1.66308  0.00285904
          35     1.67577     1.66344  0.00279974
          36     1.68258     1.66397  0.00277234
          37     1.65423     1.66371  0.00270918
          38     1.64065      1.6631  0.00270585
          39     1.65952     1.66301  0.00263715
          40     1.68353     1.66352   0.0026211
          41     1.64172     1.66299   0.0026111
          42     1.64559     1.66257  0.00258162
          43     1.64658      1.6622  0.00254818
          44     1.69909     1.66304  0.00262696
          45     1.64838     1.66272  0.00258852
          46     1.65237     1.66249  0.00254158
          47     1.66636     1.66257  0.00248828
          48     1.64661     1.66224   0.0024585
          49     1.67515      1.6625  0.00242218
          50     1.65494     1.66235  0.00237806
          51     1.66584     1.66242  0.00233197
          52     1.65514     1.66228  0.00229097
          53     1.67133     1.66245   0.0022538
          54     1.64045     1.66204   0.0022489
          55     1.67811     1.66234  0.00222687
          56     1.65031     1.66212  0.00219727
          57     1.66136     1.66211  0.00215842
          58     1.66603     1.66218  0.00212196
          59     1.66475     1.66222  0.00208614
          60     1.66154     1.66221  0.00205111
          61     1.63789     1.66181  0.00205621
          62     1.66557     1.66187  0.00202368
          63     1.65658     1.66179  0.00199307
          64     1.67969     1.66207  0.00198153
          65     1.66361     1.66209  0.00195095
          66     1.64525     1.66183  0.00193803
          67     1.67098     1.66197  0.00191376
          68     1.65954     1.66194  0.00188574
          69     1.66313     1.66195  0.00185829
          70     1.67232      1.6621  0.00183753
          71     1.65577     1.66201  0.00181366
          72     1.66379     1.66204  0.00178847
          73     1.65876     1.66199  0.00176437
          74     1.64949     1.66182  0.00174854
          75     1.66844     1.66191  0.00172732
          76     1.63108      1.6615  0.00175206
          77     1.65524     1.66142  0.00173107
          78     1.65808     1.66138  0.00170927
          79     1.64464     1.66117  0.00170075
          80     1.69766     1.66162  0.00174019
          81     1.67848     1.66183  0.00173112
          82      1.6603     1.66181  0.00170998
          83     1.64901     1.66166  0.00169629
          84     1.66959     1.66175  0.00167863
          85     1.67106     1.66186  0.00166237
          86     1.65759     1.66181  0.00164368
          87     1.66169     1.66181  0.00162468
          88     1.65539     1.66174  0.00160777
          89     1.63856     1.66148  0.00161079
          90     1.65612     1.66142  0.00159391
          91     1.68366     1.66166  0.00159512
          92     1.66897     1.66174  0.00157969
          93     1.67367     1.66187  0.00156787
          94     1.65644     1.66181  0.00155217
          95     1.64079     1.66159  0.00155161
          96     1.66809     1.66166  0.00153686
          97     1.66783     1.66172  0.00152226
          98     1.65072     1.66161  0.00151082
          99     1.70746     1.66207  0.00156556
         100     1.64117     1.66187  0.00156386
