           1     2.43963     2.43963           0
           2     2.49534     2.46749   0.0278516
           3      2.4277     2.45422   0.0208435
           4      2.4297     2.44809   0.0159633
           5     2.47499     2.45347   0.0134843
           6     2.47616     2.45725   0.0116414
           7     2.46113     2.45781  0.00985436
           8     2.47578     2.46005  0.00882488
           9      2.5228     2.46703   0.0104488
          10     2.54442     2.47477   0.0121343
          11     2.48165     2.47539   0.0109938
          12     2.46486     2.47451   0.0100742
          13     2.48478      2.4753  0.00930049
          14      2.4688     2.47484   0.0086231
          15     2.48615     2.47559  0.00806301
          16     2.46096     2.47468   0.0075975
          17     2.49588     2.47593   0.0072448
          18     2.43263     2.47352  0.00724163
          19      2.4564     2.47262  0.00690893
          20     2.45334     2.47165  0.00662486
          21     2.48052     2.47208  0.00631564
          22     2.46119     2.47158  0.00604204
          23     2.51002     2.47325  0.00601036
          24      2.4965     2.47422  0.00583543
          25     2.46175     2.47372  0.00561933
          26     2.44382     2.47257  0.00552002
          27     2.51294     2.47407  0.00551808
          28     2.51979      2.4757  0.00556246
          29     2.49537     2.47638  0.00540993
          30     2.49572     2.47702   0.0052661
          31     2.52989     2.47873  0.00537133
          32     2.51214     2.47977  0.00530454
          33     2.47646     2.47967  0.00514227
          34     2.46171     2.47914  0.00501663
          35     2.50466     2.47987  0.00492544
          36     2.48782     2.48009  0.00479175
          37     2.45268     2.47935  0.00471897
          38      2.4351     2.47819  0.00473845
          39     2.45786     2.47767  0.00464469
          40     2.53225     2.47903  0.00472824
          41     2.45495     2.47845  0.00464871
          42     2.47632     2.47839  0.00453696
          43     2.45197     2.47778  0.00447263
          44     2.49822     2.47824  0.00439442
          45      2.4715     2.47809  0.00429827
          46     2.44471     2.47737  0.00426598
          47     2.49336     2.47771  0.00418807
          48     2.47384     2.47763  0.00410069
          49     2.49032     2.47789  0.00402447
          50     2.44096     2.47715  0.00401174
          51     2.50032      2.4776  0.00395847
          52     2.50397     2.47811  0.00391456
          53     2.45734     2.47772  0.00385994
          54     2.46141     2.47742  0.00379981
          55     2.47683     2.47741   0.0037301
          56     2.46071     2.47711    0.003675
          57     2.46919     2.47697  0.00361262
          58     2.47705     2.47697  0.00354979
          59     2.49311     2.47724  0.00349981
          60     2.51127     2.47781   0.0034874
          61     2.45899      2.4775  0.00344361
          62     2.47859     2.47752  0.00338766
          63     2.46852     2.47738  0.00333651
          64     2.49054     2.47758   0.0032904
          65     2.48078     2.47763  0.00323976
          66     2.46212      2.4774  0.00319894
          67      2.5268     2.47813  0.00323594
          68      2.4543     2.47778  0.00320722
          69     2.46717     2.47763  0.00316413
          70     2.50318     2.47799  0.00313989
          71     2.50622     2.47839  0.00312077
          72     2.48201     2.47844  0.00307753
          73     2.47774     2.47843   0.0030351
          74      2.4545     2.47811  0.00301121
          75     2.48297     2.47817   0.0029715
          76     2.50651     2.47855  0.00295575
          77     2.45221      2.4782   0.0029371
          78     2.49299     2.47839  0.00290539
          79     2.43311     2.47782   0.0029251
          80     2.50539     2.47817  0.00290879
          81     2.51874     2.47867    0.002916
          82     2.51313     2.47909  0.00291072
          83     2.45608     2.47881  0.00288877
          84     2.48021     2.47883  0.00285422
          85     2.43458     2.47831  0.00286807
          86     2.49458      2.4785  0.00284084
          87     2.45046     2.47817  0.00282643
          88     2.45972     2.47796  0.00280198
          89     2.48734     2.47807  0.00277232
          90     2.49449     2.47825  0.00274741
          91      2.4697     2.47816  0.00271867
          92     2.51563     2.47856  0.00271963
          93     2.49753     2.47877  0.00269795
          94     2.47073     2.47868  0.00267046
          95     2.47156     2.47861  0.00264326
          96     2.47368     2.47856  0.00261609
          97     2.46707     2.47844  0.00259168
          98     2.43484     2.47799   0.0026034
          99       2.538      2.4786  0.00264729
         100     2.46888      2.4785  0.00262249
