           1     0.43958     0.43958           0
           2    0.444308    0.441944  0.00236364
           3    0.434447    0.439445  0.00284731
           4    0.437311    0.438912  0.00208283
           5    0.433763    0.437882  0.00191398
           6    0.437851    0.437877  0.00156277
           7    0.441748     0.43843  0.00143187
           8    0.432543    0.437694   0.0014419
           9    0.434863    0.437379  0.00130996
          10    0.435748    0.437216  0.00118296
          11    0.439175    0.437394  0.00108474
          12     0.42292    0.436188  0.00156059
          13    0.436448    0.436208  0.00143567
          14    0.433762    0.436033  0.00134061
          15    0.430879     0.43569  0.00129448
          16    0.430597    0.435371  0.00125201
          17    0.428099    0.434944  0.00125144
          18    0.446379    0.435579  0.00134003
          19    0.442035    0.435919   0.0013123
          20     0.43172    0.435709  0.00126253
          21     0.44612    0.436205  0.00129921
          22    0.445961    0.436648  0.00131574
          23    0.431963    0.436444  0.00127363
          24     0.43746    0.436487  0.00122014
          25    0.446225    0.436876  0.00123344
          26    0.460831    0.437797  0.00150107
          27    0.441701    0.437942  0.00145162
          28    0.438155     0.43795  0.00139884
          29    0.426807    0.437565  0.00140336
          30    0.446415     0.43786   0.0013875
          31     0.45078    0.438277  0.00140522
          32    0.443252    0.438433  0.00136945
          33    0.456688    0.438986  0.00143797
          34    0.432324     0.43879  0.00140872
          35    0.430212    0.438545  0.00138967
          36    0.445487    0.438738  0.00136421
          37     0.46071    0.439331  0.00145366
          38    0.445885    0.439504  0.00142536
          39      0.4375    0.439453  0.00138929
          40    0.427704    0.439159  0.00138559
          41     0.43723    0.439112   0.0013522
          42    0.451228      0.4394  0.00135077
          43    0.446211    0.439559  0.00132846
          44    0.432237    0.439392  0.00130854
          45    0.419365    0.438947  0.00135434
          46    0.441285    0.438998  0.00132555
          47    0.453013    0.439296  0.00133088
          48    0.437652    0.439262  0.00130331
          49    0.430422    0.439082  0.00128912
          50    0.438804    0.439076  0.00126308
