           1    0.346231    0.346231           0
           2    0.332248    0.339239   0.0069918
           3    0.360808    0.346429  0.00824539
           4    0.316091    0.338844  0.00956655
           5    0.354347    0.341945  0.00803269
           6    0.387085    0.349468  0.00998079
           7    0.328246    0.346436  0.00896361
           8    0.346967    0.346503    0.007763
           9    0.326504    0.344281  0.00719789
          10    0.338297    0.343682  0.00646573
          11    0.331826    0.342605  0.00594697
          12    0.330823    0.341623  0.00551688
          13     0.31713    0.339739  0.00541323
          14    0.313187    0.337842  0.00535853
          15    0.342666    0.338164  0.00499888
          16    0.316939    0.336837  0.00486055
          17    0.300925    0.334725  0.00503072
          18    0.350886    0.335623  0.00482725
          19    0.352682     0.33652  0.00465356
          20    0.342534    0.336821  0.00442498
          21    0.365673    0.338195  0.00442756
          22    0.330824     0.33786  0.00423479
          23    0.374153    0.339438  0.00434327
          24    0.353255    0.340014  0.00419803
          25     0.32396    0.339372  0.00407748
          26    0.349329    0.339755  0.00393619
          27    0.360184    0.340511  0.00386244
          28    0.355467    0.341045  0.00376007
          29    0.378225    0.342327  0.00384796
          30    0.350643    0.342605   0.0037278
          31     0.35072    0.342866  0.00361504
          32    0.327582    0.342389  0.00353268
          33    0.333316    0.342114  0.00343498
          34    0.366632    0.342835  0.00340955
          35    0.352133    0.343101  0.00332135
          36    0.354149    0.343407  0.00324233
          37    0.351154    0.343617  0.00316042
          38    0.348067    0.343734  0.00307836
          39    0.328337    0.343339  0.00302426
          40    0.344426    0.343366  0.00294781
          41    0.324049    0.342895  0.00291337
          42    0.285044    0.341518  0.00315924
          43    0.335504    0.341378  0.00308806
          44    0.354761    0.341682  0.00303235
          45    0.335326    0.341541  0.00296756
          46    0.357699    0.341892  0.00292351
          47    0.331568    0.341672  0.00286906
          48    0.373513    0.342336  0.00288592
          49      0.3432    0.342353  0.00282646
          50    0.344444    0.342395  0.00276967
          51    0.308158    0.341724  0.00279659
          52    0.345304    0.341793  0.00274315
          53    0.333866    0.341643  0.00269505
          54    0.347695    0.341755  0.00264704
          55    0.348094    0.341871  0.00260102
          56    0.366276    0.342306  0.00259106
          57    0.354212    0.342515  0.00255376
          58     0.38505    0.343249  0.00261431
          59    0.352421    0.343404  0.00257431
          60    0.358206    0.343651  0.00254304
          61     0.34205    0.343624  0.00250114
          62    0.373239    0.344102   0.0025064
          63    0.330204    0.343882  0.00247615
          64    0.347552    0.343939  0.00243782
          65    0.319893    0.343569  0.00242837
          66    0.338446    0.343491  0.00239255
          67    0.339348    0.343429  0.00235738
          68    0.339578    0.343373  0.00232315
          69    0.345967     0.34341  0.00228954
          70    0.354366    0.343567  0.00226201
          71    0.302729    0.342992  0.00230291
          72    0.350525    0.343096  0.00227311
          73    0.341828    0.343079  0.00224183
          74    0.338881    0.343022  0.00221205
          75    0.338904    0.342967  0.00218305
          76    0.345158    0.342996  0.00215433
          77    0.398762     0.34372  0.00224613
          78    0.331064    0.343558  0.00222307
          79    0.348468     0.34362  0.00219563
          80    0.376435     0.34403  0.00220647
          81    0.348178    0.344082  0.00217967
          82    0.346948    0.344117   0.0021532
          83     0.34507    0.344128  0.00212713
          84    0.320702    0.343849  0.00212008
          85    0.344936    0.343862  0.00209503
          86    0.371468    0.344183  0.00209526
          87    0.376764    0.344558  0.00210462
          88    0.322026    0.344302  0.00209627
          89    0.330353    0.344145   0.0020785
          90      0.3164    0.343837  0.00207826
          91     0.31542    0.343524  0.00207888
          92    0.339109    0.343476  0.00205672
          93    0.291929    0.342922  0.00210864
          94    0.353022    0.343029  0.00208885
          95    0.315731    0.342742  0.00208663
          96     0.32567    0.342564  0.00207242
          97    0.344519    0.342584  0.00205104
          98    0.324293    0.342398  0.00203857
          99    0.334308    0.342316  0.00201953
         100    0.338042    0.342273  0.00199969
