           1    0.091082    0.091082           0
           2   0.0889176   0.0899998   0.0010822
           3   0.0869988   0.0889995  0.00117943
           4   0.0844516   0.0878625  0.00141004
           5   0.0803232   0.0863546  0.00186187
           6   0.0830344   0.0858013   0.0016178
           7   0.0813088   0.0851595  0.00151042
           8   0.0875208   0.0854546  0.00134095
           9     0.09082   0.0860508  0.00132437
          10    0.084326   0.0858783  0.00119704
          11   0.0776804   0.0851331  0.00131446
          12   0.0764728   0.0844114  0.00140024
          13   0.0849208   0.0844506  0.00128863
          14     0.08233   0.0842991  0.00120261
          15   0.0818588   0.0841364  0.00113133
          16   0.0903348   0.0845238  0.00112694
          17   0.0759612   0.0840201   0.0011723
          18   0.0807432   0.0838381  0.00112015
          19    0.091864   0.0842605  0.00114065
          20     0.08404   0.0842495  0.00108217
          21   0.0870808   0.0843843  0.00103815
          22   0.0828376    0.084314 0.000992326
          23   0.0847996   0.0843351 0.000948436
          24    0.086082   0.0844079 0.000910971
          25   0.0893804   0.0846068 0.000896125
          26   0.0893444    0.084789  0.00088004
          27   0.0911924   0.0850262 0.000879402
          28   0.0895116   0.0851864 0.000862422
          29   0.0750912   0.0848382 0.000902029
          30    0.094062   0.0851457 0.000924091
          31   0.0788448   0.0849425 0.000916604
          32   0.0757192   0.0846542 0.000933128
          33     0.08934   0.0847962 0.000915488
          34   0.0826472    0.084733   0.0008904
          35   0.0694548   0.0842965 0.000968534
          36   0.0797964   0.0841715  0.00094951
          37   0.0856524   0.0842115 0.000924358
          38   0.0863428   0.0842676 0.000901451
          39   0.0877252   0.0843563 0.000882497
          40   0.0882008   0.0844524 0.000865505
          41   0.0822392   0.0843984 0.000845855
          42   0.0748164   0.0841702 0.000856417
          43   0.0898932   0.0843033 0.000846788
          44   0.0897304   0.0844267 0.000836463
          45   0.0861528    0.084465 0.000818563
          46   0.0905152   0.0845966 0.000811302
          47   0.0930652   0.0847767 0.000814044
          48     0.09128   0.0849122  0.00080834
          49   0.0855364    0.084925 0.000791774
          50    0.081408   0.0848546 0.000778959
          51   0.0825636   0.0848097 0.000764853
          52   0.0795336   0.0847082 0.000756832
          53   0.0861416   0.0847353 0.000742907
          54   0.0883064   0.0848014 0.000732013
          55    0.094742   0.0849822 0.000740962
          56   0.0935792   0.0851357 0.000743629
          57     0.08182   0.0850775 0.000732779
          58   0.0836068   0.0850522  0.00072048
          59   0.0856768   0.0850627 0.000708243
          60   0.0893996    0.085135  0.00070008
          61   0.0869888   0.0851654 0.000689178
          62   0.0843128   0.0851517 0.000678111
          63   0.0773352   0.0850276 0.000678697
          64    0.086438   0.0850496 0.000668372
          65   0.0837092    0.085029 0.000658332
          66   0.0925004   0.0851422  0.00065809
          67   0.0858036   0.0851521 0.000648268
          68   0.0855188   0.0851575 0.000638687
          69   0.0923348   0.0852615   0.0006379
          70   0.0880456   0.0853013 0.000629978
          71   0.0784292   0.0852045 0.000628539
          72   0.0786056   0.0851128 0.000626488
          73   0.0958528   0.0852599 0.000635121
          74    0.088208   0.0852998 0.000627745
          75    0.081564     0.08525 0.000621319
          76    0.083772   0.0852305 0.000613397
          77   0.0868036    0.085251 0.000605723
          78   0.0802656    0.085187 0.000601314
          79    0.089842    0.085246  0.00059657
          80   0.0940568   0.0853561 0.000599273
          81   0.0873944   0.0853813 0.000592363
          82   0.0864304   0.0853941 0.000585235
          83   0.0880488    0.085426 0.000579025
          84   0.0803364   0.0853655  0.00057529
          85     0.08263   0.0853333 0.000569392
          86   0.0892032   0.0853783 0.000564528
          87   0.0868748   0.0853955 0.000558267
          88   0.0770348   0.0853005 0.000560004
          89   0.0833284   0.0852783  0.00055412
          90   0.0808016   0.0852286 0.000550181
          91    0.083482   0.0852094  0.00054444
          92    0.080412   0.0851572 0.000541009
          93   0.0726828   0.0850231 0.000551714
          94   0.0840112   0.0850123 0.000545919
          95   0.0875832   0.0850394 0.000540819
          96   0.0895712   0.0850866 0.000537234
          97    0.076998   0.0850032 0.000538166
          98   0.0821048   0.0849736 0.000533467
          99   0.0776072   0.0848992 0.000533268
         100   0.0890276   0.0849405  0.00052952
