           1   0.0796576   0.0796576           0
           2    0.075464   0.0775608   0.0020968
           3   0.0749324   0.0766847  0.00149437
           4     0.07053    0.075146  0.00186656
           5   0.0662732   0.0733714    0.002289
           6   0.0695116   0.0727281  0.00197657
           7   0.0675752    0.071992  0.00182551
           8   0.0738604   0.0722255   0.0015981
           9   0.0761932   0.0726664  0.00147673
          10   0.0729292   0.0726927  0.00132109
          11   0.0670788   0.0721823  0.00129939
          12   0.0625424    0.071379   0.0014326
          13   0.0712492    0.071369  0.00131784
          14    0.067118   0.0710654   0.0012573
          15   0.0687192    0.070909  0.00118089
          16   0.0761628   0.0712373  0.00115239
          17    0.066464   0.0709565   0.0011183
          18   0.0704984   0.0709311  0.00105466
          19   0.0758944   0.0711923  0.00103124
          20   0.0731668    0.071291 0.000983287
          21     0.07582   0.0715067 0.000959836
          22   0.0684228   0.0713665 0.000925841
          23   0.0711764   0.0713583  0.00088471
          24   0.0727204    0.071415 0.000848945
          25   0.0718816   0.0714337 0.000814493
          26   0.0732692   0.0715043 0.000785717
          27   0.0815784   0.0718774 0.000843112
          28   0.0746528   0.0719765 0.000818467
          29   0.0648772   0.0717317 0.000826812
          30   0.0793364   0.0719852 0.000838034
          31    0.069638   0.0719095 0.000814079
          32   0.0683592   0.0717985 0.000795998
          33   0.0737692   0.0718583 0.000773808
          34   0.0726292   0.0718809 0.000751046
          35   0.0609516   0.0715687 0.000793314
          36   0.0689996   0.0714973 0.000774259
          37   0.0725116   0.0715247 0.000753541
          38   0.0716204   0.0715272 0.000733447
          39   0.0744696   0.0716027 0.000718366
          40    0.076422   0.0717232 0.000710467
          41   0.0712676    0.071712 0.000693011
          42   0.0607368   0.0714507 0.000725038
          43   0.0753544   0.0715415 0.000713773
          44    0.071166    0.071533 0.000697414
          45   0.0721224   0.0715461 0.000681866
          46      0.0767   0.0716581 0.000676225
          47   0.0822392   0.0718833 0.000698931
          48   0.0816268   0.0720862 0.000713691
          49   0.0723548   0.0720917 0.000698996
          50    0.072528   0.0721004 0.000684929
          51   0.0736796   0.0721314 0.000672078
          52   0.0668624   0.0720301 0.000666771
          53   0.0744808   0.0720763 0.000655702
          54   0.0740348   0.0721126 0.000644466
          55   0.0743396   0.0721531 0.000633934
          56   0.0812996   0.0723164 0.000643582
          57   0.0712616   0.0722979 0.000632461
          58    0.070446    0.072266  0.00062228
          59   0.0735424   0.0722876 0.000612025
          60   0.0790808   0.0724008 0.000612296
          61   0.0739792   0.0724267 0.000602731
          62     0.07091   0.0724022 0.000593434
          63    0.066628   0.0723106 0.000591088
          64   0.0717196   0.0723014 0.000581852
          65     0.06842   0.0722416 0.000575934
          66   0.0775832   0.0723226 0.000572887
          67   0.0715364   0.0723108 0.000564393
          68   0.0685768   0.0722559 0.000558736
          69   0.0812936   0.0723869 0.000565945
          70   0.0738296   0.0724075 0.000558182
          71   0.0668932   0.0723299 0.000555718
          72   0.0704916   0.0723043  0.00054854
          73    0.080078   0.0724108 0.000551355
          74   0.0749196   0.0724447 0.000544909
          75   0.0700652    0.072413 0.000538529
          76   0.0698284    0.072379 0.000532483
          77   0.0685756   0.0723296 0.000527839
          78   0.0684588     0.07228 0.000523386
          79   0.0787324   0.0723616 0.000523133
          80   0.0760908   0.0724083 0.000518652
          81    0.072504   0.0724094  0.00051221
          82   0.0713456   0.0723965 0.000506091
          83   0.0729976   0.0724037 0.000500009
          84   0.0689176   0.0723622 0.000495761
          85   0.0728348   0.0723678 0.000489925
          86   0.0757204   0.0724067 0.000485762
          87   0.0791248    0.072484 0.000486316
          88   0.0711172   0.0724684 0.000481008
          89   0.0717872   0.0724608 0.000475635
          90   0.0690856   0.0724233 0.000471813
          91   0.0723744   0.0724227   0.0004666
          92   0.0669904   0.0723637 0.000465262
          93   0.0667128   0.0723029 0.000464226
          94    0.066072   0.0722366  0.00046402
          95   0.0707316   0.0722208 0.000459383
          96   0.0765108   0.0722655 0.000456763
          97   0.0685464   0.0722271 0.000453653
          98      0.0752   0.0722575 0.000450024
          99   0.0711392   0.0722462 0.000445598
         100   0.0742896   0.0722666 0.000441593
