           1    0.241844    0.241844           0
           2    0.256807    0.249326   0.0074816
           3    0.261913    0.253521  0.00602182
           4     0.23045    0.247753  0.00716939
           5     0.26772    0.251747  0.00684013
           6    0.268426    0.254527   0.0062385
           7     0.25311    0.254324  0.00527637
           8    0.256663    0.254617  0.00457881
           9     0.26801    0.256105  0.00430362
          10    0.249881    0.255482  0.00389927
          11    0.242832    0.254332  0.00370979
          12    0.239813    0.253122  0.00359622
          13    0.238467    0.251995  0.00349485
          14    0.258283    0.252444  0.00326663
          15    0.253427     0.25251  0.00304177
          16    0.238301    0.251622  0.00298068
          17    0.220054    0.249765  0.00335968
          18    0.281861    0.251548  0.00363495
          19    0.273908    0.252725  0.00363416
          20    0.264143    0.253296  0.00349461
          21    0.259683      0.2536  0.00333793
          22    0.250154    0.253443  0.00318644
          23     0.25292     0.25342  0.00304484
          24    0.250832    0.253313   0.0029172
          25    0.258076    0.253503  0.00280456
          26    0.238948    0.252943  0.00275207
          27    0.258614    0.253153   0.0026565
          28    0.271299    0.253801  0.00264062
          29    0.262088    0.254087  0.00256391
          30    0.260921    0.254315  0.00248743
          31    0.244547       0.254   0.0024264
          32    0.227791    0.253181  0.00248802
          33    0.255352    0.253247  0.00241234
          34    0.259172    0.253421   0.0023468
          35    0.250299    0.253332   0.0022805
          36    0.254784    0.253372  0.00221662
          37    0.262078    0.253607  0.00216868
          38    0.251687    0.253557  0.00211144
          39    0.274236    0.254087  0.00212384
          40    0.258174    0.254189  0.00207258
          41    0.223474     0.25344  0.00215576
          42    0.239944    0.253119   0.0021282
          43     0.27179    0.253553    0.002123
          44    0.247136    0.253407  0.00207931
          45    0.255203    0.253447  0.00203297
          46    0.262378    0.253641  0.00199774
          47    0.258965    0.253754  0.00195805
          48    0.261628    0.253918  0.00192383
          49    0.261454    0.254072  0.00189043
          50    0.269717    0.254385  0.00187847
          51     0.24195    0.254141  0.00185735
          52    0.266977    0.254388  0.00183793
          53    0.233014    0.253985  0.00184747
          54    0.266303    0.254213  0.00182723
          55    0.273101    0.254556  0.00182628
          56    0.273623    0.254897   0.0018254
          57    0.278764    0.255316  0.00184133
          58    0.260323    0.255402  0.00181137
          59    0.264151     0.25555  0.00178657
          60    0.255855    0.255555  0.00175654
          61    0.263574    0.255687   0.0017325
          62    0.262448    0.255796  0.00170782
          63     0.25729    0.255819  0.00168066
          64    0.261379    0.255906  0.00165647
          65    0.238769    0.255643  0.00165196
          66    0.254483    0.255625  0.00162683
          67    0.244893    0.255465  0.00161035
          68    0.250661    0.255394  0.00158807
          69    0.273546    0.255657  0.00158684
          70    0.262122     0.25575  0.00156673
          71    0.251211    0.255686  0.00154583
          72    0.246641     0.25556  0.00152937
          73    0.253939    0.255538  0.00150844
          74     0.24937    0.255455  0.00149025
          75    0.245214    0.255318  0.00147657
          76    0.269019    0.255498  0.00146813
          77    0.281233    0.255833  0.00148698
          78    0.219078    0.255361  0.00154157
          79    0.257644     0.25539  0.00152221
          80    0.284524    0.255754  0.00154655
          81    0.259585    0.255802  0.00152807
          82    0.259989    0.255853  0.00151018
          83    0.247282    0.255749  0.00149545
          84    0.238058    0.255539  0.00149247
          85    0.248434    0.255455  0.00147718
          86    0.250704      0.2554  0.00146094
          87    0.264267    0.255502  0.00144765
          88    0.234866    0.255267  0.00145019
          89     0.24676    0.255172  0.00143698
          90    0.244252    0.255051   0.0014261
          91    0.241901    0.254906  0.00141772
          92    0.242129    0.254767  0.00140909
          93    0.205882    0.254242  0.00148968
          94     0.25164    0.254214    0.001474
          95    0.235882    0.254021  0.00147112
          96    0.244717    0.253924  0.00145893
          97    0.250206    0.253886  0.00144432
          98    0.245237    0.253797  0.00143223
          99    0.253467    0.253794  0.00141769
         100    0.267194    0.253928  0.00140983
