           1     0.31558     0.31558           0
           2    0.261619      0.2886   0.0269804
           3    0.293218    0.290139    0.015653
           4    0.288089    0.289627   0.0110802
           5    0.308269    0.293355  0.00935758
           6    0.290062    0.292806  0.00766011
           7    0.274428    0.290181  0.00698609
           8    0.269528    0.287599   0.0065779
           9    0.305078    0.289541  0.00611763
          10    0.328117    0.293399  0.00669484
          11     0.30297    0.294269  0.00611791
          12    0.342734    0.298308   0.0068922
          13    0.294446    0.298011  0.00634686
          14    0.282971    0.296936  0.00597344
          15    0.274216    0.295422  0.00576357
          16    0.339038    0.298148  0.00604131
          17    0.275345    0.296806  0.00583119
          18    0.308869    0.297477  0.00553839
          19    0.300905    0.297657   0.0052419
          20    0.290083    0.297278   0.0049873
          21    0.299578    0.297388  0.00474513
          22    0.280033    0.296599  0.00459257
          23     0.29528    0.296542  0.00438872
          24    0.295438    0.296496  0.00420213
          25    0.253369    0.294771   0.0043842
          26    0.294762     0.29477   0.0042122
          27     0.27737    0.294126   0.0041041
          28    0.281955    0.293691  0.00397863
          29    0.291032    0.293599  0.00384008
          30    0.301513    0.293863  0.00371923
          31    0.285082     0.29358  0.00360839
          32    0.261373    0.292573  0.00363589
          33    0.242696    0.291062  0.00383444
          34    0.248319    0.289805  0.00392664
          35    0.297264    0.290018  0.00381875
          36    0.344298    0.291526  0.00400575
          37     0.30648     0.29193  0.00391689
          38    0.339268    0.293176  0.00401079
          39    0.286518    0.293005  0.00391032
          40    0.312482    0.293492  0.00384229
          41    0.296477    0.293565  0.00374811
          42    0.316249    0.294105  0.00369744
          43    0.296079    0.294151  0.00361072
          44    0.296291    0.294199  0.00352804
          45    0.252394     0.29327  0.00357168
          46    0.317706    0.293802  0.00353333
          47    0.295564    0.293839  0.00345754
          48    0.305865     0.29409    0.003394
          49    0.286614    0.293937  0.00332751
          50    0.291847    0.293895  0.00326055
