           1    0.215014    0.215014           0
           2    0.215976    0.215495 0.000481247
           3    0.214147    0.215046 0.000528352
           4     0.21507    0.215052 0.000373649
           5    0.214891     0.21502 0.000291201
           6    0.213782    0.214813 0.000314746
           7    0.212864    0.214535   0.0003851
           8    0.212669    0.214302 0.000406959
           9    0.215176    0.214399 0.000371817
          10    0.213767    0.214336 0.000338519
          11    0.215467    0.214439 0.000323022
          12    0.213114    0.214328 0.000314869
          13    0.213914    0.214296 0.000291387
          14    0.213901    0.214268 0.000271242
          15    0.214771    0.214302 0.000254727
          16    0.213076    0.214225  0.00025028
          17    0.212214    0.214107  0.00026319
          18    0.213096    0.214051 0.000254417
          19    0.215784    0.214142  0.00025736
          20    0.215129    0.214191 0.000249097
          21    0.214141    0.214189  0.00023695
          22    0.211889    0.214084 0.000248942
          23    0.213444    0.214056 0.000239493
          24    0.212854    0.214006 0.000234703
          25    0.215236    0.214056 0.000230433
          26    0.214838    0.214086 0.000223432
          27    0.215289     0.21413 0.000219572
          28     0.21374    0.214116 0.000212043
          29    0.214861    0.214142 0.000206204
          30    0.214268    0.214146 0.000199256
          31    0.215774    0.214199 0.000199746
          32    0.214823    0.214218 0.000194384
          33     0.21269    0.214172 0.000194007
          34     0.21203    0.214109 0.000198475
          35    0.212507    0.214063 0.000198079
          36    0.215795    0.214111 0.000198419
          37    0.213575    0.214097 0.000193526
          38    0.213964    0.214093 0.000188396
          39    0.213892    0.214088 0.000183575
          40    0.214876    0.214108 0.000180007
          41    0.214655    0.214121 0.000176068
          42    0.215262    0.214148 0.000173961
          43    0.214332    0.214153  0.00016992
          44    0.216911    0.214215 0.000177456
          45    0.214876     0.21423 0.000174087
          46     0.21448    0.214235 0.000170347
          47    0.215264    0.214257 0.000168115
          48    0.214185    0.214256 0.000164582
          49    0.213072    0.214232 0.000162989
          50    0.214814    0.214243 0.000160121
          51    0.215901    0.214276  0.00016028
          52    0.214041    0.214271 0.000157232
          53    0.215067    0.214286 0.000154967
          54    0.214103    0.214283 0.000152107
          55    0.215994    0.214314 0.000152522
          56    0.212446    0.214281 0.000153444
          57     0.21267    0.214252 0.000153352
          58    0.214991    0.214265 0.000151222
          59    0.215878    0.214292 0.000151131
          60    0.215035    0.214305 0.000149105
          61    0.213755    0.214296 0.000146918
          62    0.215783     0.21432 0.000146507
          63    0.215866    0.214344 0.000146236
          64     0.21523    0.214358 0.000144597
          65    0.215593    0.214377 0.000143618
          66    0.215411    0.214393  0.00014229
          67    0.213093    0.214373 0.000141487
          68     0.21648    0.214404 0.000142792
          69    0.213657    0.214394 0.000141124
          70     0.21513    0.214404 0.000139491
          71    0.215713    0.214423 0.000138743
          72    0.216235    0.214448 0.000139099
          73    0.215054    0.214456 0.000137431
          74    0.213771    0.214447 0.000135877
          75    0.214875    0.214452 0.000134175
          76    0.213222    0.214436 0.000133384
          77    0.214913    0.214442 0.000131786
          78    0.215538    0.214456 0.000130841
          79    0.216779    0.214486 0.000132477
          80    0.214676    0.214488 0.000130832
          81     0.21484    0.214493 0.000129279
          82    0.213443     0.21448 0.000128333
          83    0.215037    0.214486 0.000126954
          84    0.213342    0.214473 0.000126172
          85     0.21656    0.214497 0.000127073
          86    0.216115    0.214516 0.000126988
          87    0.214323    0.214514 0.000125539
          88    0.213635    0.214504 0.000124506
          89    0.213427    0.214492 0.000123692
          90    0.212979    0.214475 0.000123459
          91    0.215951    0.214491 0.000123168
          92    0.215468    0.214502 0.000122284
          93    0.215218     0.21451 0.000121207
          94    0.212446    0.214488 0.000121904
          95    0.215583    0.214499 0.000121163
          96    0.214748    0.214502 0.000119923
          97     0.21394    0.214496 0.000118821
          98    0.212283    0.214473 0.000119751
          99    0.213796    0.214467 0.000118732
         100    0.213059    0.214453 0.000118379
