           1    0.443481    0.443481           0
           2    0.436618     0.44005  0.00343162
           3    0.433192    0.437764    0.003025
           4    0.436603    0.437474  0.00215859
           5    0.436304     0.43724  0.00168833
           6    0.435332    0.436922  0.00141471
           7     0.43961    0.437306  0.00125582
           8    0.430963    0.436513  0.00134587
           9    0.436666     0.43653  0.00118707
          10    0.435129     0.43639  0.00107095
          11    0.444485    0.437126  0.00121654
          12    0.428615    0.436417   0.0013177
          13    0.431658    0.436051  0.00126617
          14    0.443793    0.436604  0.00129615
          15    0.433042    0.436366  0.00122979
          16    0.434039    0.436221  0.00115952
          17    0.435096    0.436155  0.00109119
          18    0.441004    0.436424  0.00106347
          19    0.438836    0.436551  0.00101392
          20    0.431366    0.436292 0.000996207
          21    0.432783    0.436125 0.000962201
          22    0.449431    0.436729  0.00109887
          23    0.441161    0.436922  0.00106754
          24    0.442262    0.437145  0.00104602
          25    0.434386    0.437034  0.00100936
          26     0.43388    0.436913 0.000977321
          27    0.434382    0.436819 0.000945089
          28     0.43793    0.436859 0.000911574
          29    0.432603    0.436712  0.00089174
          30    0.437902    0.436752 0.000862416
          31    0.443491    0.436969 0.000861995
          32    0.438342    0.437012 0.000835724
          33    0.456161    0.437592 0.000996407
          34    0.440907     0.43769 0.000971562
          35    0.427112    0.437388 0.000990624
          36    0.440239    0.437467 0.000965965
          37    0.448394    0.437762 0.000984821
          38    0.435051    0.437691 0.000961207
          39    0.429248    0.437474  0.00096094
          40    0.423783    0.437132 0.000997189
          41    0.437188    0.437133 0.000972564
          42    0.445073    0.437322 0.000967766
          43    0.434515    0.437257 0.000947245
          44    0.431888    0.437135 0.000933476
          45     0.41844     0.43672  0.00100262
          46    0.440709    0.436806 0.000984411
          47    0.436032     0.43679  0.00096338
          48    0.429712    0.436642 0.000954553
          49    0.429856    0.436504 0.000945073
          50    0.428306     0.43634 0.000940381
