           1    0.422552    0.422552           0
           2    0.412968     0.41776  0.00479216
           3    0.414191     0.41657  0.00301164
           4    0.413282    0.415748  0.00228269
           5    0.403072    0.413213  0.00309096
           6    0.412469    0.413089   0.0025268
           7    0.414083    0.413231  0.00214025
           8    0.413413    0.413254  0.00185365
           9    0.423393     0.41438  0.00198533
          10    0.414132    0.414356   0.0017759
          11    0.416895    0.414587  0.00162287
          12    0.407338    0.413982  0.00159988
          13    0.415514      0.4141  0.00147638
          14    0.405511    0.413487  0.00149824
          15    0.410156    0.413265  0.00141235
          16    0.414566    0.413346  0.00132363
          17    0.414725    0.413427  0.00124598
          18    0.410905    0.413287  0.00118305
          19     0.40661    0.412936  0.00117293
          20    0.415031     0.41304  0.00111766
          21     0.41212    0.412997  0.00106401
          22    0.421015    0.413361  0.00107797
          23    0.412628    0.413329  0.00103053
          24    0.416818    0.413475 0.000997313
          25     0.41949    0.413715 0.000986383
          26    0.413651    0.413713 0.000947689
          27    0.408337    0.413514 0.000933395
          28    0.414217    0.413539 0.000899793
          29    0.416798    0.413651 0.000875457
          30     0.41953    0.413847 0.000868177
          31     0.41842    0.413995 0.000852565
          32    0.425536    0.414355 0.000900845
          33    0.418875    0.414492 0.000883798
          34    0.416537    0.414552 0.000859515
          35    0.421067    0.414739 0.000855103
          36    0.421722    0.414933 0.000853351
          37    0.410953    0.414825 0.000836907
          38    0.413861      0.4148  0.00081498
          39    0.407648    0.414616 0.000814711
          40    0.416918    0.414674 0.000796165
          41     0.41675    0.414724 0.000778153
          42    0.420027    0.414851 0.000769822
          43    0.415317    0.414862 0.000751784
          44    0.404866    0.414634  0.00076883
          45    0.409514    0.414521 0.000760117
          46    0.414053     0.41451 0.000743478
          47    0.407014    0.414351 0.000744769
          48    0.413067    0.414324 0.000729578
          49    0.409274    0.414221 0.000721927
          50     0.41843    0.414305 0.000712332
