           1     1.35218     1.35218           0
           2     1.33858     1.34538    0.006802
           3     1.35187     1.34755  0.00448344
           4     1.35087     1.34838  0.00327731
           5     1.35727     1.35015  0.00309993
           6     1.34744      1.3497  0.00257126
           7     1.37497     1.35331  0.00421349
           8     1.33647     1.35121  0.00421277
           9     1.35621     1.35176  0.00375666
          10     1.36295     1.35288  0.00354145
          11     1.38177     1.35551  0.00414232
          12     1.37633     1.35724  0.00416042
          13     1.36103     1.35753  0.00383813
          14     1.36717     1.35822  0.00361949
          15     1.35962     1.35832  0.00337084
          16      1.4044      1.3612  0.00427056
          17     1.35309     1.36072  0.00403974
          18     1.37741     1.36165  0.00392001
          19     1.38923      1.3631  0.00398212
          20     1.36172     1.36303  0.00377839
          21     1.36496     1.36312  0.00359514
          22     1.36373     1.36315  0.00342795
          23     1.36674      1.3633  0.00327923
          24     1.31187     1.36116  0.00380126
          25     1.36987     1.36151  0.00366263
          26     1.39839     1.36293   0.0037941
          27     1.36283     1.36293  0.00365087
          28     1.36352     1.36295  0.00351813
          29     1.38845     1.36383   0.0035067
          30     1.34948     1.36335  0.00342137
          31     1.36551     1.36342   0.0033099
          32      1.3815     1.36398  0.00325422
          33     1.37178     1.36422   0.0031629
          34     1.35932     1.36407  0.00307184
          35     1.34053      1.3634  0.00305769
          36     1.35522     1.36317  0.00298021
          37     1.33839      1.3625  0.00297495
          38     1.36693     1.36262  0.00289794
          39     1.34535     1.36218  0.00285717
          40     1.38432     1.36273  0.00283933
          41     1.33562     1.36207  0.00284704
          42     1.36731      1.3622  0.00278123
          43     1.36756     1.36232  0.00271864
          44     1.35544     1.36216  0.00266073
          45     1.35114     1.36192  0.00261244
          46     1.36934     1.36208   0.0025601
          47     1.34568     1.36173  0.00252924
          48     1.35498     1.36159  0.00247998
          49     1.36765     1.36171  0.00243198
          50     1.35624      1.3616  0.00238536
