           1    0.622606    0.622606           0
           2    0.529853    0.576229   0.0463764
           3    0.572658    0.575039   0.0268019
           4    0.541377    0.566623   0.0207362
           5    0.571042    0.567507   0.0160865
           6     0.55609    0.565604   0.0132717
           7    0.576179    0.567115   0.0113179
           8    0.522906    0.561589    0.011252
           9    0.527665     0.55782   0.0106151
          10     0.63579    0.565617   0.0122857
          11    0.545575    0.563795   0.0112612
          12    0.656618     0.57153   0.0128652
          13    0.564965    0.571025    0.011845
          14    0.463675    0.563357   0.0133812
          15    0.567122    0.563608   0.0124598
          16    0.597092    0.565701   0.0118414
          17    0.512953    0.562598   0.0115478
          18    0.555851    0.562223   0.0108938
          19    0.495641    0.558719   0.0108841
          20    0.572554    0.559411   0.0103487
          21     0.47657    0.555466   0.0106046
          22    0.540634    0.554792   0.0101335
          23    0.509417    0.552819  0.00988183
          24    0.531713    0.551939  0.00950192
          25    0.527326    0.550955  0.00916694
          26    0.522552    0.549862   0.0088748
          27     0.55622    0.550098  0.00854303
          28    0.517916    0.548949  0.00831212
          29     0.54903    0.548951  0.00802037
          30    0.553094    0.549089  0.00774965
          31    0.557858    0.549372  0.00750082
          32    0.507281    0.548057   0.0073808
          33    0.537146    0.547726  0.00716128
          34    0.454884    0.544996  0.00746483
          35    0.536902    0.544764   0.0072521
          36    0.628922    0.547102  0.00742536
          37    0.520098    0.546372  0.00725868
          38    0.564213    0.546842  0.00708066
          39     0.59545    0.548088  0.00700843
          40    0.579019    0.548861   0.0068746
          41     0.55061    0.548904  0.00670497
          42    0.551422    0.548964  0.00654365
          43    0.591056    0.549943  0.00646421
          44    0.468745    0.548098  0.00657968
          45    0.639829    0.550136  0.00674711
          46     0.55989    0.550348  0.00660221
          47    0.572886    0.550828  0.00647798
          48     0.56567    0.551137  0.00634912
          49    0.554116    0.551198   0.0062185
          50    0.565173    0.551477  0.00609927
