           1   0.0464944   0.0464944           0
           2   0.0448636    0.045679   0.0008154
           3   0.0427588   0.0447056  0.00108126
           4   0.0459124   0.0450073 0.000821943
           5   0.0425864   0.0445231 0.000799865
           6    0.040954   0.0439283 0.000883387
           7   0.0403868   0.0434223 0.000901869
           8   0.0447352   0.0435864 0.000798096
           9   0.0486348   0.0441474 0.000900028
          10   0.0495524   0.0446879 0.000969631
          11   0.0437712   0.0446045 0.000881014
          12   0.0411276   0.0443148 0.000854853
          13   0.0424388   0.0441705 0.000799482
          14   0.0372316   0.0436749 0.000890795
          15   0.0428376    0.043619 0.000831161
          16   0.0461548   0.0437775 0.000793469
          17   0.0371764   0.0433892 0.000840417
          18    0.040048   0.0432036 0.000813806
          19    0.049586   0.0435395 0.000839884
          20   0.0444228   0.0435837 0.000798007
          21   0.0448744   0.0436451  0.00076154
          22     0.04074   0.0435131  0.00073801
          23   0.0454592   0.0435977 0.000710251
          24   0.0452972   0.0436685 0.000683691
          25   0.0424672   0.0436205 0.000657532
          26   0.0442028   0.0436429 0.000632133
          27   0.0481248   0.0438089 0.000630514
          28   0.0471224   0.0439272 0.000618996
          29   0.0412248    0.043834 0.000604496
          30   0.0463744   0.0439187 0.000590106
          31    0.042702   0.0438794 0.000572101
          32   0.0403936   0.0437705 0.000564543
          33   0.0431592    0.043752 0.000547482
          34   0.0406368   0.0436604  0.00053898
          35   0.0409316   0.0435824  0.00052913
          36    0.043008   0.0435664 0.000514469
          37   0.0428668   0.0435475 0.000500729
          38   0.0491796   0.0436957 0.000509411
          39   0.0460196   0.0437553 0.000499743
          40   0.0448236    0.043782  0.00048782
          41   0.0458296    0.043832 0.000478387
          42   0.0399528   0.0437396 0.000475907
          43    0.047868   0.0438356 0.000474522
          44    0.046172   0.0438887 0.000466643
          45   0.0448152   0.0439093 0.000456619
          46   0.0459148   0.0439529 0.000448705
          47   0.0487516    0.044055  0.00045077
          48   0.0483424   0.0441443 0.000450228
          49   0.0435424    0.044132 0.000441115
          50   0.0405232   0.0440599 0.000438188
          51    0.044652   0.0440715 0.000429667
          52    0.039824   0.0439898 0.000429168
          53   0.0455068   0.0440184 0.000421965
          54   0.0413936   0.0439698  0.00041692
          55   0.0487764   0.0440572 0.000418496
          56   0.0496408   0.0441569 0.000422877
          57   0.0441336   0.0441565 0.000415393
          58   0.0450904   0.0441726 0.000408485
          59   0.0479844   0.0442372 0.000406667
          60   0.0489364   0.0443155  0.00040743
          61   0.0436812   0.0443051  0.00040083
          62    0.043516   0.0442924 0.000394518
          63   0.0415948   0.0442496 0.000390559
          64   0.0478016   0.0443051 0.000388394
          65   0.0406648   0.0442491 0.000386452
          66   0.0471232   0.0442926 0.000383035
          67     0.04408   0.0442895 0.000377288
          68   0.0441952   0.0442881 0.000371701
          69   0.0474556    0.044334  0.00036914
          70   0.0440788   0.0443303 0.000363846
          71    0.038104   0.0442426  0.00036925
          72   0.0438384    0.044237 0.000364129
          73   0.0484808   0.0442952 0.000363781
          74   0.0456032   0.0443128 0.000359266
          75   0.0418836   0.0442804 0.000355921
          76     0.04701   0.0443164 0.000353038
          77   0.0454516   0.0443311 0.000348735
          78   0.0377088   0.0442462  0.00035455
          79   0.0430648   0.0442312 0.000350353
          80    0.047086   0.0442669 0.000347781
          81   0.0386368   0.0441974 0.000350423
          82    0.040192   0.0441486 0.000349553
          83   0.0449584   0.0441583 0.000345454
          84    0.041152   0.0441225 0.000343188
          85   0.0394724   0.0440678 0.000343511
          86   0.0446188   0.0440742 0.000339553
          87   0.0485328   0.0441255 0.000339518
          88   0.0410264   0.0440903  0.00033748
          89    0.044218   0.0440917  0.00033367
          90   0.0411076   0.0440586 0.000331603
          91   0.0435536    0.044053 0.000327986
          92   0.0414976   0.0440252 0.000325588
          93   0.0414016    0.043997 0.000323301
          94   0.0417476   0.0439731 0.000320737
          95   0.0414376   0.0439464 0.000318464
          96   0.0482304    0.043991 0.000318273
          97   0.0448996   0.0440004 0.000315114
          98   0.0458756   0.0440195 0.000312468
          99   0.0443092   0.0440224  0.00030931
         100   0.0426944   0.0440092 0.000306489
