           1    0.432697    0.432697           0
           2    0.431307    0.432002 0.000694868
           3    0.430112    0.431372 0.000747008
           4    0.430749    0.431216 0.000550735
           5    0.436717    0.432316  0.00117989
           6    0.427629    0.431535  0.00124027
           7    0.437045    0.432322  0.00131085
           8    0.429177    0.431929   0.0012014
           9    0.436687    0.432458  0.00118413
          10    0.432491    0.432461  0.00105912
          11    0.439093    0.433064  0.00113195
          12    0.435477    0.433265  0.00105271
          13    0.430671    0.433066 0.000988686
          14    0.434467    0.433166 0.000920802
          15      0.4346    0.433261 0.000862541
          16    0.438185    0.433569 0.000863537
          17    0.442075    0.434069 0.000953057
          18    0.435706     0.43416 0.000903137
          19    0.438634    0.434396 0.000886131
          20    0.426717    0.434012 0.000924173
          21    0.433735    0.433999 0.000879162
          22    0.427756    0.433715 0.000884979
          23     0.43522     0.43378 0.000848156
          24    0.429501    0.433602 0.000831389
          25    0.428913    0.433414 0.000819201
          26    0.435245    0.433485 0.000790208
          27    0.433019    0.433468 0.000760573
          28    0.425831    0.433195  0.00078201
          29     0.42941    0.433064 0.000765767
          30    0.435058    0.433131 0.000742779
          31     0.43909    0.433323 0.000743693
          32    0.433275    0.433322  0.00072008
          33    0.437358    0.433444 0.000708557
          34    0.441383    0.433677 0.000725979
          35     0.44149    0.433901  0.00073943
          36    0.428075    0.433739 0.000736592
          37      0.4323      0.4337 0.000717461
          38    0.435582    0.433749 0.000700079
          39    0.436867    0.433829 0.000686562
          40    0.438339    0.433942 0.000678608
          41    0.430423    0.433856 0.000667391
          42    0.437684    0.433947 0.000657653
          43     0.43513    0.433975 0.000642765
          44    0.437121    0.434046 0.000632043
          45    0.451438    0.434433 0.000728754
          46    0.433443    0.434411  0.00071306
          47    0.431301    0.434345 0.000700856
          48    0.435944    0.434378 0.000686908
          49    0.435557    0.434403 0.000673173
          50    0.426316    0.434241 0.000679109
          51    0.424031    0.434041 0.000695115
          52    0.436927    0.434096 0.000683873
          53    0.435656    0.434126 0.000671491
          54    0.439007    0.434216 0.000665111
          55    0.434454     0.43422 0.000652921
          56    0.432262    0.434185 0.000642109
          57    0.428897    0.434093 0.000637529
          58    0.432446    0.434064 0.000627083
          59    0.429598    0.433988 0.000620994
          60    0.434541    0.433998 0.000610626
          61    0.442598    0.434139 0.000616862
          62    0.435165    0.434155 0.000607057
          63    0.438516    0.434224 0.000601341
          64    0.429718    0.434154 0.000596045
          65    0.429392    0.434081 0.000591359
          66     0.43385    0.434077  0.00058234
          67    0.437331    0.434126 0.000575635
          68    0.436191    0.434156 0.000567919
          69    0.437127    0.434199 0.000561282
          70    0.430321    0.434144 0.000555973
          71    0.438984    0.434212  0.00055231
          72    0.436027    0.434237 0.000545168
          73    0.435389    0.434253 0.000537879
          74    0.439643    0.434326 0.000535537
          75    0.429245    0.434258 0.000532674
          76    0.430218    0.434205 0.000528301
          77    0.430812    0.434161 0.000523253
          78    0.431137    0.434122 0.000517954
          79    0.441371    0.434214 0.000519522
          80    0.429677    0.434157 0.000516112
          81    0.436265    0.434183 0.000510364
          82     0.43464    0.434189 0.000504133
          83    0.435027    0.434199 0.000498124
          84     0.42876    0.434134 0.000496399
          85    0.427928    0.434061 0.000495929
          86    0.433732    0.434057 0.000490143
          87    0.439343    0.434118 0.000488271
          88    0.438308    0.434166 0.000485033
          89    0.437004    0.434198 0.000480612
          90    0.440971    0.434273 0.000481165
          91    0.433509    0.434264 0.000475922
          92    0.428053    0.434197 0.000475538
          93    0.430721    0.434159  0.00047188
          94    0.432373     0.43414 0.000467219
          95    0.432394    0.434122 0.000462641
          96    0.431272    0.434092 0.000458757
          97    0.444969    0.434205 0.000467645
          98    0.435131    0.434214 0.000462945
          99    0.433755    0.434209 0.000458268
         100    0.438262     0.43425 0.000455469
