           1   -0.944242   -0.944242           0
           2    -0.93839   -0.941316   0.0029256
           3   -0.945386   -0.942673  0.00216639
           4   -0.947083   -0.943775  0.00188746
           5   -0.944099    -0.94384  0.00146345
           6   -0.948086   -0.944548  0.00138877
           7   -0.947621   -0.944987  0.00125314
           8   -0.947581   -0.945311  0.00113266
           9    -0.94419   -0.945186  0.00100664
          10   -0.948648   -0.945533 0.000964613
          11   -0.943685   -0.945365  0.00088855
          12     -0.9418   -0.945068 0.000863814
          13   -0.948749   -0.945351 0.000843542
          14   -0.946859   -0.945459 0.000788366
          15   -0.952445   -0.945924 0.000869239
          16   -0.943368   -0.945765 0.000828646
          17    -0.94793   -0.945892 0.000788728
          18   -0.939642   -0.945545 0.000820697
          19   -0.948339   -0.945692 0.000790113
          20   -0.944258    -0.94562 0.000752989
          21   -0.946987   -0.945685 0.000719188
          22   -0.947005   -0.945745 0.000688338
          23   -0.944542   -0.945693 0.000659805
          24   -0.951099   -0.945918 0.000670678
          25   -0.943038   -0.945803 0.000653523
          26    -0.94787   -0.945882   0.0006329
          27   -0.943878   -0.945808 0.000613514
          28   -0.946502   -0.945833 0.000591717
          29   -0.943906   -0.945767 0.000574804
          30   -0.948221   -0.945848 0.000561307
          31    -0.94319   -0.945763 0.000549627
          32   -0.946605   -0.945789 0.000532824
          33   -0.939714   -0.945605  0.00054826
          34   -0.944438    -0.94557 0.000532995
          35   -0.946722   -0.945603 0.000518587
          36   -0.946115   -0.945618 0.000504176
          37   -0.945754   -0.945621 0.000490374
          38   -0.947616   -0.945674 0.000480173
          39   -0.949286   -0.945766 0.000476784
          40   -0.949677   -0.945864 0.000474883
          41   -0.944483    -0.94583 0.000464379
          42   -0.946709   -0.945851 0.000453669
          43   -0.945192   -0.945836 0.000443259
          44   -0.946032   -0.945841  0.00043309
          45   -0.946221   -0.945849 0.000423441
          46   -0.942552   -0.945777  0.00042029
          47   -0.949987   -0.945867 0.000420892
          48    -0.94477   -0.945844 0.000412664
          49   -0.944226   -0.945811 0.000405502
          50   -0.943563   -0.945766 0.000399844
