           1    0.225006    0.225006           0
           2     0.21906    0.222033  0.00297307
           3    0.220611    0.221559  0.00178077
           4    0.223701    0.222094  0.00136835
           5    0.220734    0.221822   0.0010943
           6    0.223353    0.222077 0.000929201
           7    0.221847    0.222044 0.000786007
           8    0.219749    0.221757  0.00073872
           9     0.22055    0.221623 0.000665162
          10    0.220912    0.221552 0.000599173
          11    0.219462    0.221362 0.000574314
          12    0.220826    0.221318 0.000526175
          13    0.221411    0.221325 0.000484065
          14    0.218126    0.221096  0.00050303
          15    0.218366    0.220914 0.000502431
          16    0.220214    0.220871 0.000472013
          17    0.222802    0.220984 0.000457707
          18    0.219667    0.220911 0.000437689
          19    0.220594    0.220894 0.000414348
          20    0.222379    0.220968 0.000400029
          21    0.219524      0.2209 0.000386668
          22    0.222331    0.220965 0.000374371
          23    0.220923    0.220963 0.000357728
          24    0.219262    0.220892 0.000349755
          25    0.221189    0.220904 0.000335684
          26    0.222442    0.220963 0.000327897
          27    0.222026    0.221002 0.000317963
          28    0.219582    0.220952 0.000310571
          29    0.223603    0.221043 0.000313306
          30    0.219772    0.221001 0.000305634
          31    0.219408    0.220949 0.000300041
          32     0.22239    0.220994 0.000293979
          33    0.220779    0.220988 0.000285007
          34    0.220851    0.220984 0.000276526
          35    0.220057    0.220957 0.000269812
          36    0.221565    0.220974 0.000262752
          37    0.221871    0.220998   0.0002567
          38    0.223019    0.221052 0.000255445
          39    0.220732    0.221043 0.000248944
          40    0.221416    0.221053  0.00024282
          41    0.223687    0.221117 0.000245382
          42    0.218995    0.221066 0.000244742
          43    0.218428    0.221005 0.000246735
          44    0.219683    0.220975 0.000242928
          45    0.220303     0.22096 0.000237937
          46    0.219402    0.220926 0.000235158
          47    0.219607    0.220898 0.000231805
          48    0.222982    0.220942 0.000231038
          49    0.220934    0.220941 0.000226274
          50    0.223748    0.220998 0.000228695
