           1   -0.750672   -0.750672           0
           2    -0.75271   -0.751691   0.0010192
           3   -0.750898   -0.751427 0.000645162
           4   -0.750179   -0.751115  0.00055261
           5   -0.753282   -0.751548  0.00060912
           6   -0.751526   -0.751545 0.000497358
           7   -0.752016   -0.751612 0.000425706
           8   -0.750602   -0.751486 0.000389701
           9   -0.753386   -0.751697 0.000403345
          10     -0.7504   -0.751567 0.000383359
          11   -0.751683   -0.751578 0.000346922
          12   -0.751746   -0.751592 0.000317004
          13   -0.752006   -0.751624 0.000293342
          14   -0.749962   -0.751505 0.000296392
          15   -0.751566   -0.751509 0.000275957
          16   -0.751101   -0.751483 0.000259391
          17   -0.751514   -0.751485 0.000243662
          18   -0.749091   -0.751352 0.000265449
          19    -0.75019   -0.751291 0.000258427
          20   -0.752315   -0.751342 0.000250457
          21   -0.750358   -0.751295 0.000242795
          22   -0.750493   -0.751259 0.000234352
          23   -0.751906   -0.751287  0.00022569
          24   -0.751571   -0.751299 0.000216406
          25   -0.752256   -0.751337  0.00021107
          26    -0.75044   -0.751303 0.000205705
          27   -0.749518   -0.751237 0.000208679
          28   -0.752235   -0.751272 0.000204227
          29   -0.750573   -0.751248 0.000198529
          30   -0.749619   -0.751194 0.000199335
          31   -0.750822   -0.751182 0.000193169
          32   -0.752203   -0.751214 0.000189739
          33   -0.751854   -0.751233 0.000184922
          34   -0.752518   -0.751271 0.000183339
          35   -0.751102   -0.751266 0.000178089
          36    -0.75208   -0.751289 0.000174542
          37   -0.750971    -0.75128 0.000169976
          38   -0.755114   -0.751381 0.000193773
          39   -0.748965   -0.751319 0.000198647
          40   -0.752733   -0.751354 0.000196817
          41   -0.750032   -0.751322 0.000194647
          42   -0.750518   -0.751303 0.000190918
          43   -0.750018   -0.751273 0.000188807
          44   -0.748714   -0.751215 0.000193421
          45   -0.750155   -0.751191 0.000190535
          46   -0.751858   -0.751206 0.000186909
          47   -0.749517    -0.75117 0.000186386
          48   -0.750678    -0.75116 0.000182749
          49    -0.75229   -0.751183  0.00018046
          50   -0.750736   -0.751174 0.000177039
