           1   -0.897194   -0.897194           0
           2   -0.898019   -0.897607   0.0004124
           3    -0.89711   -0.897441 0.000290101
           4    -0.89837   -0.897673 0.000309933
           5   -0.897002   -0.897539 0.000275114
           6   -0.898335   -0.897672 0.000260894
           7    -0.89692   -0.897564 0.000245257
           8   -0.896756   -0.897463 0.000235209
           9   -0.895996     -0.8973 0.000263835
          10   -0.898242   -0.897394 0.000254093
          11   -0.897638   -0.897417 0.000230903
          12   -0.900501   -0.897674 0.000332393
          13   -0.897768   -0.897681 0.000305844
          14    -0.89948   -0.897809 0.000310952
          15   -0.897052   -0.897759 0.000293851
          16   -0.898407   -0.897799 0.000277843
          17   -0.898949   -0.897867 0.000269603
          18   -0.898918   -0.897925 0.000260808
          19   -0.898047   -0.897932 0.000246783
          20   -0.898738   -0.897972  0.00023756
          21   -0.896091   -0.897883 0.000243069
          22    -0.89735   -0.897858 0.000233017
          23   -0.898274   -0.897876 0.000223386
          24   -0.901635   -0.898033 0.000265086
          25   -0.896617   -0.897976 0.000260497
          26   -0.895446   -0.897879 0.000268539
          27    -0.89811   -0.897888 0.000258544
          28   -0.899872   -0.897959 0.000259023
          29    -0.90017   -0.898035 0.000261303
          30   -0.897907   -0.898031 0.000252478
          31   -0.896954   -0.897996 0.000246657
          32   -0.897249   -0.897972 0.000239962
          33   -0.901149   -0.898069 0.000251708
          34   -0.898058   -0.898068 0.000244193
          35   -0.897242   -0.898045 0.000238285
          36   -0.897994   -0.898043 0.000231575
          37   -0.897934    -0.89804 0.000225249
          38   -0.896168   -0.897991  0.00022471
          39   -0.897943    -0.89799 0.000218876
          40   -0.896659   -0.897957 0.000215912
          41   -0.896981   -0.897933 0.000211921
          42   -0.900454   -0.897993 0.000215346
          43   -0.897726   -0.897987 0.000210371
          44   -0.898512   -0.897999  0.00020588
          45   -0.897042   -0.897977 0.000202372
          46   -0.896791   -0.897952 0.000199596
          47   -0.899965   -0.897994 0.000199946
          48    -0.89695   -0.897973  0.00019694
          49   -0.898893   -0.897991 0.000193791
          50   -0.896154   -0.897955 0.000193398
          51   -0.896446   -0.897925 0.000191863
          52   -0.897313   -0.897913 0.000188505
          53    -0.89992   -0.897951 0.000188751
          54   -0.899546   -0.897981 0.000187564
          55   -0.896438   -0.897953 0.000186245
          56   -0.897654   -0.897947 0.000182966
          57   -0.897778   -0.897944 0.000179752
          58   -0.898307   -0.897951 0.000176737
          59   -0.899117    -0.89797 0.000174836
          60   -0.899025   -0.897988 0.000172794
          61   -0.898398   -0.897995 0.000170071
          62   -0.896406   -0.897969 0.000169257
          63   -0.897955   -0.897969 0.000166549
          64   -0.896504   -0.897946 0.000165516
          65   -0.895924   -0.897915 0.000165892
          66    -0.89921   -0.897934 0.000164534
          67   -0.898084   -0.897937 0.000162075
          68   -0.897187   -0.897926 0.000160054
          69   -0.898275   -0.897931 0.000157799
          70   -0.899264    -0.89795  0.00015669
          71    -0.89587    -0.89792 0.000157219
          72   -0.894903   -0.897879 0.000160585
          73    -0.89696   -0.897866 0.000158869
          74   -0.897173   -0.897857 0.000156987
          75   -0.897634   -0.897854 0.000154908
          76   -0.895952   -0.897829 0.000154891
          77   -0.898183   -0.897833 0.000152935
          78   -0.897544    -0.89783 0.000151007
          79    -0.89621   -0.897809 0.000150487
          80   -0.898729   -0.897821 0.000149038
          81   -0.896099   -0.897799 0.000148713
          82    -0.89816   -0.897804 0.000146954
          83   -0.896592   -0.897789 0.000145905
          84   -0.899423   -0.897809 0.000145464
          85   -0.895677   -0.897783 0.000145914
          86   -0.898031   -0.897786 0.000144236
          87   -0.898444   -0.897794 0.000142769
          88   -0.898048   -0.897797 0.000141167
          89   -0.897805   -0.897797 0.000139572
          90   -0.898788   -0.897808 0.000138451
          91   -0.895164   -0.897779 0.000139969
          92   -0.897976   -0.897781 0.000138456
          93   -0.896184   -0.897764 0.000138032
          94    -0.90038   -0.897792 0.000139363
          95   -0.896253   -0.897775 0.000138836
          96   -0.898119   -0.897779 0.000137429
          97    -0.89881    -0.89779 0.000136419
          98   -0.896568   -0.897777 0.000135594
          99    -0.89905    -0.89779 0.000134832
         100   -0.900336   -0.897815 0.000135884
