           1    0.317682    0.317682           0
           2    0.314716    0.316199  0.00148306
           3    0.315522    0.315974 0.000885481
           4    0.321115    0.317259  0.00142986
           5    0.314277    0.316663  0.00125794
           6    0.319703    0.317169  0.00114527
           7    0.321422    0.317777  0.00114283
           8    0.312955    0.317174  0.00115878
           9    0.320458    0.317539  0.00108512
          10     0.31921    0.317706 0.000984839
          11    0.319542    0.317873 0.000906322
          12    0.318888    0.317958 0.000831666
          13    0.322172    0.318282 0.000830882
          14    0.315777    0.318103 0.000789773
          15    0.314523    0.317864 0.000772994
          16    0.320407    0.318023 0.000740327
          17    0.320165    0.318149 0.000706738
          18        0.32    0.318252 0.000674208
          19    0.313053    0.317978 0.000693965
          20    0.314485    0.317804 0.000681136
          21    0.318547    0.317839 0.000648856
          22    0.320138    0.317944 0.000627422
          23    0.316839    0.317896 0.000601442
          24    0.320508    0.318004 0.000586037
          25    0.317752    0.317994 0.000562198
          26    0.318096    0.317998 0.000540156
          27    0.320891    0.318105 0.000530692
          28    0.315874    0.318026 0.000517559
          29    0.320214    0.318101 0.000505062
          30    0.315382    0.318011 0.000496282
          31    0.318612     0.31803 0.000480397
          32     0.32119    0.318129 0.000475508
          33    0.322423    0.318259 0.000478896
          34    0.317233    0.318229 0.000465575
          35    0.313108    0.318082 0.000475166
          36    0.319532    0.318123  0.00046353
          37    0.319138     0.31815 0.000451663
          38    0.317901    0.318143 0.000439666
          39    0.312472    0.317998  0.00045226
          40    0.320313    0.318056  0.00044459
          41    0.316641    0.318021 0.000434982
          42    0.319478    0.318056 0.000425913
          43    0.317587    0.318045 0.000416033
          44    0.319467    0.318078 0.000407751
          45    0.314879    0.318006 0.000404877
          46    0.321665    0.318086 0.000403885
          47    0.321835    0.318166 0.000403168
          48    0.314292    0.318085 0.000402845
          49     0.31766    0.318076 0.000394633
          50    0.320662    0.318128 0.000390102
