           1      2.5888      2.5888           0
           2     2.64373     2.61626   0.0274674
           3     2.69948       2.644   0.0319524
           4     2.63444     2.64161     0.02272
           5     2.53846     2.62098   0.0271166
           6     2.57272     2.61294   0.0235563
           7     2.59462     2.61032     0.02008
           8     2.55192     2.60302   0.0188601
           9      2.6142     2.60426   0.0166793
          10     2.59701     2.60354   0.0149361
          11     2.66937     2.60952   0.0147766
          12     2.56869     2.60612   0.0139116
          13     2.59907     2.60558   0.0128083
          14     2.59197     2.60461    0.011898
          15     2.65364     2.60787   0.0115487
          16     2.62626     2.60902   0.0108637
          17     2.67688     2.61301   0.0109575
          18      2.6979     2.61773   0.0113562
          19      2.6672     2.62033   0.0110529
          20       2.685     2.62357   0.0109729
          21     2.58453     2.62171   0.0106015
          22     2.69492     2.62504   0.0106419
          23     2.62036     2.62483   0.0101707
          24     2.60262     2.62391  0.00978161
          25     2.68286     2.62627  0.00967399
          26     2.62124     2.62607  0.00929648
          27     2.64127     2.62664  0.00896323
          28     2.59851     2.62563   0.0086954
          29     2.68513     2.62768  0.00863744
          30     2.57751     2.62601  0.00851051
          31     2.63466     2.62629  0.00823614
          32     2.64111     2.62675  0.00798805
          33     2.63617     2.62704  0.00774746
          34     2.60193      2.6263  0.00755232
          35     2.56675      2.6246  0.00752818
          36     2.60657      2.6241  0.00733318
          37     2.62068       2.624  0.00713283
          38     2.60986     2.62363  0.00695256
          39     2.53634     2.62139  0.00713226
          40     2.72007     2.62386  0.00737639
          41     2.60188     2.62333  0.00721419
          42     2.64773     2.62391  0.00706427
          43     2.61468     2.62369  0.00690136
          44     2.65583     2.62442  0.00678212
          45     2.60743     2.62404  0.00664045
          46     2.69953     2.62569   0.0066986
          47      2.6415     2.62602  0.00656316
          48     2.61223     2.62573  0.00643139
          49     2.62557     2.62573  0.00629877
          50     2.61153     2.62545  0.00617805
