           1   -0.501966   -0.501966           0
           2   -0.501352   -0.501659   0.0003068
           3   -0.501499   -0.501606 0.000184948
           4    -0.50149   -0.501577 0.000133911
           5   -0.502078   -0.501677 0.000144303
           6   -0.501453    -0.50164 0.000123613
           7   -0.501788   -0.501661 0.000106597
           8      -0.502   -0.501703 0.000101581
           9    -0.50133   -0.501662 9.87038e-05
          10   -0.501901   -0.501686 9.14595e-05
          11    -0.50204   -0.501718 8.87752e-05
          12   -0.501414   -0.501693 8.49167e-05
          13   -0.502293   -0.501739 9.07363e-05
          14   -0.502294   -0.501778 9.28845e-05
          15   -0.500685   -0.501705 0.000113104
          16    -0.50218   -0.501735 0.000109877
          17    -0.50214   -0.501759 0.000105924
          18   -0.501804   -0.501761  9.9897e-05
          19   -0.501843   -0.501766  9.4591e-05
          20   -0.502766   -0.501816 0.000102742
          21   -0.502018   -0.501825 9.81982e-05
          22   -0.501568   -0.501814 9.43566e-05
          23   -0.501165   -0.501785 9.44721e-05
          24   -0.502651   -0.501822 9.73773e-05
          25   -0.501372   -0.501804 9.51164e-05
          26   -0.501001   -0.501773 9.64601e-05
          27   -0.503316    -0.50183 0.000109007
          28    -0.50141   -0.501815 0.000106104
          29   -0.502038   -0.501823  0.00010267
          30   -0.502586   -0.501848 0.000102398
          31   -0.502201   -0.501859  9.9691e-05
          32   -0.501308   -0.501842 9.80513e-05
          33   -0.502585   -0.501865 9.76617e-05
          34   -0.501373    -0.50185 9.58439e-05
          35    -0.50219    -0.50186 9.35715e-05
          36   -0.501603   -0.501853 9.12143e-05
          37   -0.501438   -0.501842  8.9419e-05
          38   -0.500636    -0.50181 9.26363e-05
          39   -0.502833   -0.501836 9.39647e-05
          40    -0.50125   -0.501821 9.27518e-05
          41   -0.502141   -0.501829  9.0796e-05
          42    -0.50122   -0.501815 8.97872e-05
          43   -0.502477    -0.50183  8.9016e-05
          44   -0.501296   -0.501818 8.78125e-05
          45   -0.501658   -0.501814 8.59122e-05
          46   -0.502462   -0.501829 8.51963e-05
          47   -0.501754   -0.501827 8.33792e-05
          48   -0.502262   -0.501836 8.21244e-05
          49    -0.50271   -0.501854 8.23868e-05
          50   -0.501496   -0.501847 8.10389e-05
          51   -0.501587   -0.501842 7.95968e-05
          52   -0.501723   -0.501839 7.80843e-05
          53   -0.502092   -0.501844  7.6745e-05
          54   -0.501895   -0.501845 7.53164e-05
          55   -0.501272   -0.501835 7.46648e-05
          56   -0.501399   -0.501827 7.37305e-05
          57   -0.501845   -0.501827 7.24261e-05
          58   -0.501506   -0.501822  7.1382e-05
          59   -0.501762   -0.501821 7.01689e-05
          60   -0.501376   -0.501813 6.93863e-05
          61   -0.502546   -0.501825 6.92899e-05
          62    -0.50223   -0.501832 6.84757e-05
          63    -0.50203   -0.501835 6.74538e-05
          64    -0.50099   -0.501822 6.76924e-05
          65   -0.501926   -0.501823 6.66621e-05
          66   -0.501304   -0.501815 6.61141e-05
          67    -0.50279    -0.50183  6.6726e-05
          68   -0.501743   -0.501829 6.57497e-05
          69   -0.501473   -0.501824 6.49948e-05
          70   -0.501443   -0.501818 6.42896e-05
          71   -0.501187   -0.501809 6.39976e-05
          72   -0.502193   -0.501815 6.33269e-05
          73   -0.502261   -0.501821 6.27519e-05
          74   -0.501877   -0.501821 6.19027e-05
          75    -0.50133   -0.501815 6.14217e-05
          76   -0.501602   -0.501812 6.06726e-05
          77   -0.501901   -0.501813 5.98905e-05
          78   -0.502034   -0.501816 5.91857e-05
          79   -0.501381   -0.501811 5.86909e-05
          80    -0.50291   -0.501824  5.9561e-05
          81   -0.501789   -0.501824 5.88227e-05
          82   -0.501478    -0.50182 5.82535e-05
          83   -0.502103   -0.501823 5.76487e-05
          84   -0.502573   -0.501832 5.76533e-05
          85   -0.501951   -0.501833 5.69883e-05
          86    -0.50133   -0.501828 5.66246e-05
          87   -0.502088   -0.501831 5.60499e-05
          88   -0.502545   -0.501839 5.60007e-05
          89   -0.501858   -0.501839 5.53683e-05
          90    -0.50109   -0.501831 5.53776e-05
          91   -0.502626   -0.501839 5.54596e-05
          92   -0.501434   -0.501835 5.50304e-05
          93   -0.501807   -0.501835 5.44363e-05
          94   -0.502618   -0.501843 5.44945e-05
          95   -0.501854   -0.501843  5.3918e-05
          96   -0.501817   -0.501843 5.33541e-05
          97    -0.50171   -0.501841  5.2819e-05
          98   -0.501638   -0.501839 5.23183e-05
          99   -0.502461   -0.501846 5.21662e-05
         100   -0.500808   -0.501835  5.2674e-05
