           1    0.438307    0.438307           0
           2     0.43115    0.434728  0.00357854
           3    0.412818    0.427425  0.00759015
           4    0.431484    0.428439  0.00546215
           5    0.429338    0.428619  0.00423478
           6    0.426903    0.428333  0.00346949
           7    0.419881    0.427126  0.00317111
           8    0.430765    0.427581  0.00278369
           9    0.425469    0.427346  0.00246617
          10    0.435146    0.428126  0.00233966
          11    0.402595    0.425805  0.00314099
          12    0.420672    0.425377  0.00289905
          13    0.430765    0.425792  0.00269875
          14    0.437176    0.426605  0.00262755
          15      0.4327    0.427011  0.00247963
          16    0.416133    0.426331  0.00241708
          17    0.428857     0.42648  0.00227531
          18    0.415282    0.425858  0.00223356
          19    0.463738    0.427852   0.0029049
          20    0.438839    0.428401  0.00281006
          21    0.426667    0.428318  0.00267418
          22    0.421744     0.42802  0.00256718
          23    0.417334    0.427555  0.00249663
          24    0.467747     0.42923  0.00291861
          25    0.417827    0.428773  0.00283634
          26     0.44384    0.429353    0.002786
          27     0.44072    0.429774  0.00271369
          28      0.4411    0.430178  0.00264608
          29    0.405005     0.42931  0.00269673
          30    0.426945    0.429232  0.00260648
          31    0.429174     0.42923    0.002521
          32    0.435688    0.429432  0.00244928
          33    0.429797    0.429443  0.00237392
          34    0.444848    0.429896  0.00234719
          35    0.419803    0.429607  0.00229731
          36    0.420219    0.429347  0.00224777
          37     0.43041    0.429375  0.00218636
          38    0.423967    0.429233   0.0021328
          39    0.434054    0.429357  0.00208107
          40    0.414843    0.428994  0.00206057
          41    0.432533     0.42908  0.00201154
          42    0.423067    0.428937  0.00196828
          43    0.426313    0.428876  0.00192293
          44    0.424657     0.42878  0.00188116
          45    0.424246    0.428679  0.00184164
          46     0.43209    0.428753  0.00180268
          47    0.461478     0.42945  0.00189636
          48    0.439626    0.429662   0.0018685
          49    0.436996    0.429811  0.00183608
          50    0.422554    0.429666  0.00180483
