           1    0.323343    0.323343           0
           2    0.327547    0.325445  0.00210238
           3     0.32571    0.325534  0.00121703
           4    0.326103    0.325676 0.000872257
           5    0.328203    0.326181 0.000843788
           6    0.325848    0.326126 0.000691183
           7    0.327331    0.326298 0.000609004
           8    0.328315     0.32655 0.000584582
           9    0.329168    0.326841 0.000591947
          10    0.326763    0.326833 0.000529511
          11    0.324814     0.32665 0.000512942
          12    0.328529    0.326806 0.000493748
          13    0.326603    0.326791 0.000454452
          14    0.328456     0.32691 0.000437236
          15    0.329023     0.32705 0.000430729
          16      0.3272     0.32706 0.000403019
          17    0.328217    0.327128 0.000384639
          18    0.324199    0.326965 0.000397475
          19    0.330891    0.327172 0.000429006
          20    0.326229    0.327125 0.000409712
          21    0.330686    0.327294 0.000425009
          22    0.328564    0.327352  0.00040932
          23    0.326303    0.327306  0.00039377
          24    0.327923    0.327332 0.000377882
          25    0.330233    0.327448  0.00038058
          26    0.327784    0.327461 0.000365877
          27    0.326705    0.327433 0.000353176
          28    0.328062    0.327455  0.00034107
          29    0.327988    0.327474  0.00032961
          30    0.325297    0.327401 0.000326593
          31    0.329918    0.327482 0.000326145
          32    0.328173    0.327504 0.000316525
          33    0.324175    0.327403 0.000322941
          34    0.329267    0.327458 0.000318058
          35    0.326118     0.32742   0.0003112
          36     0.32805    0.327437 0.000302938
          37    0.322661    0.327308 0.000321674
          38    0.326327    0.327282 0.000314158
          39    0.327502    0.327288 0.000306048
          40    0.328524    0.327319 0.000299895
          41    0.324089     0.32724 0.000302911
          42    0.325659    0.327202 0.000297996
          43    0.327188    0.327202 0.000290984
          44    0.333536    0.327346 0.000318664
          45     0.32786    0.327357 0.000311711
          46    0.327515    0.327361 0.000304878
          47    0.331643    0.327452 0.000311924
          48    0.324601    0.327393 0.000311079
          49    0.328809    0.327421 0.000306033
          50    0.326428    0.327402 0.000300507
          51    0.329658    0.327446 0.000297861
          52    0.325829    0.327415 0.000293727
          53    0.331171    0.327486 0.000296722
          54    0.327718     0.32749 0.000291207
          55    0.331543    0.327564 0.000295208
          56    0.324464    0.327508 0.000295127
          57    0.328067    0.327518 0.000290069
          58    0.328118    0.327528 0.000285211
          59     0.33107    0.327588 0.000286688
          60    0.328721    0.327607 0.000282501
          61    0.329903    0.327645 0.000280368
          62    0.330146    0.327685 0.000278743
          63    0.327894    0.327689 0.000274303
          64    0.328123    0.327695 0.000270068
          65    0.328436    0.327707 0.000266125
          66    0.327077    0.327697 0.000262235
          67    0.324121    0.327644  0.00026375
          68    0.328086     0.32765 0.000259924
          69    0.325708    0.327622 0.000257671
          70    0.328834     0.32764 0.000254553
          71    0.328703    0.327654 0.000251389
          72    0.329471     0.32768 0.000249153
          73    0.328809    0.327695 0.000246203
          74    0.325839     0.32767 0.000244144
          75    0.330763    0.327711 0.000244371
          76    0.325525    0.327683 0.000242843
          77    0.329166    0.327702 0.000240441
          78    0.328918    0.327717  0.00023785
          79    0.329937    0.327746 0.000236495
          80    0.328926     0.32776 0.000233986
          81    0.330871    0.327799  0.00023425
          82    0.329115    0.327815 0.000231931
          83    0.328119    0.327818 0.000229149
          84    0.327499    0.327815 0.000226437
          85    0.326021    0.327793  0.00022475
          86    0.329489    0.327813 0.000222994
          87    0.329899    0.327837 0.000221716
          88     0.32394    0.327793 0.000223611
          89     0.33129    0.327832 0.000224548
          90    0.329968    0.327856 0.000223304
          91    0.324266    0.327816 0.000224332
          92    0.328413    0.327823 0.000221975
          93    0.328763    0.327833 0.000219808
          94    0.326686    0.327821 0.000217799
          95    0.330857    0.327853 0.000217852
          96    0.329353    0.327868 0.000216136
          97    0.329889    0.327889 0.000214908
          98    0.326832    0.327878 0.000212977
          99     0.32805     0.32788 0.000210822
         100    0.334998    0.327951 0.000220506
