           1   -0.476483   -0.476483           0
           2   -0.478731   -0.477607    0.001124
           3   -0.477661   -0.477625 0.000649188
           4   -0.476688   -0.477391 0.000515367
           5   -0.478298   -0.477572 0.000438467
           6   -0.476862   -0.477454 0.000377044
           7   -0.477232   -0.477422 0.000320233
           8    -0.47656   -0.477314 0.000297534
           9   -0.476976   -0.477277  0.00026508
          10   -0.477544   -0.477304 0.000238596
          11   -0.477014   -0.477277 0.000217413
          12    -0.47675   -0.477233 0.000203268
          13   -0.477637   -0.477264 0.000189537
          14   -0.476549   -0.477213  0.00018277
          15   -0.476674   -0.477177 0.000173911
          16   -0.477915   -0.477223  0.00016909
          17   -0.476715   -0.477194 0.000161622
          18   -0.477682   -0.477221 0.000154772
          19   -0.478144   -0.477269 0.000154256
          20   -0.476163   -0.477214  0.00015644
          21   -0.477656   -0.477235 0.000150286
          22   -0.476398   -0.477197 0.000148252
          23   -0.476978   -0.477187  0.00014198
          24   -0.476901   -0.477175 0.000136459
          25   -0.478094   -0.477212  0.00013595
          26   -0.479427   -0.477297 0.000155943
          27   -0.478696   -0.477349 0.000158746
          28   -0.477954   -0.477371 0.000154486
          29   -0.476955   -0.477356 0.000149752
          30   -0.475885   -0.477307 0.000152764
          31   -0.478842   -0.477357 0.000155822
          32   -0.477211   -0.477352 0.000150943
          33   -0.477066   -0.477344 0.000146555
          34   -0.477078   -0.477336 0.000142393
          35    -0.47747    -0.47734 0.000138319
          36    -0.47713   -0.477334 0.000134548
          37   -0.476139   -0.477302 0.000134786
          38   -0.478096   -0.477322 0.000132846
          39   -0.478584   -0.477355 0.000133377
          40   -0.478174   -0.477375 0.000131604
          41   -0.478293   -0.477398  0.00013029
          42   -0.477088    -0.47739 0.000127364
          43     -0.4762   -0.477363  0.00012741
          44   -0.477094   -0.477357  0.00012463
          45   -0.476315   -0.477333 0.000124007
          46   -0.477616    -0.47734 0.000121437
          47   -0.477157   -0.477336 0.000118889
          48   -0.477947   -0.477348 0.000117081
          49   -0.477474   -0.477351 0.000114695
          50   -0.476346   -0.477331 0.000114162
