           1   -0.579413   -0.579413           0
           2   -0.578809   -0.579111    0.000302
           3   -0.578522   -0.578915  0.00026243
           4    -0.57879   -0.578884 0.000188149
           5   -0.580068    -0.57912 0.000278122
           6   -0.579382   -0.579164 0.000231219
           7   -0.578323   -0.579044 0.000229379
           8   -0.579275   -0.579073 0.000200741
           9   -0.578889   -0.579052 0.000178214
          10   -0.580027    -0.57915 0.000186846
          11   -0.579781   -0.579207 0.000178477
          12   -0.579298   -0.579215   0.0001631
          13   -0.579407    -0.57923 0.000150759
          14   -0.578556   -0.579181 0.000147635
          15   -0.577825   -0.579091 0.000164528
          16    -0.57893   -0.579081 0.000154232
          17    -0.57916   -0.579086 0.000144951
          18   -0.578933   -0.579077 0.000136924
          19   -0.579378   -0.579093 0.000130485
          20   -0.579584   -0.579117   0.0001262
          21   -0.578822   -0.579103  0.00012086
          22   -0.578958   -0.579097 0.000115424
          23    -0.57944   -0.579112 0.000111296
          24   -0.579342   -0.579121 0.000106987
          25   -0.578587     -0.5791 0.000104819
          26   -0.578096   -0.579061 0.000107856
          27   -0.579935   -0.579094 0.000108714
          28   -0.578544   -0.579074 0.000106583
          29    -0.57916   -0.579077 0.000102885
          30   -0.579655   -0.579096 0.000101247
          31    -0.57932   -0.579104 9.81923e-05
          32   -0.578666    -0.57909 9.60542e-05
          33   -0.579212   -0.579094 9.31715e-05
          34   -0.578105   -0.579064 9.49526e-05
          35   -0.578442   -0.579047 9.38972e-05
          36   -0.578917   -0.579043  9.1323e-05
          37   -0.578782   -0.579036 8.91013e-05
          38   -0.578658   -0.579026 8.72947e-05
          39   -0.580348    -0.57906 9.15341e-05
          40   -0.579399   -0.579068 8.96186e-05
          41   -0.579194   -0.579072 8.74595e-05
          42    -0.57916   -0.579074 8.53777e-05
          43    -0.57905   -0.579073 8.33703e-05
          44   -0.578745   -0.579066 8.17945e-05
          45   -0.578916   -0.579062 8.00252e-05
          46   -0.579966   -0.579082 8.06964e-05
          47   -0.579194   -0.579084  7.8997e-05
          48   -0.578891    -0.57908 7.74383e-05
          49   -0.579261   -0.579084 7.59309e-05
          50   -0.578525   -0.579073 7.52327e-05
          51   -0.578574   -0.579063 7.43896e-05
          52   -0.579106   -0.579064 7.29496e-05
          53   -0.579856   -0.579079 7.31042e-05
          54   -0.579402   -0.579085 7.19875e-05
          55   -0.579338   -0.579089 7.08159e-05
          56   -0.578483   -0.579079 7.03772e-05
          57    -0.57921   -0.579081 6.91702e-05
          58   -0.580108   -0.579099 7.02364e-05
          59   -0.579558   -0.579106 6.94727e-05
          60   -0.579302    -0.57911 6.83831e-05
          61   -0.580391   -0.579131 7.04579e-05
          62   -0.579702    -0.57914 6.99213e-05
          63   -0.579475   -0.579145 6.90081e-05
          64   -0.578398   -0.579133 6.89163e-05
          65   -0.579368   -0.579137 6.79436e-05
          66   -0.578867   -0.579133 6.70311e-05
          67   -0.580762   -0.579157 7.03554e-05
          68   -0.578352   -0.579145 7.03175e-05
          69   -0.578776    -0.57914 6.94975e-05
          70   -0.578743   -0.579134 6.87318e-05
          71   -0.578686   -0.579128 6.80501e-05
          72   -0.579482   -0.579133 6.72784e-05
          73   -0.578704   -0.579127 6.66102e-05
          74   -0.580122   -0.579141 6.70662e-05
          75   -0.579334   -0.579143 6.62164e-05
          76   -0.580263   -0.579158 6.69805e-05
          77   -0.578852   -0.579154 6.62242e-05
          78   -0.579112   -0.579153 6.53719e-05
          79   -0.578103    -0.57914 6.58941e-05
          80   -0.579666   -0.579147 6.53969e-05
          81   -0.579619   -0.579153 6.48474e-05
          82   -0.578829   -0.579149 6.41732e-05
          83   -0.579301    -0.57915 6.34219e-05
          84    -0.58033   -0.579164 6.42175e-05
          85   -0.579422   -0.579168 6.35295e-05
          86   -0.579553   -0.579172 6.29461e-05
          87   -0.579213   -0.579172 6.22201e-05
          88   -0.579252   -0.579173 6.15156e-05
          89   -0.579068   -0.579172 6.08321e-05
          90   -0.578817   -0.579168 6.02818e-05
          91   -0.578215   -0.579158 6.05286e-05
          92    -0.57877   -0.579154 6.00156e-05
          93   -0.579306   -0.579155 5.93895e-05
          94   -0.579326   -0.579157 5.87825e-05
          95   -0.579457    -0.57916  5.8246e-05
          96     -0.5795   -0.579164 5.77447e-05
          97   -0.579114   -0.579163 5.71485e-05
          98   -0.579532   -0.579167 5.66874e-05
          99   -0.580234   -0.579178 5.71385e-05
         100   -0.579106   -0.579177 5.65687e-05
