           1    0.191817    0.191817           0
           2    0.149973    0.170895    0.020922
           3    0.175397    0.172395   0.0121722
           4    0.173395    0.172645  0.00861066
           5    0.174942    0.173105  0.00668559
           6    0.183882    0.174901  0.00574667
           7    0.158233     0.17252  0.00540913
           8    0.149882     0.16969   0.0054728
           9    0.167153    0.169408  0.00483479
          10    0.200366    0.172504  0.00531825
          11    0.173544    0.172598  0.00481147
          12     0.17399    0.172714  0.00439378
          13    0.169994    0.172505  0.00404711
          14    0.156045    0.171329  0.00392703
          15    0.149775    0.169892  0.00392812
          16    0.204959    0.172084  0.00427841
          17    0.174678    0.172237  0.00402176
          18    0.190394    0.173245  0.00392364
          19    0.169488    0.173048  0.00371665
          20    0.166418    0.172716  0.00354147
          21    0.184934    0.173298  0.00341848
          22    0.149158    0.172201  0.00343914
          23    0.158321    0.171597  0.00334116
          24    0.154492    0.170884  0.00327736
          25    0.149073    0.170012  0.00326236
          26    0.153314     0.16937  0.00319949
          27    0.164437    0.169187  0.00308413
          28    0.172407    0.169302  0.00297417
          29    0.182783    0.169767  0.00290719
          30    0.157422    0.169355  0.00283859
          31    0.159859    0.169049  0.00276253
          32    0.161222    0.168804  0.00268597
          33    0.143117    0.168026  0.00271719
          34    0.167415    0.168008  0.00263613
          35    0.167728       0.168  0.00255971
          36    0.188209    0.168561  0.00255015
          37    0.175259    0.168742  0.00248686
          38    0.185034    0.169171  0.00245821
          39    0.177262    0.169379  0.00240332
          40     0.17259    0.169459  0.00234384
          41    0.168414    0.169433   0.0022861
          42     0.19208    0.169973  0.00229524
          43    0.164892    0.169854  0.00224434
          44    0.177731    0.170034  0.00220003
          45    0.167824    0.169984  0.00215115
          46    0.181449    0.170234  0.00211858
          47    0.173093    0.170294   0.0020739
          48    0.174885     0.17039  0.00203249
          49    0.169359    0.170369  0.00199069
          50     0.17547    0.170471  0.00195313
