           1     7.53747     7.53747           0
           2     7.64448     7.59098   0.0535068
           3     7.61439     7.59878   0.0318627
           4     7.58977     7.59653   0.0226426
           5     7.52679     7.58258   0.0224092
           6     7.75879     7.61195   0.0346019
           7     7.85075     7.64606   0.0449328
           8     7.61077     7.64165   0.0391622
           9     7.70398     7.64858   0.0352253
          10     7.62143     7.64586   0.0316232
          11     7.62043     7.64355   0.0286975
          12     7.46489     7.62866   0.0301323
          13     7.69928      7.6341   0.0282449
          14     7.46158     7.62177   0.0289078
          15     7.73931     7.62961   0.0280293
          16     7.84308     7.64295   0.0294183
          17     7.70498      7.6466   0.0278735
          18     7.64651     7.64659   0.0262794
          19     7.98506     7.66441   0.0305818
          20     7.64154     7.66326    0.029035
          21     7.73071     7.66648   0.0278039
          22     7.33689      7.6515   0.0304503
          23      7.8228     7.65894   0.0300345
          24     7.54355     7.65414    0.029155
          25     7.72819      7.6571   0.0281209
          26     7.63854     7.65638   0.0270271
          27     8.01908     7.66982   0.0292713
          28     7.65309     7.66922   0.0282128
          29     7.69559     7.67013   0.0272378
          30     7.81596     7.67499   0.0267594
          31      7.7066     7.67601   0.0259019
          32     7.86265     7.68184   0.0257487
          33     7.80149     7.68547   0.0252182
          34     7.50248     7.68009   0.0250503
          35     7.83755     7.68459   0.0247366
          36     7.77795     7.68718   0.0241791
          37     7.59001     7.68455   0.0236628
          38     7.70698     7.68514   0.0230392
          39     8.06553      7.6949   0.0244687
          40     7.67147     7.69431   0.0238563
          41     7.57945     7.69151   0.0234352
          42     7.58949     7.68908    0.022999
          43     7.86451     7.69316   0.0228254
          44     7.58505      7.6907   0.0224355
          45     7.61259     7.68897   0.0219999
          46     7.57927     7.68658   0.0216481
          47     7.77369     7.68844   0.0212634
          48     7.75787     7.68988   0.0208659
          49     7.83196     7.69278   0.0206403
          50      7.6318     7.69156     0.02026
          51     7.73335     7.69238   0.0198757
          52     7.65755     7.69171   0.0195012
          53     7.79368     7.69364   0.0192262
          54     7.59703     7.69185   0.0189515
          55      8.0469      7.6983   0.0196919
          56     7.47363     7.69429   0.0197489
          57     7.59093     7.69248   0.0194839
          58     7.70667     7.69272   0.0191466
          59     7.57483     7.69072    0.018925
          60     7.62229     7.68958   0.0186419
          61     7.38725     7.68463   0.0189918
          62     7.49511     7.68157   0.0189314
          63      7.6709      7.6814   0.0186292
          64     7.71332      7.6819   0.0183426
          65     7.48824     7.67892   0.0183024
          66     7.69667     7.67919   0.0180249
          67     7.82272     7.68133   0.0178826
          68     7.78045     7.68279   0.0176779
          69     7.51932     7.68042   0.0175801
          70     7.63573     7.67978   0.0173389
          71     7.61728      7.6789   0.0171156
          72     7.55376     7.67716   0.0169655
          73     7.81209     7.67901   0.0168333
          74      7.5064     7.67668   0.0167673
          75     7.69633     7.67694   0.0165443
          76     7.76699     7.67813   0.0163681
          77     7.75517     7.67913   0.0161851
          78     7.76565     7.68024   0.0160147
          79     7.54255     7.67849   0.0159064
          80     7.69876     7.67875   0.0157084
          81     7.86577     7.68105   0.0156841
          82     7.59452        7.68   0.0155276
          83     7.49921     7.67782   0.0154933
          84     7.66017     7.67761   0.0153091
          85     7.62759     7.67702   0.0151394
          86      7.7731     7.67814    0.015004
          87     7.56674     7.67686   0.0148857
          88     7.80492     7.67831   0.0147873
          89     7.78053     7.67946   0.0146653
          90     7.83691     7.68121   0.0146066
          91     7.63254     7.68068   0.0144551
          92     7.82641     7.68226   0.0143846
          93     7.60344     7.68141   0.0142543
          94     7.52215     7.67972   0.0142032
          95     7.88635     7.68189   0.0142202
          96     7.83822     7.68352   0.0141652
          97     7.83865     7.68512   0.0141094
          98     7.47902     7.68302   0.0141221
          99     7.69757     7.68317   0.0139795
         100     7.46592     7.68099   0.0140085
