           1    0.053152    0.053152           0
           2   0.0419184   0.0475352   0.0056168
           3     0.04736   0.0474768  0.00324339
           4   0.0470416    0.047368    0.002296
           5   0.0444216   0.0467787  0.00187356
           6   0.0480304   0.0469873  0.00154391
           7   0.0503096   0.0474619  0.00138848
           8   0.0464528   0.0473358  0.00120906
           9     0.03702   0.0461896  0.00156548
          10   0.0517168   0.0467423  0.00150536
          11   0.0401184   0.0461401  0.00148886
          12   0.0469632   0.0462087  0.00136086
          13    0.041392   0.0458382  0.00130549
          14   0.0455576   0.0458182  0.00120882
          15   0.0420504    0.045567  0.00115304
          16    0.052036   0.0459713  0.00115186
          17   0.0425648   0.0457709  0.00110038
          18   0.0591888   0.0465164  0.00127749
          19   0.0557352   0.0470016  0.00130216
          20   0.0487112    0.047087  0.00123829
          21   0.0483336   0.0471464  0.00117934
          22   0.0438192   0.0469952  0.00113459
          23     0.03994   0.0466884  0.00112669
          24   0.0427416    0.046524  0.00109119
          25   0.0487512   0.0466131  0.00105042
          26   0.0429448    0.046472  0.00101902
          27   0.0440056   0.0463806 0.000984801
          28   0.0362464   0.0460187  0.00101566
          29    0.043672   0.0459378 0.000983343
          30    0.047312   0.0459836 0.000951104
          31   0.0453712   0.0459638 0.000920124
          32   0.0536992   0.0462055 0.000923118
          33   0.0424184   0.0460908 0.000902038
          34   0.0376536   0.0458426 0.000909609
          35   0.0415344   0.0457195 0.000891774
          36   0.0455256   0.0457142 0.000866665
          37    0.054708   0.0459572 0.000877265
          38   0.0480144   0.0460114 0.000855582
          39   0.0499448   0.0461122 0.000839436
          40   0.0453968   0.0460943 0.000818377
          41      0.0448   0.0460628 0.000798791
          42   0.0489696    0.046132 0.000782606
          43   0.0415672   0.0460258 0.000771528
          44    0.040848   0.0459081 0.000762919
          45   0.0424824    0.045832 0.000749648
          46   0.0519088   0.0459641 0.000744977
          47   0.0499104   0.0460481 0.000733774
          48   0.0458008   0.0460429 0.000718343
          49    0.044008   0.0460014 0.000704754
          50   0.0460024   0.0460014 0.000690515
