           1    0.428291    0.428291           0
           2    0.420189     0.42424  0.00405091
           3    0.424205    0.424228  0.00233883
           4    0.421855    0.423635  0.00175704
           5    0.438175    0.426543  0.00321069
           6    0.402233    0.422491  0.00482579
           7    0.426595    0.423078  0.00412046
           8    0.421281    0.422853  0.00357549
           9    0.419011    0.422426  0.00318204
          10    0.441818    0.424365  0.00344392
          11     0.42844    0.424736   0.0031371
          12    0.421257    0.424446   0.0028784
          13    0.421243    0.424199  0.00265918
          14    0.427062    0.424404   0.0024704
          15    0.417358    0.423934   0.0023473
          16    0.420071    0.423693  0.00220893
          17    0.435672    0.424397  0.00219133
          18    0.431052    0.424767  0.00209882
          19    0.411399    0.424064  0.00210628
          20    0.418895    0.423805  0.00201483
          21    0.439379    0.424547  0.00205497
          22    0.419601    0.424322  0.00197219
          23    0.433754    0.424732   0.0019286
          24    0.436787    0.425234  0.00191359
          25    0.413305    0.424757  0.00189646
          26    0.427051    0.424845   0.0018242
          27    0.418572    0.424613  0.00177065
          28    0.429605    0.424791  0.00171553
          29    0.441891    0.425381   0.0017572
          30    0.430909    0.425565  0.00170759
          31    0.434189    0.425843  0.00167485
          32    0.418336    0.425609  0.00163855
          33     0.42109    0.425472  0.00159401
          34    0.422491    0.425384   0.0015489
          35    0.419617    0.425219    0.001513
          36    0.420275    0.425082  0.00147677
          37    0.434235    0.425329  0.00145745
          38    0.426907    0.425371  0.00141918
          39      0.4251    0.425364  0.00138233
          40    0.416314    0.425138   0.0013662
          41    0.428688    0.425224  0.00133527
          42     0.44704    0.425744   0.0014028
          43    0.426309    0.425757  0.00136985
          44    0.425556    0.425752  0.00133836
          45    0.420314    0.425631  0.00131385
          46    0.432996    0.425792  0.00129491
          47    0.425555    0.425787  0.00126707
          48    0.418594    0.425637  0.00124941
          49    0.405444    0.425225  0.00129117
          50    0.440558    0.425531  0.00130172
          51    0.426073    0.425542  0.00127599
          52    0.430915    0.425645  0.00125547
          53    0.424394    0.425622  0.00123178
          54    0.418466    0.425489    0.001216
          55    0.433578    0.425636  0.00120271
          56    0.410865    0.425372  0.00121013
          57    0.409924    0.425101  0.00121922
          58    0.433781    0.425251  0.00120732
          59     0.43235    0.425371  0.00119277
          60    0.412133    0.425151  0.00119329
          61    0.414384    0.424974  0.00118677
          62    0.422367    0.424932  0.00116823
          63    0.407223    0.424651   0.0011834
          64     0.40344     0.42432    0.001211
          65    0.424898    0.424329  0.00119226
          66    0.429559    0.424408  0.00117673
          67    0.404456     0.42411  0.00119667
          68    0.430006    0.424197  0.00118213
          69    0.423624    0.424188   0.0011649
          70    0.424742    0.424196  0.00114816
          71    0.414389    0.424058  0.00114027
          72    0.429992    0.424141  0.00112734
          73    0.423552    0.424133  0.00111182
          74    0.424768    0.424141  0.00109673
          75    0.427297    0.424183  0.00108282
          76    0.412275    0.424026  0.00107991
          77    0.412885    0.423882  0.00107557
          78    0.421705    0.423854  0.00106206
          79    0.430717    0.423941  0.00105212
          80    0.429255    0.424007  0.00104101
          81    0.435716    0.424152  0.00103819
          82    0.437534    0.424315  0.00103835
          83     0.42323    0.424302  0.00102585
          84    0.424987     0.42431  0.00101359
          85    0.419545    0.424254  0.00100317
          86    0.426247    0.424277 0.000991704
          87    0.422123    0.424252 0.000980551
          88    0.412162    0.424115 0.000979032
          89    0.406004    0.423911 0.000989128
          90    0.424169    0.423914  0.00097808
          91    0.427009    0.423948  0.00096787
          92    0.446112    0.424189  0.00098714
          93    0.446686    0.424431  0.00100599
          94    0.428374    0.424473  0.00099611
          95    0.428531    0.424516 0.000986494
          96    0.452011    0.424802  0.00101731
          97    0.416157    0.424713  0.00101071
          98    0.442323    0.424893  0.00101635
          99    0.423436    0.424878  0.00100614
         100    0.412792    0.424757  0.00100334
