           1     4.35151     4.35151           0
           2     4.28771     4.31961    0.031901
           3     4.18728      4.2755   0.0478003
           4     4.35767     4.29604   0.0395524
           5     4.25058     4.28695   0.0319578
           6     4.22415     4.27648   0.0281146
           7     4.33313     4.28458   0.0251015
           8     4.30831     4.28754   0.0219401
           9     4.33525     4.29284   0.0200624
          10     4.26657     4.29022   0.0181357
          11      4.3428       4.295   0.0170866
          12     4.23903     4.29033   0.0162801
          13     4.26555     4.28843   0.0150963
          14      4.2522     4.28584   0.0142141
          15     4.35459     4.29042    0.014004
          16     4.34473     4.29382   0.0135321
          17     4.27085     4.29247   0.0127828
          18     4.20622     4.28767   0.0129692
          19     4.24041     4.28519   0.0125173
          20     4.32518     4.28719   0.0120421
          21     4.31542     4.28853    0.011533
          22     4.28978     4.28859   0.0109964
          23     4.36575     4.29194     0.01103
          24     4.25814     4.29053   0.0106539
          25     4.21203     4.28739   0.0106905
          26     4.25341     4.28609   0.0103539
          27     4.41788     4.29097   0.0110946
          28     4.32695     4.29225    0.010768
          29     4.27164     4.29154   0.0104143
          30     4.38363     4.29461    0.010519
          31     4.27279     4.29391   0.0101984
          32     4.35136      4.2957   0.0100364
          33     4.24726     4.29424  0.00983765
          34     4.31261     4.29478  0.00955921
          35     4.34956     4.29634  0.00941312
          36     4.36692      4.2983  0.00935564
          37     4.23484     4.29659  0.00925951
          38     4.14335     4.29255  0.00987358
          39     4.25215     4.29152  0.00967271
          40     4.43082       4.295   0.0100504
          41     4.26085     4.29417  0.00983757
          42     4.24205     4.29293  0.00968033
          43     4.27179     4.29244  0.00946531
          44     4.28635      4.2923  0.00924872
          45     4.27108     4.29183  0.00905314
          46     4.27016     4.29135  0.00886667
          47     4.36474     4.29292  0.00881536
          48     4.34038      4.2939  0.00868622
          49     4.29374      4.2939  0.00850711
          50     4.26789     4.29338  0.00835145
          51     4.36385     4.29476  0.00830186
          52     4.33424     4.29552  0.00817597
          53     4.26422     4.29493  0.00804193
          54     4.33905     4.29575  0.00793379
          55     4.25623     4.29503  0.00782127
          56     4.26983     4.29458  0.00769351
          57     4.21657     4.29321  0.00768025
          58     4.27491      4.2929  0.00755327
          59     4.39971     4.29471  0.00764169
          60     4.26564     4.29422  0.00752886
          61     4.19696     4.29263  0.00757414
          62     4.21121     4.29131  0.00756581
          63     4.35586     4.29234  0.00751491
          64     4.30726     4.29257  0.00740023
          65     4.30107      4.2927  0.00728666
          66     4.22509     4.29168  0.00724817
          67      4.3187     4.29208  0.00715056
          68     4.25831     4.29158   0.0070621
          69     4.18865     4.29009  0.00711709
          70     4.20193     4.28883  0.00712686
          71     4.30555     4.28907  0.00702971
          72     4.38412     4.29039  0.00705598
          73     4.16815     4.28871  0.00715729
          74     4.30275      4.2889  0.00706246
          75     4.31516     4.28925  0.00697644
          76      4.3425     4.28995  0.00691959
          77     4.24166     4.28933  0.00685788
          78       4.208     4.28828  0.00684922
          79     4.24479     4.28773  0.00678434
          80     4.32018     4.28814  0.00671127
          81     4.37987     4.28927  0.00672395
          82     4.33138     4.28979  0.00666126
          83     4.28988     4.28979  0.00658051
          84     4.26036     4.28944  0.00651113
          85     4.29227     4.28947  0.00643416
          86     4.32751     4.28991  0.00637427
          87     4.35305     4.29064  0.00634223
          88     4.25177      4.2902  0.00628528
          89     4.33686     4.29072  0.00623633
          90     4.21832     4.28992  0.00621891
          91     4.25048     4.28948  0.00616543
          92     4.40796     4.29077  0.00623254
          93        4.32     4.29108  0.00617317
          94     4.21934     4.29032  0.00615465
          95     4.34206     4.29087  0.00611382
          96     4.35694     4.29155  0.00608883
          97     4.39505     4.29262  0.00611947
          98     4.20969     4.29178  0.00611555
          99     4.30817     4.29194  0.00605573
         100     4.25198     4.29154  0.00600816
