           1   -0.460778   -0.460778           0
           2   -0.463499   -0.462138   0.0013608
           3    -0.46257   -0.462282 0.000798698
           4   -0.461797   -0.462161 0.000577651
           5    -0.46339   -0.462407 0.000510573
           6   -0.461523   -0.462259 0.000442124
           7   -0.462165   -0.462246 0.000373908
           8   -0.461517   -0.462155 0.000336396
           9   -0.461101   -0.462038 0.000318952
          10   -0.462346   -0.462068 0.000286936
          11   -0.461726   -0.462037   0.0002614
          12   -0.461882   -0.462024 0.000238977
          13   -0.462443   -0.462057 0.000222175
          14   -0.461003   -0.461981 0.000219024
          15   -0.461746   -0.461966 0.000204505
          16   -0.462462   -0.461997   0.0001938
          17   -0.461606   -0.461974 0.000183486
          18   -0.462686   -0.462013 0.000177465
          19   -0.462973   -0.462064 0.000175296
          20   -0.461064   -0.462014 0.000173652
          21   -0.462312   -0.462028 0.000165785
          22   -0.461323   -0.461996 0.000161284
          23   -0.462006   -0.461996 0.000154113
          24   -0.461888   -0.461992 0.000147621
          25   -0.462682    -0.46202 0.000144255
          26   -0.463781   -0.462087 0.000154265
          27   -0.462979    -0.46212 0.000152073
          28   -0.462731   -0.462142 0.000148157
          29   -0.462317   -0.462148 0.000143084
          30   -0.460987   -0.462109 0.000143546
          31   -0.463486   -0.462154 0.000145771
          32   -0.461933   -0.462147 0.000141311
          33    -0.46193    -0.46214  0.00013712
          34   -0.461661   -0.462126 0.000133772
          35   -0.462248    -0.46213  0.00012994
          36   -0.462235   -0.462133 0.000126313
          37   -0.460824   -0.462097 0.000127842
          38    -0.46195   -0.462093 0.000124492
          39   -0.463693   -0.462134 0.000128005
          40   -0.462891   -0.462153  0.00012619
          41   -0.462512   -0.462162 0.000123384
          42   -0.461861   -0.462155 0.000120624
          43   -0.461056   -0.462129 0.000120526
          44   -0.461958   -0.462125 0.000117819
          45   -0.461522   -0.462112 0.000115951
          46   -0.462458    -0.46212  0.00011365
          47   -0.462094   -0.462119 0.000111207
          48   -0.462502   -0.462127 0.000109158
          49   -0.462283    -0.46213 0.000106955
          50   -0.461651   -0.462121 0.000105231
