           1   -0.567478   -0.567478           0
           2    -0.56981   -0.568644   0.0011656
           3   -0.569107   -0.568798 0.000690445
           4   -0.568142   -0.568634 0.000515027
           5   -0.569003   -0.568708   0.0004057
           6   -0.566758   -0.568383 0.000464034
           7   -0.568931   -0.568461 0.000399917
           8   -0.566894   -0.568266 0.000397896
           9   -0.570542   -0.568519 0.000432593
          10   -0.568546   -0.568521 0.000386932
          11   -0.569221   -0.568585 0.000355724
          12   -0.568058   -0.568541 0.000327689
          13   -0.568432   -0.568533 0.000301547
          14   -0.565998   -0.568352 0.000332724
          15   -0.567666   -0.568306 0.000313107
          16   -0.568491   -0.568317 0.000293114
          17   -0.567022   -0.568241 0.000285676
          18   -0.569184   -0.568294 0.000274383
          19   -0.569696   -0.568367 0.000269832
          20    -0.56876   -0.568387 0.000256737
          21   -0.569003   -0.568416 0.000245962
          22   -0.568005   -0.568398  0.00023526
          23    -0.56887   -0.568418 0.000225737
          24   -0.568347   -0.568415 0.000216147
          25   -0.569211   -0.568447 0.000209751
          26    -0.56869   -0.568456 0.000201738
          27   -0.567722   -0.568429 0.000196021
          28   -0.568666   -0.568438 0.000189079
          29   -0.567454   -0.568404 0.000185566
          30   -0.566181    -0.56833 0.000193984
          31   -0.569035   -0.568352 0.000188997
          32   -0.568774   -0.568366 0.000183471
          33   -0.568328   -0.568364 0.000177828
          34   -0.567418   -0.568337 0.000174751
          35   -0.568787   -0.568349 0.000170173
          36     -0.5678   -0.568334 0.000166081
          37    -0.56835   -0.568335 0.000161531
          38   -0.569554   -0.568367 0.000160461
          39   -0.568782   -0.568377 0.000156656
          40   -0.569374   -0.568402  0.00015471
          41   -0.567997   -0.568392 0.000151213
          42   -0.567686   -0.568376 0.000148523
          43     -0.5672   -0.568348 0.000147583
          44   -0.567982    -0.56834 0.000144429
          45   -0.568491   -0.568343 0.000141223
          46   -0.569008   -0.568358 0.000138873
          47   -0.568389   -0.568358 0.000135888
          48   -0.568483   -0.568361 0.000133052
          49   -0.568592   -0.568366 0.000130393
          50   -0.567107   -0.568341 0.000130215
