           1     22.2045     22.2045           0
           2     20.6144     21.4095    0.795043
           3     21.6302     21.4831    0.464879
           4      20.911       21.34     0.35848
           5     21.2062     21.3133    0.278964
           6     21.2974     21.3106    0.227788
           7     23.4256     21.6128    0.358259
           8     21.4244     21.5892    0.311154
           9     21.6906     21.6005    0.274643
          10     21.8226     21.6227     0.24665
          11     21.1924     21.5836    0.226507
          12     20.0118     21.4526    0.244767
          13     21.1036     21.4258    0.226748
          14     22.0605     21.4711    0.214768
          15     20.7058     21.4201    0.206344
          16     20.1961     21.3436    0.207624
          17     21.8151     21.3713    0.196992
          18     18.5329     21.2136    0.243639
          19      22.382     21.2751    0.238523
          20     20.9172     21.2572     0.22699
          21     22.3479     21.3092    0.222068
          22     20.0232     21.2507    0.219654
          23     21.7458     21.2722    0.210987
          24     23.0073     21.3445    0.214552
          25      22.926     21.4078    0.215295
          26     22.2235     21.4392    0.209214
          27     22.3196     21.4718     0.20394
          28     20.7561     21.4462    0.198177
          29     20.1402     21.4012    0.196453
          30     22.2455     21.4293    0.191867
          31     22.5465     21.4654    0.189042
          32     20.7697     21.4436    0.184325
          33     21.1601      21.435    0.178859
          34     22.2051     21.4577     0.17499
          35     22.0215     21.4738    0.170679
          36     22.7871     21.5103    0.169834
          37     20.7859     21.4907    0.166337
          38     21.6939      21.496    0.161989
          39     21.6104      21.499    0.157808
          40     21.7346     21.5049    0.153925
          41     21.9825     21.5165    0.150575
          42     20.4521     21.4912    0.149115
          43     22.7425     21.5203    0.148486
          44     21.6954     21.5242    0.145126
          45     21.0567     21.5139    0.142245
          46     22.5262     21.5359    0.140848
          47     23.0288     21.5676    0.141432
          48     22.8031     21.5934    0.140826
          49      22.213      21.606    0.138501
          50     21.8353     21.6106     0.13578
