           1     5.19685     5.19685           0
           2     5.00853     5.10269    0.094163
           3     4.92982     5.04507   0.0792217
           4     5.10173     5.05923   0.0577813
           5     5.07121     5.06163   0.0448213
           6     5.04762     5.05929   0.0366709
           7     5.12765     5.06906   0.0324947
           8      5.0829     5.07079   0.0281943
           9     5.21463     5.08677   0.0295587
          10     5.14099     5.09219   0.0269884
          11     5.16148     5.09849   0.0252114
          12     4.99461     5.08983   0.0245891
          13     5.06834     5.08818    0.022679
          14     5.12165     5.09057   0.0211323
          15     5.13838     5.09376   0.0199296
          16     5.25138     5.10361   0.0210852
          17     5.09995     5.10339   0.0198073
          18     5.02336     5.09895   0.0191966
          19     5.07313     5.09759   0.0182089
          20     5.12587       5.099   0.0173323
          21     5.15473     5.10166   0.0166985
          22     5.07987     5.10067   0.0159521
          23     5.17449     5.10388   0.0155771
          24     5.08648     5.10315   0.0149315
          25     5.04703     5.10091   0.0144967
          26     5.08987     5.10048   0.0139344
          27     5.22682     5.10516   0.0142014
          28     5.14597     5.10662   0.0137622
          29     5.10652     5.10662   0.0132792
          30     5.20181     5.10979   0.0132155
          31     5.06396     5.10831   0.0128673
          32     5.13854     5.10926   0.0124945
          33      5.1636      5.1109   0.0122214
          34     5.02939     5.10851   0.0120965
          35      5.1158     5.10871   0.0117476
          36     5.15702     5.11006   0.0114952
          37     5.05704     5.10862   0.0112717
          38     4.97855      5.1052   0.0114926
          39     5.07769     5.10449   0.0112163
          40     5.17046     5.10614   0.0110559
          41     5.11754     5.10642   0.0107865
          42     5.00162     5.10393   0.0108182
          43     5.05735     5.10284    0.010619
          44     5.03464     5.10129     0.01049
          45     5.03382     5.09979   0.0103633
          46     5.08463     5.09946   0.0101409
          47      5.2047      5.1017   0.0101722
          48     5.06051     5.10084  0.00999498
          49     5.07838     5.10039  0.00979961
          50     4.99744     5.09833  0.00981987
          51     5.16618     5.09966   0.0097169
          52     5.14406     5.10051   0.0095664
          53     5.11511     5.10079   0.0093882
          54     5.10847     5.10093   0.0092138
          55     5.11547     5.10119  0.00904859
          56     5.10354     5.10124  0.00888564
          57      5.0742     5.10076  0.00874124
          58     5.07399      5.1003   0.0086016
          59        5.21     5.10216  0.00865659
          60     5.06603     5.10156  0.00853237
          61     5.08045     5.10121  0.00839846
          62     4.95272     5.09882  0.00860202
          63     5.09846     5.09881  0.00846438
          64     5.15329     5.09966  0.00837444
          65      5.1457     5.10037  0.00827497
          66     5.09195     5.10024  0.00814963
          67     5.14846     5.10096  0.00805926
          68      5.1451     5.10161  0.00796635
          69     5.03149     5.10059  0.00791555
          70     4.96375     5.09864  0.00804285
          71     5.22547     5.10043  0.00812749
          72     5.11648     5.10065  0.00801692
          73     5.04705     5.09991  0.00794036
          74     5.14111     5.10047  0.00785208
          75     5.10254      5.1005  0.00774673
          76     5.15924     5.10127  0.00768309
          77     5.08737     5.10109   0.0075848
          78     5.05475      5.1005  0.00751047
          79     4.89747     5.09793  0.00784754
          80     5.15725     5.09867  0.00778422
          81     5.21976     5.10016  0.00783153
          82     5.06361     5.09972  0.00774827
          83     5.04622     5.09907  0.00768143
          84     5.11083     5.09921  0.00759073
          85     5.09979     5.09922   0.0075009
          86      5.0503     5.09865  0.00743495
          87     5.11094     5.09879  0.00735035
          88     5.17549     5.09966  0.00731844
          89     5.15505     5.10029  0.00726245
          90     4.96757     5.09881  0.00733115
          91     5.09725     5.09879  0.00725016
          92     5.16247     5.09949  0.00720424
          93     5.12672     5.09978  0.00713237
          94     4.99711     5.09869  0.00714012
          95     5.13585     5.09908  0.00707539
          96     5.13951      5.0995  0.00701395
          97     5.12667     5.09978  0.00694692
          98     4.95347     5.09829  0.00703588
          99     5.11096     5.09841  0.00696562
         100     5.00491     5.09748  0.00695872
