           1   -0.767209   -0.767209           0
           2   -0.766414   -0.766812   0.0003972
           3   -0.767669   -0.767097 0.000366378
           4   -0.767098   -0.767098 0.000259068
           5   -0.767277   -0.767133 0.000203849
           6   -0.767068   -0.767123 0.000166799
           7   -0.767278   -0.767145 0.000142701
           8   -0.766958   -0.767121 0.000125776
           9   -0.766554   -0.767058 0.000127604
          10    -0.76627   -0.766979 0.000138728
          11   -0.766578   -0.766943 0.000130671
          12   -0.766842   -0.766934 0.000119585
          13   -0.767093   -0.766947 0.000110674
          14   -0.765794   -0.766864 0.000131426
          15   -0.765974   -0.766805    0.000136
          16   -0.767686    -0.76686 0.000138632
          17   -0.767398   -0.766892 0.000134007
          18   -0.767641   -0.766933 0.000133021
          19   -0.768355   -0.767008 0.000146399
          20    -0.76669   -0.766992 0.000139792
          21   -0.765608   -0.766926  0.00014841
          22   -0.765348   -0.766855 0.000158651
          23   -0.766712   -0.766848 0.000151723
          24   -0.765518   -0.766793 0.000155475
          25   -0.766555   -0.766783 0.000149429
          26   -0.764982   -0.766714 0.000159419
          27   -0.767654   -0.766749 0.000157304
          28   -0.767427   -0.766773 0.000153505
          29   -0.767842    -0.76681  0.00015263
          30   -0.767786   -0.766843 0.000151003
          31   -0.767334   -0.766858  0.00014691
          32   -0.768286   -0.766903 0.000149073
          33   -0.768311   -0.766946 0.000150654
          34   -0.765872   -0.766914 0.000149529
          35   -0.767282   -0.766925 0.000145575
          36   -0.765503   -0.766885  0.00014688
          37   -0.766802   -0.766883 0.000142873
          38    -0.76668   -0.766878 0.000139164
          39   -0.769266   -0.766939 0.000148746
          40    -0.76621   -0.766921 0.000146121
          41    -0.76641   -0.766908 0.000143055
          42   -0.766846   -0.766907 0.000139615
          43   -0.767458    -0.76692 0.000136932
          44   -0.766457   -0.766909 0.000134197
          45   -0.766348   -0.766897 0.000131772
          46   -0.766359   -0.766885 0.000129404
          47   -0.767242   -0.766892 0.000126849
          48   -0.766097   -0.766876 0.000125279
          49   -0.768175   -0.766902 0.000125529
          50   -0.766422   -0.766893 0.000123367
          51   -0.767209   -0.766899 0.000121082
          52   -0.767207   -0.766905 0.000118879
          53   -0.767171    -0.76691 0.000116722
          54   -0.766007   -0.766893 0.000115754
          55   -0.767788   -0.766909 0.000114788
          56   -0.766451   -0.766901 0.000113017
          57   -0.767466   -0.766911 0.000111457
          58   -0.767483   -0.766921 0.000109961
          59   -0.766801   -0.766919 0.000108101
          60   -0.767806   -0.766934 0.000107308
          61   -0.765929   -0.766917 0.000106812
          62   -0.765606   -0.766896 0.000107182
          63   -0.766742   -0.766894 0.000105495
          64   -0.766703   -0.766891 0.000103877
          65   -0.766392   -0.766883 0.000102553
          66   -0.765621   -0.766864 0.000102783
          67    -0.76817   -0.766883 0.000103096
          68   -0.768055   -0.766901 0.000103019
          69   -0.766105   -0.766889 0.000102169
          70   -0.766778   -0.766888 0.000100711
          71   -0.766128   -0.766877 9.98571e-05
          72   -0.766491   -0.766872  9.8606e-05
          73   -0.766781    -0.76687 9.72538e-05
          74   -0.767206   -0.766875 9.60376e-05
          75   -0.766486    -0.76687 9.48904e-05
          76   -0.767592   -0.766879 9.41147e-05
          77    -0.76622   -0.766871  9.3278e-05
          78    -0.76689   -0.766871 9.20747e-05
          79   -0.766626   -0.766868 9.09544e-05
          80   -0.767286   -0.766873  8.9962e-05
          81   -0.768994   -0.766899 9.26245e-05
          82   -0.765151   -0.766878 9.39384e-05
          83   -0.766208    -0.76687   9.315e-05
          84   -0.767943   -0.766883 9.29173e-05
          85   -0.766938   -0.766883   9.182e-05
          86   -0.765572   -0.766868 9.20178e-05
          87   -0.766009   -0.766858 9.14885e-05
          88   -0.768147   -0.766873 9.16216e-05
          89   -0.766512   -0.766869  9.0677e-05
          90   -0.767081   -0.766871 8.96947e-05
          91   -0.766517   -0.766867  8.8789e-05
          92   -0.767822   -0.766877 8.84293e-05
          93   -0.766602   -0.766875 8.75233e-05
          94   -0.765972   -0.766865 8.71179e-05
          95   -0.767985   -0.766877 8.69983e-05
          96    -0.76807   -0.766889 8.69795e-05
          97   -0.767838   -0.766899 8.66326e-05
          98   -0.766027    -0.76689 8.62042e-05
          99    -0.76755   -0.766897 8.55887e-05
         100   -0.765606   -0.766884 8.57065e-05
