           1    0.393926    0.393926           0
           2    0.369461    0.381694   0.0122325
           3    0.357428    0.373605   0.0107379
           4    0.308508    0.357331   0.0179583
           5     0.33593    0.353051    0.014554
           6    0.337186    0.350407   0.0121739
           7    0.340577    0.349003   0.0103842
           8    0.330414    0.346679  0.00928833
           9    0.310265    0.342633  0.00913626
          10    0.326643    0.341034  0.00832669
          11    0.339798    0.340922  0.00753261
          12    0.363971    0.342842  0.00713953
          13    0.340508    0.342663  0.00656987
          14     0.32714    0.341554  0.00618275
          15    0.278317    0.337338  0.00713458
          16    0.326475    0.336659  0.00670824
          17    0.333671    0.336484  0.00630374
          18    0.365226     0.33808    0.006154
          19    0.337625    0.338056  0.00582115
          20    0.340731     0.33819  0.00552405
          21    0.297576    0.336256  0.00559904
          22    0.300412    0.334627  0.00558157
          23    0.293034    0.332818  0.00563162
          24     0.30958     0.33185  0.00547812
          25    0.366952    0.333254  0.00543879
          26    0.326279    0.332986  0.00523231
          27    0.376893    0.334612  0.00529089
          28    0.293552    0.333146  0.00530513
          29    0.331268    0.333081  0.00511934
          30    0.319323    0.332622  0.00496697
          31    0.341881    0.332921  0.00481335
          32    0.328083     0.33277  0.00466296
          33    0.344815    0.333135  0.00453416
          34    0.301136    0.332194  0.00449834
          35    0.332942    0.332215  0.00436797
          36    0.327073    0.332072  0.00424731
          37    0.284029    0.330774  0.00433019
          38    0.332313    0.330814  0.00421489
          39    0.288657    0.329733  0.00424531
          40    0.325407    0.329625  0.00413923
          41    0.341953    0.329926   0.0040482
          42    0.330233    0.329933  0.00395064
          43    0.341407      0.3302  0.00386689
          44    0.362527    0.330935  0.00384876
          45    0.315195    0.330585  0.00377848
          46    0.343441    0.330864  0.00370598
          47     0.29605    0.330124  0.00370116
          48    0.346133    0.330457  0.00363855
          49    0.326942    0.330385  0.00356424
          50    0.302907    0.329836  0.00353521
