           1      6.3074      6.3074           0
           2     6.04523     6.17631    0.131086
           3     6.15754     6.17006   0.0759411
           4     6.06802     6.14455   0.0594498
           5     6.08615     6.13287   0.0475075
           6     6.18419     6.14142   0.0397215
           7     6.21796     6.15235   0.0353067
           8     6.13943     6.15074   0.0306191
           9     6.33448     6.17115   0.0338524
          10     6.15335     6.16937   0.0303308
          11     6.08163      6.1614   0.0285714
          12     6.00172     6.14809   0.0292804
          13     6.35852     6.16428   0.0314237
          14     6.14185     6.16267   0.0291368
          15     6.26319     6.16938   0.0279403
          16     6.27622     6.17605   0.0269754
          17     6.16544     6.17543   0.0253467
          18     6.10493     6.17151   0.0242159
          19     6.15122     6.17045   0.0229308
          20     6.17022     6.17043   0.0217541
          21     6.30763     6.17697   0.0216991
          22     6.06159     6.17172   0.0213436
          23     6.19163     6.17259   0.0204129
          24     6.07198      6.1684   0.0199884
          25     6.13218     6.16695   0.0192268
          26     6.22332     6.16912   0.0185993
          27       6.299     6.17393   0.0185325
          28     6.21829     6.17551   0.0179285
          29     6.24475      6.1779   0.0174632
          30     6.33489     6.18313    0.017664
          31     6.17409     6.18284   0.0170872
          32      6.2949     6.18634   0.0169111
          33     6.11257     6.18411   0.0165424
          34     5.95105     6.17725   0.0174511
          35     6.20578     6.17807   0.0169647
          36     6.37309     6.18348    0.017354
          37     6.05829      6.1801   0.0172142
          38     6.11402     6.17836   0.0168451
          39      6.2168     6.17935    0.016437
          40     6.28939      6.1821   0.0162553
          41     6.09583     6.17999   0.0159929
          42     6.01417     6.17605   0.0160992
          43      6.2382     6.17749   0.0157866
          44     6.09077     6.17552   0.0155491
          45     6.05995     6.17295   0.0154151
          46     6.23227     6.17424   0.0151313
          47     6.22678     6.17536    0.014848
          48      6.0009     6.17172   0.0149829
          49     6.24133     6.17315   0.0147425
          50      6.1118     6.17192   0.0144967
          51     6.21931     6.17285     0.01424
          52     6.22672     6.17388   0.0140018
          53     6.33043     6.17684   0.0140491
          54     6.20573     6.17737   0.0137968
          55     6.27735     6.17919   0.0136651
          56     6.04679     6.17683   0.0136256
          57     6.09361     6.17537   0.0134638
          58     6.09248     6.17394   0.0133066
          59     6.33089      6.1766   0.0133469
          60     6.12226     6.17569   0.0131538
          61     6.03453     6.17338   0.0131417
          62     5.92611     6.16939   0.0135292
          63       6.195      6.1698   0.0133189
          64     6.18408     6.17002   0.0131111
          65     6.24522     6.17118   0.0129595
          66      6.2309     6.17208   0.0127937
          67     6.27652     6.17364   0.0126973
          68     6.29948     6.17549   0.0126454
          69     6.14979     6.17512   0.0124663
          70     6.04914     6.17332    0.012418
          71      6.3327     6.17556    0.012446
          72     6.22061     6.17619   0.0122879
          73     6.19982     6.17651   0.0121227
          74     6.25772     6.17761    0.012008
          75     6.25984     6.17871   0.0118974
          76     6.17443     6.17865     0.01174
          77      6.3338     6.18066   0.0117604
          78     6.30761     6.18229   0.0117222
          79     5.99222     6.17989   0.0118203
          80     6.28854     6.18124   0.0117504
          81     6.27301     6.18238   0.0116596
          82     6.04801     6.18074   0.0116325
          83     5.99572     6.17851   0.0117057
          84     6.13091     6.17794   0.0115794
          85     6.19909     6.17819    0.011445
          86       6.137     6.17771   0.0113213
          87     6.14033     6.17728   0.0111987
          88     6.32316     6.17894   0.0111941
          89     6.23653     6.17959   0.0110865
          90     6.07142     6.17839   0.0110283
          91     6.15851     6.17817   0.0109086
          92      6.1974     6.17838   0.0107915
          93     6.15515     6.17813   0.0106777
          94     6.02731     6.17652   0.0106847
          95     6.17866     6.17654   0.0105716
          96     6.29094     6.17774   0.0105286
          97     6.34264     6.17944   0.0105572
          98     6.15878     6.17923   0.0104511
          99     6.23264     6.17977    0.010359
         100     6.09597     6.17893   0.0102891
