           1   -0.679321   -0.679321           0
           2   -0.677586   -0.678454   0.0008672
           3     -0.6778   -0.678236 0.000546026
           4   -0.678551   -0.678315 0.000394071
           5   -0.678481   -0.678348 0.000307051
           6    -0.67788    -0.67827 0.000262552
           7   -0.676276   -0.677985 0.000361069
           8   -0.677871   -0.677971 0.000313018
           9   -0.677962    -0.67797 0.000276058
          10   -0.677936   -0.677966 0.000246937
          11   -0.678318   -0.677998 0.000225633
          12   -0.678207   -0.678016 0.000206708
          13   -0.676783   -0.677921  0.00021247
          14   -0.676698   -0.677834 0.000215221
          15   -0.676766   -0.677762 0.000212634
          16    -0.67825   -0.677793 0.000201226
          17   -0.677747    -0.67779 0.000189038
          18   -0.677147   -0.677754 0.000181772
          19   -0.677618   -0.677747  0.00017209
          20    -0.67821    -0.67777 0.000164887
          21   -0.676374   -0.677704  0.00017036
          22   -0.677334   -0.677687 0.000163302
          23   -0.676806   -0.677649 0.000160669
          24   -0.677653   -0.677649 0.000153829
          25   -0.676614   -0.677608 0.000153241
          26   -0.675714   -0.677535  0.00016425
          27   -0.678666   -0.677577 0.000163513
          28   -0.677618   -0.677578 0.000157572
          29   -0.676974   -0.677557 0.000153464
          30   -0.677838   -0.677567 0.000148556
          31   -0.676974   -0.677548 0.000144949
          32    -0.67848   -0.677577 0.000143339
          33   -0.677154   -0.677564 0.000139518
          34   -0.677366   -0.677558 0.000135477
          35   -0.678372   -0.677581 0.000133589
          36   -0.677366   -0.677575 0.000129962
          37   -0.677894   -0.677584 0.000126693
          38   -0.677459   -0.677581 0.000123358
          39    -0.67761   -0.677581 0.000120156
          40    -0.67714    -0.67757 0.000117632
          41   -0.676915   -0.677554 0.000115835
          42    -0.67787   -0.677562 0.000113292
          43   -0.677533   -0.677561 0.000110628
          44   -0.677608   -0.677562  0.00010809
          45   -0.677258   -0.677556 0.000105876
          46   -0.677738    -0.67756 0.000103624
          47   -0.678002   -0.677569 0.000101831
          48   -0.678266   -0.677583 0.000100738
          49   -0.678075   -0.677593 9.91698e-05
          50   -0.677228   -0.677586 9.74407e-05
          51    -0.67833   -0.677601  9.6617e-05
          52   -0.677518   -0.677599 9.47543e-05
          53    -0.67851   -0.677616 9.45261e-05
          54   -0.678508   -0.677633 9.42173e-05
          55   -0.677525   -0.677631 9.25093e-05
          56   -0.677324   -0.677625 9.10075e-05
          57   -0.678435    -0.67764 9.05185e-05
          58   -0.678165   -0.677649 8.94038e-05
          59   -0.678445   -0.677662 8.89055e-05
          60   -0.677947   -0.677667 8.75401e-05
          61   -0.678002   -0.677672 8.62686e-05
          62   -0.677828   -0.677675 8.49029e-05
          63   -0.676818   -0.677661 8.46454e-05
          64   -0.677598    -0.67766 8.33182e-05
          65   -0.678273    -0.67767 8.25659e-05
          66   -0.676867   -0.677658 8.22095e-05
          67   -0.678359   -0.677668 8.16475e-05
          68   -0.677774    -0.67767 8.04528e-05
          69   -0.676177   -0.677648 8.21773e-05
          70    -0.67707    -0.67764  8.1414e-05
          71   -0.677266   -0.677634 8.04319e-05
          72   -0.678594   -0.677648  8.0418e-05
          73   -0.677695   -0.677648 7.93114e-05
          74   -0.677833   -0.677651  7.8272e-05
          75   -0.677536   -0.677649 7.72365e-05
          76   -0.679326   -0.677671 7.93406e-05
          77   -0.677878   -0.677674 7.83496e-05
          78   -0.676971   -0.677665 7.78618e-05
          79   -0.677766   -0.677666 7.68805e-05
          80   -0.676526   -0.677652 7.72392e-05
          81   -0.678658   -0.677665 7.72831e-05
          82   -0.676968   -0.677656  7.6806e-05
          83   -0.676758   -0.677645 7.66419e-05
          84     -0.6788   -0.677659 7.69617e-05
          85   -0.677267   -0.677654 7.61904e-05
          86   -0.676871   -0.677645  7.5848e-05
          87   -0.677896   -0.677648 7.50264e-05
          88   -0.677447   -0.677646 7.42041e-05
          89   -0.677867   -0.677648 7.34078e-05
          90   -0.677029   -0.677641 7.29132e-05
          91    -0.67681   -0.677632 7.26847e-05
          92   -0.677096   -0.677626 7.21263e-05
          93   -0.678109   -0.677632 7.15347e-05
          94   -0.678375    -0.67764 7.12103e-05
          95    -0.67792   -0.677643 7.05185e-05
          96   -0.678471   -0.677651 7.03119e-05
          97   -0.678779   -0.677663 7.05484e-05
          98   -0.678261   -0.677669 7.00909e-05
          99   -0.678721    -0.67768 7.01882e-05
         100   -0.676429   -0.677667 7.05995e-05
