           1   -0.519418   -0.519418           0
           2   -0.518567   -0.518992   0.0004252
           3   -0.519014      -0.519 0.000245599
           4   -0.519262   -0.519065 0.000185665
           5   -0.519762   -0.519205 0.000200177
           6   -0.519246   -0.519211 0.000163586
           7   -0.519182   -0.519207 0.000138318
           8   -0.519826   -0.519285 0.000142555
           9   -0.518828   -0.519234 0.000135572
          10   -0.519377   -0.519248 0.000122099
          11   -0.519771   -0.519296 0.000120243
          12   -0.519106    -0.51928 0.000110904
          13   -0.520023   -0.519337 0.000116949
          14   -0.520229   -0.519401  0.00012562
          15   -0.517672   -0.519285 0.000164191
          16   -0.519837    -0.51932 0.000157405
          17   -0.520161   -0.519369  0.00015591
          18   -0.519674   -0.519386 0.000147961
          19   -0.519583   -0.519397  0.00014034
          20   -0.520894   -0.519472 0.000152735
          21   -0.519574   -0.519476 0.000145362
          22   -0.519131   -0.519461 0.000139483
          23   -0.519246   -0.519451 0.000133606
          24   -0.520026   -0.519475 0.000130142
          25   -0.519143   -0.519462 0.000125533
          26   -0.518464   -0.519424  0.00012657
          27   -0.521083   -0.519485 0.000136422
          28   -0.519253   -0.519477 0.000131721
          29   -0.519634   -0.519482 0.000127214
          30   -0.520482   -0.519516 0.000127335
          31   -0.519626   -0.519519 0.000123211
          32   -0.518991   -0.519503 0.000120434
          33    -0.52014   -0.519522 0.000118314
          34    -0.51884   -0.519502 0.000116521
          35   -0.519774    -0.51951  0.00011341
          36    -0.51934   -0.519505 0.000110316
          37   -0.519263   -0.519498 0.000107492
          38   -0.518853   -0.519481 0.000105995
          39   -0.520372   -0.519504 0.000105737
          40   -0.519162   -0.519496 0.000103413
          41   -0.519429   -0.519494 0.000100873
          42   -0.519226   -0.519488 9.86491e-05
          43   -0.520312   -0.519507 9.82164e-05
          44    -0.51897   -0.519495 9.67321e-05
          45   -0.518994   -0.519484 9.52115e-05
          46   -0.519594   -0.519486 9.31494e-05
          47   -0.519526   -0.519487   9.115e-05
          48   -0.519622    -0.51949  8.9275e-05
          49   -0.520418   -0.519509 8.94651e-05
          50   -0.519558    -0.51951 8.76631e-05
          51   -0.519211   -0.519504 8.61259e-05
          52   -0.519508   -0.519504 8.44534e-05
          53   -0.519772   -0.519509 8.29991e-05
          54   -0.519922   -0.519516 8.18054e-05
          55   -0.519013   -0.519507 8.08248e-05
          56   -0.519286   -0.519503 7.94664e-05
          57   -0.519331     -0.5195 7.81182e-05
          58   -0.519178   -0.519495   7.696e-05
          59   -0.518887   -0.519485 7.63421e-05
          60   -0.518577   -0.519469 7.65684e-05
          61   -0.520121    -0.51948 7.60562e-05
          62   -0.519997   -0.519488 7.52822e-05
          63   -0.519722   -0.519492   7.417e-05
          64   -0.518915   -0.519483 7.35563e-05
          65   -0.519782   -0.519488 7.25621e-05
          66   -0.518692   -0.519476 7.24641e-05
          67   -0.521078     -0.5195 7.52766e-05
          68   -0.519062   -0.519493 7.44394e-05
          69   -0.518974   -0.519486 7.37369e-05
          70   -0.519358   -0.519484 7.26986e-05
          71   -0.519474   -0.519484 7.16675e-05
          72   -0.519374   -0.519482 7.06816e-05
          73    -0.51909   -0.519477 6.99137e-05
          74   -0.519895   -0.519482 6.91939e-05
          75   -0.519014   -0.519476 6.85507e-05
          76   -0.519055   -0.519471 6.78691e-05
          77   -0.519739   -0.519474 6.70726e-05
          78   -0.519573   -0.519475 6.62192e-05
          79   -0.518749   -0.519466 6.60194e-05
          80   -0.520364   -0.519477 6.61479e-05
          81   -0.519763   -0.519481 6.54214e-05
          82   -0.519056   -0.519476 6.48261e-05
          83   -0.519494   -0.519476 6.40407e-05
          84   -0.520318   -0.519486 6.40636e-05
          85   -0.519411   -0.519485 6.33115e-05
          86   -0.518678   -0.519476 6.32716e-05
          87    -0.51994   -0.519481 6.27674e-05
          88   -0.519857   -0.519485 6.21968e-05
          89   -0.519397   -0.519484  6.1502e-05
          90   -0.518774   -0.519476 6.13243e-05
          91    -0.51977    -0.51948 6.07321e-05
          92   -0.518907   -0.519473 6.03898e-05
          93   -0.519627   -0.519475 5.97598e-05
          94   -0.520639   -0.519487 6.04037e-05
          95   -0.519383   -0.519486 5.97746e-05
          96   -0.519342   -0.519485 5.91677e-05
          97   -0.519244   -0.519482 5.86072e-05
          98   -0.519251    -0.51948  5.8054e-05
          99   -0.519842   -0.519484 5.75811e-05
         100   -0.518535   -0.519474 5.77861e-05
