           1   -0.691947   -0.691947           0
           2   -0.693387   -0.692667     0.00072
           3   -0.692446   -0.692594 0.000422158
           4   -0.691637   -0.692354 0.000382525
           5   -0.692734    -0.69243 0.000305894
           6   -0.691213   -0.692227 0.000321812
           7   -0.692509   -0.692268 0.000274934
           8   -0.692293   -0.692271  0.00023812
           9   -0.693485   -0.692406 0.000249592
          10   -0.691339   -0.692299 0.000247408
          11   -0.692869   -0.692351 0.000229705
          12   -0.691434   -0.692274 0.000223188
          13    -0.69196    -0.69225 0.000206723
          14   -0.690395   -0.692118 0.000232779
          15   -0.692157    -0.69212 0.000216721
          16   -0.691317    -0.69207 0.000208852
          17   -0.691272   -0.692023 0.000201721
          18   -0.693098   -0.692083 0.000199332
          19   -0.691859   -0.692071 0.000188916
          20   -0.692558   -0.692095  0.00018087
          21   -0.692386   -0.692109 0.000172596
          22   -0.691758   -0.692093 0.000165335
          23   -0.693053   -0.692135 0.000163398
          24   -0.690443   -0.692065  0.00017159
          25   -0.690922   -0.692019 0.000170815
          26   -0.691419   -0.691996 0.000165726
          27   -0.689387   -0.691899 0.000186453
          28   -0.692168   -0.691909 0.000179927
          29      -0.691   -0.691877 0.000176417
          30   -0.690298   -0.691825 0.000178385
          31   -0.692438   -0.691845 0.000173667
          32   -0.692358   -0.691861 0.000168917
          33   -0.693035   -0.691896 0.000167543
          34   -0.690867   -0.691866 0.000165334
          35   -0.690803   -0.691836 0.000163387
          36   -0.690978   -0.691812 0.000160562
          37   -0.690752   -0.691783 0.000158767
          38   -0.694315    -0.69185 0.000168287
          39    -0.69088   -0.691825  0.00016579
          40   -0.692922   -0.691852 0.000163902
          41   -0.689784   -0.691802 0.000167625
          42    -0.69029   -0.691766 0.000167501
          43   -0.691414   -0.691758 0.000163763
          44   -0.691026   -0.691741 0.000160861
          45   -0.691075   -0.691726  0.00015794
          46   -0.691323   -0.691717 0.000154717
          47    -0.69099   -0.691702 0.000152178
          48   -0.690966   -0.691687  0.00014976
          49   -0.692192   -0.691697 0.000147034
          50   -0.690074   -0.691665 0.000147676
