           1   0.0614504   0.0614504           0
           2    0.046484   0.0539672   0.0074832
           3   0.0541768   0.0540371  0.00432099
           4   0.0519504   0.0535154  0.00309962
           5   0.0527072   0.0533538  0.00240639
           6    0.056928   0.0539495  0.00205313
           7   0.0574896   0.0544552  0.00180741
           8    0.052252   0.0541798   0.0015893
           9   0.0427448   0.0529092   0.0018918
          10   0.0574408   0.0533624   0.0017517
          11   0.0433536   0.0524525  0.00182715
          12    0.053524   0.0525418  0.00167034
          13   0.0494216   0.0523018  0.00155512
          14   0.0473552   0.0519485  0.00148248
          15   0.0424296   0.0513139  0.00151902
          16    0.061064   0.0519232  0.00154607
          17   0.0477208    0.051676  0.00147317
          18   0.0629656   0.0523032  0.00152397
          19   0.0620384   0.0528156  0.00152988
          20   0.0547048   0.0529101  0.00145444
          21   0.0538808   0.0529563  0.00138422
          22   0.0472832   0.0526984  0.00134476
          23    0.045316   0.0523775  0.00132445
          24   0.0521056   0.0523661  0.00126811
          25    0.053868   0.0524262  0.00121781
          26     0.04744   0.0522344  0.00118565
          27   0.0512648   0.0521985  0.00114146
          28   0.0404632   0.0517794  0.00117708
          29   0.0464824   0.0515967  0.00115036
          30      0.0512   0.0515835  0.00111143
          31   0.0502792   0.0515414   0.0010758
          32   0.0602272   0.0518129  0.00107643
          33   0.0474712   0.0516813  0.00105156
          34   0.0464688    0.051528  0.00103162
          35   0.0482368    0.051434  0.00100611
          36    0.050632   0.0514117 0.000978021
          37   0.0603808   0.0516541 0.000981622
          38   0.0522072   0.0516687 0.000955552
          39   0.0551624   0.0517582 0.000935029
          40   0.0501736   0.0517186 0.000912215
          41   0.0520744   0.0517273  0.00088973
          42   0.0562672   0.0518354  0.00087499
          43   0.0484272   0.0517561 0.000858067
          44    0.049496   0.0517048 0.000839911
          45   0.0453016   0.0515625 0.000833273
          46    0.058152   0.0517057 0.000827452
          47   0.0560488   0.0517981 0.000814911
          48   0.0519232   0.0518007 0.000797757
          49   0.0513936   0.0517924 0.000781351
          50   0.0508936   0.0517744 0.000765776
