           1     1.90273     1.90273           0
           2     1.88766     1.89519  0.00753694
           3     1.90851     1.89963   0.0062167
           4     1.89674     1.89891   0.0044548
           5     1.85952     1.89103  0.00860129
           6     1.86901     1.88736   0.0079243
           7      1.8978     1.88885  0.00686127
           8     1.86319     1.88564  0.00675239
           9     1.93324     1.89093  0.00796415
          10     1.89736     1.89158  0.00715232
          11     1.95826     1.89764  0.00886598
          12     1.87938     1.89612  0.00823531
          13     1.86973     1.89409  0.00784269
          14     1.92665     1.89641  0.00762434
          15     1.91327     1.89754  0.00718627
          16     1.93017     1.89958   0.0070247
          17     1.93136     1.90144  0.00685831
          18      1.9149     1.90219  0.00650911
          19     1.93575     1.90396  0.00640538
          20     1.93987     1.90575  0.00633644
          21     1.91099       1.906  0.00603231
          22     1.93713     1.90742  0.00592307
          23     1.89216     1.90675  0.00569844
          24     1.85473     1.90459  0.00587076
          25     1.91895     1.90516  0.00566028
          26     1.94929     1.90686  0.00569688
          27     1.90156     1.90666  0.00548533
          28     1.91976     1.90713  0.00530645
          29     1.91561     1.90742  0.00512855
          30      1.8863     1.90672  0.00500445
          31     1.89977     1.90649  0.00484551
          32     1.90928     1.90658  0.00469245
          33     1.95484     1.90804  0.00477739
          34     1.92383     1.90851  0.00465794
          35     1.85356     1.90694   0.0047876
          36     1.88964     1.90646  0.00467747
          37     1.86683     1.90539  0.00467369
          38     1.88102     1.90475  0.00459401
          39     1.88635     1.90427  0.00449946
          40     1.93252     1.90498  0.00444201
          41     1.87029     1.90413  0.00441417
          42      1.9248     1.90463   0.0043358
          43     1.92579     1.90512  0.00426228
          44     1.87104     1.90434  0.00423569
          45      1.8958     1.90415  0.00414485
          46     1.94797     1.90511  0.00416417
          47     1.91369     1.90529   0.0040787
          48      1.8954     1.90508  0.00399814
          49     1.93167     1.90563   0.0039531
          50     1.89212     1.90536  0.00388263
