           1   -0.800041   -0.800041           0
           2   -0.799066   -0.799553   0.0004876
           3   -0.800216   -0.799774 0.000357859
           4   -0.799086   -0.799602 0.000305929
           5   -0.798245   -0.799331 0.000360357
           6   -0.797728   -0.799064 0.000397397
           7   -0.799346   -0.799104 0.000338269
           8   -0.799928   -0.799207 0.000310534
           9   -0.798718   -0.799153  0.00027921
          10   -0.799509   -0.799188 0.000252261
          11   -0.798998   -0.799171 0.000228835
          12   -0.799172   -0.799171 0.000208897
          13   -0.798894    -0.79915 0.000193331
          14   -0.799406   -0.799168 0.000179921
          15   -0.797872   -0.799082 0.000188467
          16    -0.80035   -0.799161  0.00019331
          17   -0.799656    -0.79919 0.000183904
          18    -0.80127   -0.799306 0.000208353
          19    -0.80029   -0.799357 0.000203775
          20   -0.797795   -0.799279   0.0002085
          21   -0.798109   -0.799223 0.000206005
          22   -0.797398    -0.79914 0.000213233
          23    -0.79837   -0.799107 0.000206484
          24   -0.796886   -0.799014 0.000218288
          25   -0.798468   -0.798993 0.000210512
          26   -0.796851    -0.79891  0.00021838
          27   -0.799482   -0.798931 0.000211199
          28   -0.800652   -0.798993 0.000212591
          29   -0.799414   -0.799007 0.000205644
          30   -0.799209   -0.799014 0.000198784
          31   -0.800184   -0.799052 0.000195934
          32   -0.799519   -0.799066 0.000190274
          33   -0.800448   -0.799108  0.00018911
          34   -0.798664   -0.799095 0.000183929
          35   -0.800013   -0.799121  0.00018051
          36   -0.797645    -0.79908 0.000180156
          37   -0.798498   -0.799065 0.000175924
          38   -0.797354    -0.79902 0.000177048
          39   -0.800246   -0.799051 0.000175294
          40   -0.799971   -0.799074 0.000172397
          41   -0.797326   -0.799032 0.000173459
          42   -0.798858   -0.799027 0.000169328
          43   -0.798683   -0.799019 0.000165537
          44   -0.799242   -0.799024  0.00016181
          45   -0.799065   -0.799025 0.000158176
          46   -0.798568   -0.799015 0.000155018
          47   -0.799007   -0.799015 0.000151684
          48   -0.798338   -0.799001  0.00014916
          49   -0.799657   -0.799014 0.000146696
          50   -0.798278      -0.799 0.000144484
          51   -0.799157   -0.799003 0.000141656
          52   -0.798832      -0.799 0.000138944
          53   -0.801014   -0.799038   0.0001415
          54   -0.798073    -0.79902 0.000139999
          55    -0.79977   -0.799033 0.000138105
          56   -0.798415   -0.799022 0.000136065
          57   -0.798234   -0.799008 0.000134369
          58   -0.798831   -0.799005 0.000132068
          59   -0.798974   -0.799005 0.000129811
          60   -0.799893    -0.79902 0.000128484
          61   -0.798718   -0.799015 0.000126457
          62   -0.797074   -0.798983  0.00012828
          63   -0.798574   -0.798977 0.000126395
          64   -0.798224   -0.798965 0.000124959
          65   -0.798929   -0.798965 0.000123023
          66   -0.798071   -0.798951 0.000121899
          67   -0.799474   -0.798959 0.000120319
          68   -0.800658   -0.798984 0.000121143
          69   -0.798152   -0.798972 0.000119982
          70   -0.799851   -0.798984 0.000118921
          71   -0.798566   -0.798978 0.000117381
          72   -0.798576   -0.798973 0.000115875
          73   -0.798624   -0.798968 0.000114376
          74   -0.800415   -0.798988 0.000114502
          75   -0.798392    -0.79898 0.000113244
          76   -0.800452   -0.798999 0.000113411
          77    -0.79843   -0.798992 0.000112172
          78   -0.800026   -0.799005 0.000111516
          79   -0.797482   -0.798986 0.000111771
          80   -0.798994   -0.798986 0.000110365
          81   -0.800322   -0.799002 0.000110235
          82   -0.797045   -0.798978 0.000111468
          83   -0.797448    -0.79896  0.00011165
          84   -0.799264   -0.798964 0.000110372
          85   -0.798638    -0.79896 0.000109133
          86   -0.798794   -0.798958 0.000107874
          87   -0.797871   -0.798945 0.000107356
          88   -0.799954   -0.798957 0.000106746
          89   -0.799227    -0.79896 0.000105583
          90   -0.799088   -0.798961 0.000104413
          91   -0.797151   -0.798941 0.000105158
          92   -0.801303   -0.798967  0.00010713
          93   -0.800137    -0.79898 0.000106716
          94   -0.797907   -0.798968 0.000106189
          95   -0.800428   -0.798984 0.000106183
          96   -0.799345   -0.798987 0.000105138
          97   -0.800753   -0.799006 0.000105629
          98   -0.798598   -0.799001 0.000104628
          99   -0.798309   -0.798994 0.000103801
         100   -0.798042   -0.798985 0.000103198
