           1    0.257585    0.257585           0
           2    0.259624    0.258605  0.00101964
           3    0.256198    0.257802 0.000995116
           4    0.256254    0.257415 0.000803123
           5    0.257477    0.257428 0.000622221
           6    0.258048    0.257531  0.00051845
           7    0.255782    0.257281  0.00050438
           8    0.256101    0.257134 0.000461056
           9    0.257232    0.257145  0.00040676
          10    0.256687    0.257099 0.000366689
          11    0.258767     0.25725 0.000364698
          12    0.254551    0.257025 0.000401812
          13    0.255923    0.256941 0.000379218
          14    0.257035    0.256947 0.000351152
          15    0.257141     0.25696 0.000327159
          16    0.256406    0.256926 0.000307985
          17    0.256325     0.25689 0.000291454
          18    0.255301    0.256802 0.000288627
          19    0.256998    0.256812 0.000273209
          20    0.257899    0.256867 0.000264823
          21    0.258258    0.256933 0.000260463
          22    0.254688    0.256831 0.000268481
          23    0.256547    0.256818  0.00025684
          24    0.255166     0.25675 0.000255364
          25    0.257608    0.256784 0.000247333
          26     0.25867    0.256856 0.000248461
          27     0.25589    0.256821 0.000241745
          28    0.256779    0.256819 0.000232956
          29    0.257091    0.256829 0.000224974
          30    0.254794    0.256761 0.000227681
          31    0.259222     0.25684 0.000234092
          32    0.256436    0.256828  0.00022701
          33    0.255227    0.256779 0.000225306
          34    0.254752    0.256719 0.000226567
          35    0.255789    0.256693 0.000221599
          36    0.258586    0.256745 0.000221684
          37    0.256293    0.256733 0.000215956
          38    0.255625    0.256704 0.000212211
          39    0.255719    0.256679 0.000208235
          40    0.255661    0.256653 0.000204551
          41    0.255374    0.256622 0.000201924
          42    0.257578    0.256645 0.000198368
          43    0.256238    0.256635 0.000193931
          44    0.260005    0.256712 0.000204363
          45    0.256036    0.256697 0.000200334
          46    0.255087    0.256662 0.000199034
          47     0.25829    0.256697  0.00019781
          48    0.254978    0.256661 0.000196927
          49     0.25546    0.256636 0.000194417
          50    0.256318     0.25663 0.000190595
          51    0.257225    0.256642 0.000187185
          52    0.255732    0.256624 0.000184382
          53    0.260928    0.256705 0.000198259
          54    0.254903    0.256672 0.000197395
          55    0.258091    0.256698 0.000195482
          56    0.253344    0.256638 0.000201084
          57    0.255325    0.256615 0.000198863
          58    0.258936    0.256655 0.000199459
          59    0.257058    0.256662 0.000196168
          60    0.256977    0.256667 0.000192943
          61      0.2566    0.256666 0.000189757
          62    0.258486    0.256695 0.000188966
          63    0.256976      0.2567 0.000185995
          64    0.256565    0.256697 0.000183078
          65      0.2567    0.256698  0.00018024
          66    0.258668    0.256727 0.000179981
          67    0.254657    0.256696 0.000179948
          68    0.258937    0.256729 0.000180318
          69    0.255472    0.256711 0.000178618
          70    0.258099    0.256731 0.000177161
          71    0.258683    0.256759 0.000176798
          72    0.259023     0.25679 0.000177141
          73    0.257703    0.256802 0.000175144
          74    0.256164    0.256794 0.000172976
          75    0.257297    0.256801 0.000170786
          76    0.255443    0.256783 0.000169468
          77    0.258042    0.256799 0.000168051
          78    0.257627     0.25681 0.000166222
          79    0.257396    0.256817 0.000164272
          80    0.254901    0.256793 0.000163964
          81    0.256883    0.256794 0.000161931
          82    0.256218    0.256787 0.000160099
          83    0.258932    0.256813 0.000160255
          84    0.256923    0.256814 0.000158341
          85     0.25759    0.256823 0.000156732
          86     0.25795    0.256837 0.000155452
          87    0.258319    0.256854 0.000154596
          88    0.256336    0.256848 0.000152943
          89    0.258401    0.256865 0.000152218
          90    0.256314    0.256859 0.000150642
          91    0.258644    0.256879 0.000150263
          92     0.25667    0.256876 0.000148638
          93    0.256676    0.256874 0.000147047
          94    0.254154    0.256845 0.000148324
          95    0.258404    0.256862 0.000147669
          96    0.257553    0.256869   0.0001463
          97    0.257921     0.25688  0.00014519
          98    0.253879    0.256849 0.000146928
          99    0.256843    0.256849 0.000145436
         100    0.257611    0.256857 0.000144176
