           1     0.68438     0.68438           0
           2    0.679116    0.681748   0.0026322
           3    0.660529    0.674675  0.00723442
           4     0.67185    0.673969  0.00516402
           5    0.658971    0.670969  0.00499976
           6    0.690372    0.674203  0.00520799
           7    0.628654    0.667696  0.00785586
           8    0.691641    0.670689  0.00743267
           9    0.644965    0.667831  0.00715104
          10    0.618974    0.662945  0.00804862
          11    0.636743    0.660563  0.00766002
          12     0.59512     0.65511  0.00886782
          13    0.578932     0.64925   0.0100438
          14    0.624895     0.64751  0.00946007
          15    0.628628    0.646251  0.00889636
          16    0.614034    0.644238  0.00856193
          17    0.588939    0.640985  0.00867545
          18    0.670122    0.642604  0.00833794
          19    0.647856     0.64288  0.00789174
          20    0.687811    0.645127  0.00781657
          21    0.673041    0.646456  0.00755293
          22    0.614424       0.645  0.00734714
          23    0.665439    0.645889  0.00707646
          24    0.672595    0.647001  0.00686597
          25    0.672692    0.648029   0.0066653
          26     0.64824    0.648037  0.00640381
          27    0.616552    0.646871  0.00627144
          28    0.602639    0.645291  0.00624637
          29    0.687359    0.646742  0.00619924
          30    0.629748    0.646175  0.00601576
          31    0.650965     0.64633  0.00582052
          32     0.65017     0.64645  0.00563697
          33    0.610215    0.645352  0.00557273
          34    0.636021    0.645077   0.0054133
          35    0.693142    0.646451  0.00543279
          36    0.634327    0.646114  0.00529045
          37    0.686764    0.647213  0.00526146
          38    0.621141    0.646526  0.00516689
          39    0.629429    0.646088  0.00505172
          40    0.651776     0.64623  0.00492586
          41    0.631734    0.645877  0.00481721
          42    0.621455    0.645295  0.00473694
          43    0.671988    0.645916  0.00466694
          44    0.638717    0.645752  0.00456257
          45    0.646181    0.645762  0.00446004
          46    0.630711    0.645435  0.00437426
          47    0.612214    0.644728  0.00433814
          48    0.672594    0.645308   0.0042863
          49    0.623106    0.644855   0.0042223
          50    0.678937    0.645537  0.00419277
          51    0.575897    0.644171  0.00433064
          52    0.631032    0.643919  0.00425406
          53    0.623412    0.643532  0.00419092
          54    0.650324    0.643658   0.0041145
          55    0.669156    0.644121  0.00406552
          56    0.668904    0.644564  0.00401671
          57    0.631638    0.644337  0.00395213
          58    0.683711    0.645016  0.00394228
          59    0.682524    0.645652  0.00392669
          60    0.672659    0.646102  0.00388684
          61    0.622972    0.645723  0.00384135
          62    0.710138    0.646762  0.00391911
          63    0.679701    0.647284  0.00389168
          64    0.674331    0.647707  0.00385363
          65     0.65124    0.647761  0.00379427
          66    0.648551    0.647773  0.00373636
          67    0.651928    0.647835  0.00368069
          68    0.612686    0.647318  0.00366282
          69    0.613636     0.64683  0.00364221
          70    0.622959    0.646489  0.00360596
          71    0.651312    0.646557  0.00355546
          72    0.611288    0.646067  0.00353978
          73    0.703547    0.646855  0.00357865
          74    0.673884     0.64722  0.00354881
          75     0.61322    0.646767   0.0035304
          76    0.654625     0.64687  0.00348517
          77    0.686239    0.647381   0.0034774
          78    0.617228    0.646995  0.00345423
          79    0.673347    0.647328   0.0034265
          80    0.707861    0.648085  0.00346698
          81    0.681698      0.6485  0.00344896
          82    0.660288    0.648644  0.00340968
          83     0.61517     0.64824   0.0033924
          84    0.632586    0.648054  0.00335695
          85    0.675171    0.648373  0.00333253
          86    0.651386    0.648408  0.00329374
          87    0.661001    0.648553  0.00325887
          88    0.582475    0.647802  0.00330798
          89    0.616236    0.647447  0.00328977
          90     0.61726    0.647112  0.00327026
          91    0.567491    0.646237  0.00335039
          92    0.687255    0.646683  0.00334363
          93    0.569676    0.645855  0.00340955
          94    0.568823    0.645035  0.00347121
          95    0.684763    0.645453  0.00345984
          96    0.623968     0.64523  0.00343092
          97    0.618496    0.644954  0.00340653
          98    0.626659    0.644767  0.00337676
          99    0.682291    0.645146   0.0033639
         100    0.654536     0.64524  0.00333141
