           1    0.185872    0.185872           0
           2      0.1957    0.190786    0.004914
           3    0.198166    0.193246  0.00375509
           4    0.171433    0.187793  0.00606538
           5    0.213805    0.192995  0.00700983
           6    0.204818    0.194966  0.00605318
           7    0.184594    0.193484  0.00532611
           8    0.203438    0.194728  0.00477742
           9     0.19797    0.195089  0.00422865
          10    0.196521    0.195232  0.00378493
          11    0.187254    0.194507  0.00349957
          12    0.185645    0.193768  0.00327889
          13    0.179064    0.192637  0.00322125
          14    0.186169    0.192175  0.00301788
          15    0.193004     0.19223  0.00281003
          16    0.181973    0.191589  0.00270559
          17    0.168713    0.190244  0.00287573
          18    0.196573    0.190595  0.00273397
          19    0.202321    0.191212  0.00265869
          20    0.204718    0.191888  0.00261109
          21     0.20015    0.192281  0.00251461
          22    0.201375    0.192694  0.00243295
          23    0.198615    0.192952  0.00233897
          24    0.194715    0.193025   0.0022406
          25    0.189053    0.192866  0.00215498
          26     0.18224    0.192458  0.00211039
          27    0.192771    0.192469  0.00203075
          28    0.197713    0.192657  0.00196582
          29     0.19079    0.192592  0.00189792
          30    0.203803    0.192966  0.00187125
          31    0.182192    0.192618  0.00184295
          32    0.174447    0.192051  0.00187261
          33    0.189472    0.191972  0.00181666
          34    0.187273    0.191834  0.00176783
          35    0.188121    0.191728  0.00171985
          36    0.189981     0.19168   0.0016721
          37    0.204297    0.192021  0.00166165
          38    0.191859    0.192016  0.00161733
          39     0.20403    0.192324  0.00160515
          40    0.202177    0.192571  0.00158378
          41    0.177283    0.192198  0.00158903
          42    0.180297    0.191914  0.00157641
          43    0.211561    0.192371  0.00160569
          44    0.195702    0.192447   0.0015706
          45    0.203522    0.192693   0.0015549
          46      0.1991    0.192832  0.00152708
          47    0.209173     0.19318  0.00153415
          48    0.198394    0.193289  0.00150577
          49    0.211214    0.193655  0.00151942
          50    0.208931     0.19396  0.00151975
          51    0.191564    0.193913  0.00149039
          52    0.201128    0.194052  0.00146802
          53    0.188092    0.193939  0.00144444
          54     0.20297    0.194107  0.00142727
          55    0.214579    0.194479  0.00144968
          56    0.201598    0.194606  0.00142922
          57    0.216047    0.194982  0.00145344
          58    0.190854    0.194911  0.00142994
          59    0.197049    0.194947  0.00140596
          60    0.189324    0.194853   0.0013855
          61    0.186843    0.194722  0.00136891
          62    0.199877    0.194805  0.00134922
          63    0.177599    0.194532  0.00135543
          64    0.188003     0.19443  0.00133798
          65    0.187222    0.194319  0.00132189
          66    0.196003    0.194345  0.00130196
          67    0.178934    0.194115  0.00130284
          68    0.198308    0.194176  0.00128502
          69    0.212658    0.194444  0.00129428
          70    0.198104    0.194497  0.00127673
          71    0.185377    0.194368  0.00126515
          72    0.198643    0.194427  0.00124887
          73    0.201049    0.194518  0.00123498
          74    0.197241    0.194555  0.00121873
          75    0.188165     0.19447  0.00120539
          76     0.20348    0.194588  0.00119532
          77     0.21677    0.194876  0.00121435
          78    0.167613    0.194527  0.00124861
          79    0.193419    0.194513  0.00123278
          80    0.205253    0.194647  0.00122465
          81    0.199734     0.19471  0.00121107
          82    0.198458    0.194756  0.00119708
          83    0.184229    0.194629  0.00118935
          84    0.192908    0.194608  0.00117529
          85    0.181932    0.194459  0.00117091
          86     0.20507    0.194583  0.00116378
          87     0.19292    0.194563  0.00115048
          88     0.17837    0.194379  0.00115212
          89    0.182503    0.194246   0.0011469
          90    0.191157    0.194212   0.0011346
          91    0.188509    0.194149  0.00112381
          92    0.181652    0.194013   0.0011198
          93    0.160604    0.193654  0.00116449
          94    0.193961    0.193657  0.00115204
          95    0.193101    0.193651  0.00113986
          96    0.167514    0.193379  0.00116032
          97      0.1882    0.193326  0.00114954
          98    0.177573    0.193165  0.00114904
          99    0.179043    0.193022  0.00114629
         100    0.214557    0.193238  0.00115502
