           1    0.284107    0.284107           0
           2    0.281574     0.28284  0.00126649
           3    0.279991    0.281891  0.00119865
           4    0.288883    0.283639  0.00194277
           5    0.279881    0.282887  0.00168209
           6    0.283883    0.283053  0.00138342
           7    0.283462    0.283112  0.00117066
           8     0.27661    0.282299  0.00129938
           9    0.283112    0.282389   0.0011495
          10     0.28341    0.282491   0.0010332
          11    0.280997    0.282355 0.000944385
          12    0.281346    0.282271 0.000866194
          13    0.283551     0.28237 0.000802843
          14    0.279588    0.282171 0.000769381
          15    0.278315    0.281914 0.000760988
          16    0.281479    0.281887 0.000712358
          17    0.282881    0.281945 0.000671691
          18    0.282722    0.281989 0.000634743
          19    0.279617    0.281864 0.000613246
          20    0.282193     0.28188 0.000582009
          21    0.281341    0.281854 0.000554196
          22    0.285669    0.282028 0.000556123
          23    0.281039    0.281985 0.000533131
          24    0.281988    0.281985 0.000510434
          25    0.283633    0.282051 0.000494009
          26    0.279496    0.281953 0.000484696
          27    0.281787    0.281946 0.000466439
          28    0.280996    0.281913 0.000450752
          29     0.28575    0.282045 0.000454615
          30    0.278328    0.281921 0.000456345
          31    0.281707    0.281914 0.000441433
          32    0.284031     0.28198 0.000432504
          33    0.284531    0.282058 0.000426258
          34    0.281989    0.282055 0.000413536
          35    0.278549    0.281955 0.000413855
          36    0.284596    0.282029 0.000408829
          37    0.283255    0.282062 0.000399005
          38    0.281576    0.282049 0.000388574
          39    0.279313    0.281979 0.000384927
          40     0.28349    0.282017 0.000377077
          41    0.281638    0.282007 0.000367881
          42    0.283274    0.282038 0.000360279
          43     0.28107    0.282015  0.00035252
          44    0.282235     0.28202 0.000344451
          45    0.278352    0.281939 0.000346436
          46    0.284301     0.28199 0.000342692
          47    0.282304    0.281997 0.000335388
          48    0.280251     0.28196 0.000330334
          49    0.284182    0.282006 0.000326684
          50     0.28333    0.282032 0.000321177
