           1    0.211134    0.211134           0
           2    0.207656    0.209395  0.00173915
           3    0.207742    0.208844  0.00114536
           4    0.210604    0.209284 0.000921678
           5    0.207386    0.208904 0.000808538
           6     0.21038     0.20915 0.000704526
           7    0.209684    0.209227 0.000600305
           8    0.207829    0.209052 0.000548463
           9    0.207523    0.208882 0.000512664
          10    0.207358    0.208729 0.000483212
          11    0.206856    0.208559 0.000469098
          12    0.209238    0.208616 0.000431944
          13     0.20917    0.208658 0.000399613
          14     0.20486    0.208387 0.000458775
          15     0.20596    0.208225 0.000456723
          16    0.207702    0.208193 0.000428477
          17    0.209711    0.208282 0.000412281
          18    0.207301    0.208227 0.000392504
          19    0.206847    0.208155 0.000378316
          20    0.209634    0.208229 0.000366445
          21    0.207752    0.208206 0.000349298
          22     0.20934    0.208258 0.000337008
          23    0.207457    0.208223 0.000323896
          24    0.206384    0.208146 0.000319434
          25     0.20873    0.208169  0.00030728
          26    0.209973    0.208239 0.000303268
          27    0.209081     0.20827 0.000293482
          28    0.208018    0.208261  0.00028295
          29     0.20788    0.208248 0.000273334
          30    0.207197    0.208213  0.00026638
          31    0.206537    0.208159 0.000263257
          32    0.208325    0.208164 0.000254951
          33    0.208439    0.208172 0.000247244
          34    0.208453    0.208181 0.000240005
          35    0.208879    0.208201   0.0002339
          36    0.208482    0.208208 0.000227444
          37     0.20825    0.208209 0.000221215
          38    0.210475    0.208269 0.000223414
          39    0.208887    0.208285 0.000218186
          40    0.207353    0.208262 0.000213935
          41     0.21037    0.208313 0.000214897
          42    0.205477    0.208246 0.000220324
          43    0.204926    0.208168 0.000228567
          44    0.207802     0.20816 0.000223467
          45    0.208644    0.208171  0.00021871
          46     0.20729    0.208152 0.000214758
          47    0.205924    0.208104 0.000215418
          48    0.209904    0.208142 0.000214188
          49     0.20784    0.208136 0.000209862
          50    0.212012    0.208213 0.000219751
