           1    0.402758    0.402758           0
           2    0.403978    0.403368 0.000609581
           3    0.402242    0.402993  0.00051457
           4    0.405462     0.40361 0.000716641
           5    0.406958     0.40428 0.000869847
           6    0.405386    0.404464  0.00073379
           7    0.404017      0.4044  0.00062344
           8    0.404926    0.404466 0.000543896
           9    0.404183    0.404435   0.0004807
          10    0.405854    0.404577 0.000452766
          11    0.408648    0.404947  0.00055201
          12    0.404523    0.404911 0.000505148
          13    0.408209    0.405165 0.000529417
          14    0.403887    0.405074 0.000498574
          15    0.407244    0.405218 0.000486179
          16    0.411594    0.405617 0.000604655
          17    0.408142    0.405765 0.000587069
          18    0.411094    0.406061 0.000627674
          19    0.408302    0.406179 0.000605318
          20    0.403102    0.406026 0.000594507
          21    0.409848    0.406208 0.000594067
          22    0.405412    0.406171 0.000567573
          23    0.401594    0.405972 0.000577697
          24    0.404235      0.4059  0.00055782
          25    0.403462    0.405802 0.000543858
          26    0.411238    0.406012 0.000562794
          27    0.403308    0.405911 0.000550732
          28    0.400274     0.40571 0.000567608
          29    0.402501    0.405599 0.000558752
          30     0.40902    0.405713 0.000551714
          31    0.410118    0.405855 0.000552215
          32    0.405881    0.405856  0.00053468
          33    0.408034    0.405922 0.000522409
          34    0.407459    0.405967 0.000508823
          35    0.408373    0.406036 0.000498828
          36    0.404319    0.405988 0.000487114
          37    0.406622    0.406006 0.000474076
          38    0.403226    0.405932 0.000467194
          39    0.403651    0.405874 0.000458803
          40    0.406093    0.405879 0.000447219
          41    0.402353    0.405793 0.000444573
          42    0.404412    0.405761 0.000435103
          43    0.408165    0.405816 0.000428528
          44    0.406619    0.405835 0.000419072
          45    0.408165    0.405886 0.000412913
          46    0.408822     0.40595 0.000408847
          47    0.402139    0.405869 0.000408188
          48    0.404285    0.405836 0.000400954
          49    0.403734    0.405793 0.000395023
          50    0.409474    0.405867 0.000393982
          51    0.403822    0.405827 0.000388254
          52    0.406502     0.40584 0.000380936
          53    0.408447    0.405889 0.000376902
          54    0.408731    0.405942 0.000373583
          55     0.40333    0.405894 0.000369788
          56    0.402051    0.405826 0.000369552
          57    0.402751    0.405772 0.000366995
          58    0.405462    0.405766 0.000360652
          59    0.407829    0.405801 0.000356206
          60    0.406729    0.405817  0.00035056
          61    0.404782      0.4058 0.000345182
          62    0.406505    0.405811 0.000339759
          63    0.406745    0.405826 0.000334651
          64      0.4029     0.40578 0.000332538
          65    0.405395    0.405774 0.000327436
          66    0.408649    0.405818 0.000325366
          67     0.40758    0.405844 0.000321551
          68    0.408103    0.405877 0.000318523
          69    0.406769     0.40589 0.000314139
          70    0.407848    0.405918 0.000310879
          71     0.40747     0.40594 0.000307247
          72    0.405135    0.405929 0.000303156
          73    0.409264    0.405975 0.000302445
          74    0.405685    0.405971 0.000298355
          75     0.40655    0.405978 0.000294452
          76    0.401268    0.405916 0.000297087
          77    0.403718    0.405888  0.00029459
          78    0.412531    0.405973 0.000303006
          79    0.408708    0.406008 0.000301142
          80    0.403875    0.405981 0.000298546
          81    0.405482    0.405975 0.000294902
          82    0.408273    0.406003 0.000292629
          83    0.412068    0.406076 0.000298175
          84    0.406574    0.406082 0.000294664
          85    0.404817    0.406067 0.000291557
          86    0.404159    0.406045 0.000288999
          87    0.411968    0.406113 0.000293659
          88    0.409961    0.406157 0.000293579
          89    0.403753     0.40613 0.000291514
          90    0.412111    0.406196 0.000295819
          91    0.404227    0.406174 0.000293349
          92    0.405533    0.406167 0.000290226
          93    0.402845    0.406132 0.000289302
          94    0.404348    0.406113 0.000286836
          95    0.406013    0.406112 0.000283803
          96    0.403208    0.406081 0.000282455
          97    0.410115    0.406123 0.000282604
          98    0.408891    0.406151 0.000281127
          99    0.410782    0.406198 0.000282176
         100     0.41215    0.406258  0.00028561
