           1    0.127555    0.127555           0
           2   0.0932824    0.110419   0.0171364
           3    0.118553     0.11313   0.0102585
           4    0.112781    0.113043  0.00725438
           5    0.110952    0.112625  0.00563475
           6    0.115646    0.113128  0.00462824
           7    0.107037    0.112258  0.00400721
           8   0.0969272    0.110342   0.0039643
           9    0.107675    0.110045  0.00350872
          10    0.119649    0.111006  0.00328194
          11   0.0940608    0.109465  0.00334451
          12    0.123828    0.110662  0.00327933
          13    0.114666     0.11097  0.00303222
          14   0.0935032    0.109723  0.00307205
          15   0.0914352    0.108503  0.00310894
          16    0.128352    0.109744  0.00316168
          17    0.102397    0.109312  0.00300117
          18     0.13099    0.110516  0.00307516
          19    0.102926    0.110117  0.00293612
          20    0.108714    0.110046  0.00278633
          21    0.108009    0.109949   0.0026521
          22    0.107424    0.109835  0.00253128
          23   0.0960056    0.109233  0.00249234
          24   0.0969024     0.10872  0.00244092
          25     0.10147     0.10843  0.00235914
          26    0.102522    0.108202  0.00227795
          27    0.111226    0.108314  0.00219481
          28    0.116494    0.108606  0.00213505
          29    0.117973    0.108929  0.00208528
          30     0.11394    0.109096  0.00202148
          31    0.113194    0.109229  0.00195965
          32    0.116647     0.10946  0.00191153
          33    0.101072    0.109206  0.00187006
          34   0.0931736    0.108735   0.0018745
          35    0.103915    0.108597  0.00182536
          36    0.121033    0.108942  0.00180725
          37    0.118967    0.109213  0.00177849
          38    0.124887    0.109626  0.00177952
          39    0.117984     0.10984  0.00174649
          40   0.0992136    0.109575  0.00172287
          41    0.109384     0.10957  0.00168033
          42    0.117394    0.109756  0.00165038
          43    0.104361    0.109631  0.00161642
          44    0.115886    0.109773  0.00158564
          45     0.10756    0.109724  0.00155078
          46    0.103836    0.109596  0.00152209
          47    0.106267    0.109525  0.00149103
          48    0.116271    0.109665  0.00146639
          49    0.113929    0.109752  0.00143879
          50    0.110478    0.109767  0.00140979
