           1    0.345584    0.345584           0
           2    0.347317    0.346451 0.000866828
           3    0.347414    0.346772 0.000594655
           4    0.346897    0.346803 0.000421647
           5    0.349539     0.34735 0.000637193
           6    0.343755    0.346751 0.000793487
           7    0.346512    0.346717 0.000671491
           8    0.350352    0.347171 0.000738002
           9    0.346798     0.34713 0.000652179
          10    0.349824    0.347399 0.000642551
          11    0.347633     0.34742 0.000581599
          12     0.34936    0.347582 0.000554978
          13     0.34967    0.347743 0.000535167
          14    0.349377    0.347859 0.000509034
          15    0.346518     0.34777 0.000482247
          16    0.348274    0.347802 0.000452201
          17    0.348906    0.347866 0.000429706
          18    0.345513    0.347736 0.000425709
          19    0.351255    0.347921 0.000443244
          20    0.345927    0.347821 0.000432157
          21    0.352043    0.348022 0.000457599
          22      0.3477    0.348008 0.000436549
          23    0.348127    0.348013 0.000417169
          24    0.345446    0.347906 0.000413484
          25    0.350102    0.347994  0.00040621
          26    0.348439    0.348011  0.00039065
          27    0.346732    0.347963 0.000378877
          28    0.347228    0.347937 0.000366038
          29    0.348099    0.347943 0.000353235
          30    0.345138    0.347849 0.000353832
          31    0.351088    0.347954  0.00035782
          32     0.34665    0.347913 0.000348845
          33    0.344197      0.3478 0.000356365
          34    0.349259    0.347843 0.000348377
          35     0.34504    0.347763 0.000347628
          36    0.348328    0.347779 0.000338197
          37    0.342906    0.347647 0.000354317
          38     0.34397     0.34755 0.000358186
          39    0.346135    0.347514 0.000350764
          40    0.348762    0.347545 0.000343303
          41    0.342986    0.347434  0.00035281
          42    0.345757    0.347394 0.000346614
          43    0.349811     0.34745 0.000343093
          44    0.350917    0.347529 0.000344341
          45    0.349041    0.347563 0.000338276
          46    0.346456    0.347539 0.000331714
          47    0.349775    0.347586 0.000328047
          48    0.348321    0.347602 0.000321505
          49    0.350568    0.347662 0.000320641
          50    0.347884    0.347667 0.000314194
          51    0.348857     0.34769 0.000308855
          52    0.346074    0.347659 0.000304446
          53    0.349189    0.347688 0.000300039
          54    0.348352      0.3477 0.000294687
          55    0.351258    0.347765 0.000296426
          56    0.344776    0.347711 0.000295937
          57    0.347318    0.347704  0.00029078
          58    0.346767    0.347688  0.00028618
          59     0.35285    0.347776  0.00029458
          60    0.348954    0.347795 0.000290294
          61    0.348652    0.347809 0.000285841
          62    0.349984    0.347845 0.000283373
          63     0.34923    0.347867 0.000279704
          64    0.346348    0.347843  0.00027632
          65    0.349311    0.347865 0.000272971
          66    0.346696    0.347848 0.000269387
          67    0.344378    0.347796 0.000270342
          68    0.345366     0.34776 0.000268722
          69    0.346064    0.347736 0.000265937
          70    0.346705    0.347721 0.000262523
          71    0.351373    0.347772  0.00026386
          72    0.349393    0.347795 0.000261141
          73    0.347349    0.347789 0.000257611
          74    0.346003    0.347765 0.000255249
          75    0.349951    0.347794 0.000253505
          76    0.344892    0.347756 0.000253044
          77    0.348872     0.34777 0.000250157
          78    0.349506    0.347792  0.00024793
          79    0.349461    0.347813 0.000245681
          80    0.347409    0.347808 0.000242644
          81    0.345388    0.347778 0.000241485
          82    0.347943     0.34778  0.00023853
          83    0.347159    0.347773 0.000235758
          84    0.347096    0.347765 0.000233073
          85    0.347356     0.34776 0.000230365
          86     0.35034     0.34779  0.00022964
          87     0.34939    0.347809 0.000227729
          88    0.344157    0.347767 0.000228917
          89    0.348343    0.347774 0.000226423
          90    0.347128    0.347766 0.000224008
          91    0.344196    0.347727 0.000224981
          92      0.3463    0.347712 0.000223062
          93    0.346979    0.347704 0.000220791
          94    0.347881    0.347706 0.000218438
          95    0.350331    0.347733 0.000217886
          96    0.349702    0.347754 0.000216578
          97    0.350202    0.347779 0.000215815
          98    0.345998    0.347761 0.000214373
          99    0.350348    0.347787   0.0002138
         100    0.352455    0.347834 0.000216738
