           1    -0.92579    -0.92579           0
           2   -0.930636   -0.928213   0.0024232
           3   -0.930254   -0.928893  0.00155565
           4   -0.930596   -0.929319  0.00117953
           5   -0.930005   -0.929456   0.0009239
           6   -0.927714   -0.929166 0.000808328
           7   -0.931167   -0.929452  0.00074059
           8   -0.927592   -0.929219 0.000682191
           9   -0.928495   -0.929139 0.000606989
          10   -0.933038   -0.929529 0.000668405
          11   -0.931152   -0.929676 0.000622347
          12   -0.932152   -0.929882 0.000604427
          13   -0.931554   -0.930011 0.000570673
          14   -0.930291   -0.930031 0.000528719
          15   -0.926085   -0.929768 0.000558109
          16   -0.932089   -0.929913 0.000541839
          17    -0.92775   -0.929786 0.000524638
          18    -0.92966   -0.929779 0.000494683
          19   -0.932314   -0.929912  0.00048657
          20   -0.933294   -0.930081 0.000491589
          21   -0.927955    -0.92998 0.000478429
          22   -0.928655    -0.92992 0.000460122
          23   -0.930133   -0.929929 0.000439759
          24   -0.930945   -0.929971 0.000423159
          25   -0.927722   -0.929881 0.000415737
          26   -0.924103   -0.929659 0.000457091
          27   -0.929371   -0.929649 0.000439965
          28    -0.93171   -0.929722 0.000430309
          29   -0.933262   -0.929844  0.00043278
          30   -0.929814   -0.929843 0.000418107
          31   -0.928049   -0.929785 0.000408516
          32   -0.930966   -0.929822  0.00039726
          33   -0.930778   -0.929851 0.000386121
          34   -0.930579   -0.929873 0.000375204
          35   -0.932559   -0.929949 0.000372325
          36    -0.92891    -0.92992 0.000362983
          37   -0.932468   -0.929989 0.000359688
          38   -0.927088   -0.929913 0.000358324
          39   -0.930194    -0.92992 0.000349089
          40   -0.929914    -0.92992  0.00034025
          41   -0.928898   -0.929895 0.000332782
          42   -0.933162   -0.929973 0.000333945
          43   -0.928858   -0.929947 0.000327114
          44   -0.930076    -0.92995 0.000319607
          45   -0.928598    -0.92992 0.000313866
          46   -0.928505   -0.929889 0.000308504
          47   -0.932304    -0.92994 0.000306211
          48    -0.92801     -0.9299 0.000302448
          49   -0.929494   -0.929892 0.000296328
          50   -0.926619   -0.929827 0.000297628
          51   -0.932832   -0.929885 0.000297626
          52   -0.927855   -0.929846 0.000294446
          53   -0.931032   -0.929869 0.000289702
          54   -0.930184   -0.929875 0.000284347
          55   -0.927487   -0.929831 0.000282484
          56   -0.927465   -0.929789 0.000280594
          57   -0.927644   -0.929751 0.000278184
          58   -0.931826   -0.929787 0.000275675
          59   -0.932302    -0.92983 0.000274296
          60   -0.927871   -0.929797 0.000271654
          61   -0.932399    -0.92984 0.000270548
          62   -0.925192   -0.929765 0.000276504
          63   -0.928886   -0.929751 0.000272437
          64   -0.925149   -0.929679  0.00027762
          65   -0.927894   -0.929651 0.000274692
          66    -0.92968   -0.929652 0.000270499
          67   -0.929814   -0.929654 0.000266442
          68   -0.929784   -0.929656 0.000262501
          69   -0.930482   -0.929668 0.000258946
          70   -0.934424   -0.929736 0.000264108
          71   -0.928461   -0.929718 0.000260981
          72   -0.929848    -0.92972 0.000257337
          73   -0.927268   -0.929686    0.000256
          74   -0.930522   -0.929698 0.000252769
          75   -0.929262   -0.929692 0.000249444
          76   -0.927832   -0.929667 0.000247353
          77   -0.930898   -0.929683 0.000244643
          78   -0.929927   -0.929686 0.000241506
          79   -0.927126   -0.929654 0.000240623
          80   -0.930359   -0.929663  0.00023776
          81    -0.93106    -0.92968 0.000235439
          82   -0.930373   -0.929689 0.000232703
          83   -0.932626   -0.929724 0.000232591
          84   -0.929405    -0.92972 0.000229837
          85   -0.928561   -0.929707 0.000227526
          86   -0.932218   -0.929736 0.000226753
          87   -0.929103   -0.929728 0.000224249
          88   -0.928555   -0.929715 0.000222087
          89   -0.931014    -0.92973 0.000220062
          90   -0.928352   -0.929714 0.000218141
          91   -0.925802   -0.929671 0.000219972
          92   -0.931218   -0.929688 0.000218217
          93   -0.931354   -0.929706 0.000216599
          94    -0.92995   -0.929709 0.000214298
          95   -0.930058   -0.929712 0.000212062
          96   -0.931114   -0.929727 0.000210349
          97   -0.931019    -0.92974 0.000208595
          98   -0.929166   -0.929734 0.000206538
          99   -0.929288    -0.92973 0.000204491
         100   -0.930039   -0.929733  0.00020246
