           1    -0.61327    -0.61327           0
           2   -0.614782   -0.614026    0.000756
           3   -0.614123   -0.614059 0.000437668
           4   -0.613054   -0.613808 0.000398511
           5   -0.615118    -0.61407 0.000404987
           6   -0.611845   -0.613699 0.000496845
           7   -0.614042   -0.613748 0.000422755
           8   -0.611722   -0.613495 0.000445191
           9   -0.614506   -0.613607 0.000408375
          10    -0.61281   -0.613527 0.000373863
          11   -0.614595   -0.613624 0.000351834
          12   -0.613011   -0.613573 0.000325217
          13   -0.613688   -0.613582 0.000299286
          14   -0.610686   -0.613375 0.000345768
          15    -0.61343   -0.613379 0.000321913
          16   -0.613946   -0.613414 0.000303198
          17   -0.612534   -0.613363  0.00028947
          18   -0.614546   -0.613428 0.000280718
          19   -0.614562   -0.613488  0.00027215
          20   -0.613315   -0.613479 0.000258328
          21   -0.614846   -0.613544 0.000254197
          22   -0.613366   -0.613536 0.000242502
          23   -0.615141   -0.613606 0.000241992
          24   -0.613592   -0.613605 0.000231691
          25   -0.613826   -0.613614 0.000222404
          26   -0.613722   -0.613618 0.000213719
          27   -0.611704   -0.613547 0.000217531
          28   -0.614142   -0.613569 0.000210692
          29   -0.613302    -0.61356 0.000203505
          30   -0.611915   -0.613505 0.000204102
          31   -0.614795   -0.613546 0.000201749
          32    -0.61307   -0.613531 0.000195908
          33   -0.613242   -0.613523 0.000190082
          34   -0.612229   -0.613485 0.000188293
          35    -0.61312   -0.613474  0.00018313
          36   -0.613152   -0.613465 0.000178196
          37   -0.612664   -0.613444  0.00017466
          38   -0.613722   -0.613451 0.000170159
          39   -0.613522   -0.613453 0.000165749
          40   -0.613968   -0.613466 0.000162065
          41   -0.613144   -0.613458 0.000158257
          42   -0.612232   -0.613429 0.000157176
          43   -0.611189   -0.613377 0.000162076
          44    -0.61268   -0.613361 0.000159139
          45   -0.612922   -0.613351 0.000155868
          46   -0.613958   -0.613364 0.000153013
          47    -0.61316    -0.61336 0.000149785
          48   -0.613515   -0.613363 0.000146667
          49   -0.613451   -0.613365 0.000143654
          50   -0.611981   -0.613337 0.000143447
