           1     0.30773     0.30773           0
           2    0.309027    0.308378 0.000648543
           3    0.308567    0.308441  0.00037972
           4    0.307475      0.3082 0.000361096
           5    0.308275    0.308215 0.000280113
           6    0.308922    0.308333 0.000257265
           7    0.308485    0.308354 0.000218515
           8    0.307256    0.308217 0.000233823
           9    0.310389    0.308458 0.000317444
          10    0.307552    0.308368  0.00029804
          11    0.309399    0.308462 0.000285406
          12    0.307922    0.308417 0.000264393
          13    0.308273    0.308406 0.000243457
          14    0.310978    0.308589 0.000290789
          15    0.309893    0.308676 0.000284321
          16    0.309808    0.308747 0.000275199
          17     0.30885    0.308753 0.000258577
          18    0.308427    0.308735 0.000244459
          19    0.309732    0.308787 0.000237121
          20    0.308327    0.308764 0.000226128
          21    0.308863    0.308769 0.000215141
          22    0.309157    0.308787 0.000205887
          23    0.308207    0.308761 0.000198339
          24    0.308033    0.308731 0.000192307
          25    0.312043    0.308864 0.000227104
          26     0.31063    0.308932 0.000228527
          27    0.306605    0.308845 0.000236178
          28    0.309224    0.308859 0.000227989
          29    0.310224    0.308906 0.000224969
          30     0.30478    0.308768 0.000257204
          31    0.311067    0.308843 0.000259584
          32     0.30945    0.308862 0.000252057
          33    0.303795    0.308708 0.000288532
          34    0.309946    0.308744 0.000282274
          35    0.306069    0.308668 0.000284553
          36    0.307172    0.308626 0.000279639
          37    0.302858    0.308471 0.000313493
          38    0.307602    0.308448 0.000305987
          39    0.306317    0.308393 0.000303004
          40    0.307897    0.308381 0.000295592
          41    0.306852    0.308343 0.000290693
          42     0.30584    0.308284 0.000289881
          43    0.308754    0.308295  0.00028327
          44    0.312978    0.308401 0.000296519
          45     0.31033    0.308444 0.000293006
          46    0.305045     0.30837 0.000295936
          47     0.31207    0.308449 0.000300079
          48    0.307319    0.308425 0.000294702
          49    0.309248    0.308442 0.000289114
          50    0.309256    0.308458  0.00028374
          51    0.309867    0.308486 0.000279488
          52    0.304972    0.308418  0.00028227
          53    0.310394    0.308456  0.00027939
          54    0.306723    0.308424 0.000276039
          55    0.311101    0.308472 0.000275311
          56     0.30588    0.308426 0.000274283
          57     0.30715    0.308404 0.000270357
          58    0.309845    0.308428 0.000266815
          59    0.311135    0.308474 0.000266235
          60    0.308561    0.308476 0.000261764
          61    0.310998    0.308517 0.000260736
          62    0.309979    0.308541 0.000257578
          63    0.307367    0.308522  0.00025414
          64    0.308024    0.308514 0.000250259
          65    0.307803    0.308503 0.000246622
          66    0.309631     0.30852 0.000243456
          67    0.306518    0.308491 0.000241651
          68     0.31004    0.308513 0.000239158
          69    0.305575    0.308471 0.000239484
          70    0.311212     0.30851 0.000239265
          71    0.308387    0.308508 0.000235877
          72    0.310174    0.308531 0.000233726
          73    0.310044    0.308552 0.000231431
          74    0.307006    0.308531 0.000229236
          75    0.308502    0.308531 0.000226159
          76    0.306002    0.308497  0.00022563
          77    0.309508    0.308511 0.000223067
          78    0.309583    0.308524 0.000220617
          79     0.31059     0.30855 0.000219371
          80    0.308199    0.308546 0.000216656
          81    0.309751    0.308561 0.000214481
          82     0.30972    0.308575  0.00021232
          83    0.308633    0.308576 0.000209748
          84    0.309002    0.308581 0.000207298
          85    0.306417    0.308555 0.000206421
          86    0.311209    0.308586 0.000206326
          87    0.310841    0.308612 0.000205581
          88    0.304959    0.308571 0.000207427
          89     0.31143    0.308603 0.000207584
          90    0.309501    0.308613 0.000205507
          91    0.306893    0.308594 0.000204114
          92    0.309526    0.308604 0.000202137
          93    0.305847    0.308574 0.000202136
          94    0.306002    0.308547 0.000201838
          95    0.310604    0.308569 0.000200873
          96    0.309466    0.308578 0.000198989
          97    0.311401    0.308607 0.000199066
          98    0.305343    0.308574 0.000199821
          99    0.308396    0.308572   0.0001978
         100    0.314324     0.30863 0.000204085
