           1    0.405177    0.405177           0
           2    0.389099    0.397138  0.00803867
           3    0.387509    0.393928  0.00564281
           4    0.379543    0.390332  0.00537164
           5    0.380719    0.388409  0.00458356
           6    0.395575    0.389604  0.00392839
           7    0.381615    0.388462  0.00351077
           8    0.376993    0.387029   0.0033615
           9    0.396012    0.388027  0.00312808
          10      0.3865    0.387874    0.002802
          11    0.360733    0.385407  0.00353716
          12    0.364808     0.38369  0.00365689
          13    0.401473    0.385058  0.00363134
          14    0.385609    0.385097   0.0033622
          15    0.386431    0.385186  0.00313129
          16    0.384526    0.385145  0.00292935
          17    0.394842    0.385715  0.00281014
          18     0.39754    0.386372  0.00272965
          19    0.369139    0.385465  0.00273667
          20    0.362514    0.384318  0.00283854
          21     0.37886    0.384058  0.00271247
          22    0.386722    0.384179  0.00258907
          23     0.39328    0.384575  0.00250539
          24    0.395968    0.385049  0.00244525
          25    0.375658    0.384674   0.0023753
          26    0.387371    0.384777  0.00228447
          27    0.398108    0.385271    0.002253
          28    0.382136    0.385159  0.00217393
          29    0.374794    0.384802  0.00212786
          30    0.382255    0.384717  0.00205746
          31    0.379723    0.384556  0.00199649
          32    0.358825    0.383752  0.00209366
          33    0.381007    0.383669  0.00203093
          34    0.396267    0.384039  0.00200483
          35    0.383484    0.384023  0.00194677
          36    0.388528    0.384148  0.00189605
          37    0.379673    0.384027  0.00184806
          38    0.390585      0.3842  0.00180703
          39    0.372475    0.383899  0.00178558
          40    0.385851    0.383948  0.00174105
          41    0.376219     0.38376  0.00170849
          42    0.395576    0.384041  0.00169088
          43    0.407404    0.384584  0.00173819
          44    0.371601    0.384289  0.00172367
          45     0.36915    0.383953  0.00171819
          46    0.379554    0.383857  0.00168314
          47    0.383079    0.383841  0.00164702
          48    0.401252    0.384203  0.00165265
          49    0.374104    0.383997  0.00163164
          50    0.398692    0.384291  0.00162546
          51     0.38799    0.384364  0.00159492
          52    0.388818    0.384449  0.00156629
          53    0.392091    0.384593   0.0015432
          54    0.397008    0.384823  0.00153171
          55    0.395611     0.38502  0.00151634
          56     0.38895     0.38509  0.00149067
          57    0.392168    0.385214  0.00146954
          58    0.379875    0.385122  0.00144691
          59    0.377906       0.385  0.00142743
          60    0.392453    0.385124  0.00140892
          61     0.38776    0.385167  0.00138631
          62    0.400415    0.385413  0.00138576
          63    0.375771     0.38526  0.00137215
          64     0.37906    0.385163  0.00135401
          65    0.391799    0.385265  0.00133692
          66     0.37095    0.385048  0.00133426
          67    0.383601    0.385027  0.00131437
          68    0.376574    0.384902  0.00130085
          69    0.382459    0.384867  0.00128235
          70    0.405075    0.385156  0.00129644
          71    0.384078     0.38514  0.00127814
          72    0.395786    0.385288  0.00126891
          73    0.393116    0.385395  0.00125599
          74    0.395683    0.385534  0.00124668
          75    0.371872    0.385352  0.00124336
          76    0.382665    0.385317   0.0012274
          77    0.377857     0.38522  0.00121522
          78    0.388455    0.385262  0.00120026
          79     0.39645    0.385403   0.0011934
          80    0.398085    0.385562  0.00118901
          81    0.385605    0.385562  0.00117424
          82    0.399223    0.385729  0.00117173
          83    0.383638    0.385704   0.0011578
          84    0.402576    0.385905  0.00116143
          85     0.38391    0.385881  0.00114793
          86    0.366446    0.385655  0.00115679
          87    0.382356    0.385617  0.00114405
          88    0.400082    0.385782  0.00114286
          89    0.386052    0.385785  0.00112995
          90    0.383544     0.38576   0.0011176
          91    0.384997    0.385751  0.00110528
          92    0.374762    0.385632  0.00109971
          93    0.423333    0.386037   0.0011609
          94    0.389428    0.386073  0.00114905
          95    0.367104    0.385874  0.00115429
          96    0.392376    0.385941  0.00114421
          97    0.385153    0.385933  0.00113238
          98    0.399585    0.386073  0.00112939
          99    0.395403    0.386167  0.00112189
         100    0.395193    0.386257  0.00111428
