           1   0.0972784   0.0972784           0
           2   0.0710688   0.0841736   0.0131048
           3   0.0833784   0.0839085   0.0075707
           4   0.0802032   0.0829822  0.00543285
           5   0.0777352   0.0819328  0.00433714
           6    0.083608    0.082212  0.00355225
           7   0.0787376   0.0817157  0.00304295
           8   0.0756736   0.0809604  0.00274136
           9   0.0688928   0.0796196  0.00276458
          10   0.0761704   0.0792746  0.00249666
          11   0.0637104   0.0778597  0.00266496
          12   0.0898008   0.0788548  0.00262841
          13    0.075504    0.078597  0.00243149
          14    0.072368   0.0781521  0.00229467
          15   0.0713304   0.0776973  0.00218409
          16   0.0908072   0.0785167  0.00220121
          17   0.0789784   0.0785439  0.00206786
          18   0.0899712   0.0791787  0.00205036
          19   0.0763064   0.0790275  0.00194533
          20   0.0790672   0.0790295   0.0018455
          21   0.0728648    0.078736   0.0017798
          22   0.0700952   0.0783432  0.00174183
          23   0.0664032   0.0778241  0.00174346
          24   0.0688832   0.0774515   0.0017103
          25   0.0774016   0.0774495  0.00164046
          26   0.0753752   0.0773698  0.00157812
          27   0.0708872   0.0771297  0.00153741
          28   0.0731672   0.0769881  0.00148823
          29    0.070844   0.0767763  0.00145154
          30   0.0755616   0.0767358  0.00140291
          31   0.0797624   0.0768334   0.0013604
          32    0.087464   0.0771656  0.00135845
          33   0.0731664   0.0770444  0.00132221
          34   0.0711664   0.0768716  0.00129433
          35   0.0697856   0.0766691  0.00127301
          36   0.0792192   0.0767399  0.00123917
          37   0.0838832    0.076933  0.00122058
          38    0.082356   0.0770757  0.00119656
          39   0.0816336   0.0771926  0.00117132
          40     0.07212   0.0770658  0.00114869
          41    0.073968   0.0769902  0.00112286
          42    0.086516    0.077217  0.00111903
          43   0.0755528   0.0771783  0.00109338
          44   0.0748072   0.0771244   0.0010696
          45    0.073596    0.077046   0.0010485
          46   0.0771128   0.0770475  0.00102545
          47    0.078564   0.0770797  0.00100391
          48   0.0803296   0.0771474 0.000985106
          49   0.0811472   0.0772291 0.000968239
          50     0.07918   0.0772681 0.000949479
