           1     26.6396     26.6396           0
           2     26.9844      26.812    0.172419
           3      26.359      26.661    0.180844
           4     26.3078     26.5727    0.155402
           5     26.1018     26.4785    0.152834
           6     26.2974     26.4483    0.128388
           7     26.3356     26.4322    0.109697
           8     25.4729     26.3123    0.152988
           9     25.8019     26.2556    0.146358
          10      27.708     26.4008    0.195529
          11     26.7306     26.4308    0.179385
          12     28.0267     26.5638    0.210953
          13     26.5726     26.5645     0.19405
          14     27.3189     26.6184    0.187562
          15      25.754     26.5607    0.183874
          16      26.367     26.5486    0.172424
          17     26.8265      26.565    0.162786
          18     26.1491     26.5419    0.155206
          19     26.8898     26.5602    0.147947
          20     26.5935     26.5618    0.140365
          21     26.4359     26.5558    0.133649
          22     26.3935     26.5485    0.127643
          23     27.1723     26.5756    0.124947
          24     29.3023     26.6892    0.164981
          25     25.8685     26.6564    0.161614
          26     24.5574     26.5756    0.175007
          27     27.2446     26.6004    0.170213
          28     28.1282      26.655    0.172859
          29     28.0482      26.703    0.173572
          30     26.6826     26.7023    0.167688
          31     26.8013     26.7055     0.16222
          32     26.2249     26.6905    0.157785
          33     28.0618     26.7321    0.158474
          34     26.9328      26.738    0.153855
          35     26.8015     26.7398    0.149406
          36     26.6833     26.7382    0.145205
          37     28.0475     26.7736    0.145592
          38     25.9449     26.7518    0.143376
          39     27.0919     26.7605    0.139924
          40     25.2506     26.7228    0.141509
          41     25.9639     26.7043     0.13925
          42     28.9165     26.7569    0.145745
          43     26.5451      26.752      0.1424
          44     27.2736     26.7639     0.13963
          45     26.0788     26.7486    0.137338
          46     26.5969     26.7453     0.13436
          47      28.316     26.7788    0.135651
          48     26.7294     26.7777    0.132799
          49     26.9333     26.7809    0.130099
          50     26.0204     26.7657    0.128375
          51     26.0671      26.752    0.126576
          52     26.5735     26.7486    0.124165
          53     27.2034     26.7571    0.122102
          54     27.7396     26.7753    0.121193
          55     26.7156     26.7743    0.118974
          56     25.8013     26.7569    0.118115
          57      26.125     26.7458    0.116552
          58     26.8014     26.7467    0.114529
          59     27.0678     26.7522    0.112703
          60     27.7449     26.7687    0.112037
          61     27.7048     26.7841    0.111248
          62      25.678     26.7662    0.110884
          63     25.9304      26.753    0.109913
          64     25.9234       26.74    0.108956
          65     26.0559     26.7295    0.107782
          66     27.2406     26.7372    0.106418
          67     26.3519     26.7315    0.104976
          68     26.9131     26.7341    0.103455
          69      26.251     26.7271    0.102185
          70     26.9161     26.7298    0.100751
          71     26.4681     26.7262   0.0993899
          72     25.4327     26.7082   0.0996327
          73     26.3463     26.7032   0.0983834
          74     26.4052     26.6992   0.0971283
          75      26.276     26.6936   0.0959905
          76     24.6676     26.6669   0.0983987
          77     26.6166     26.6663   0.0971145
          78     26.5285     26.6645   0.0958777
          79     26.4606     26.6619   0.0946914
          80     27.1897     26.6685   0.0937328
          81     25.8555     26.6585   0.0931109
          82     27.4473     26.6681   0.0924702
          83     25.7847     26.6574   0.0919672
          84     27.5744     26.6684   0.0915191
          85     25.4637     26.6542   0.0915396
          86     27.2874     26.6616   0.0907681
          87     27.4833      26.671   0.0902145
          88     25.8265     26.6614   0.0896982
          89     26.0254     26.6543   0.0889721
          90     27.1258     26.6595   0.0881339
          91     25.4407     26.6461    0.088183
          92     26.9054     26.6489   0.0872648
          93     26.5292     26.6476   0.0863309
          94     28.1293     26.6634   0.0868499
          95      25.244     26.6485   0.0872201
          96     26.6744     26.6487   0.0863072
          97     26.5771      26.648    0.085416
          98      26.819     26.6497   0.0845579
          99     27.1491     26.6548   0.0838512
         100     28.0406     26.6686   0.0841574
