           1     2.09384     2.09384           0
           2     2.10665     2.10024  0.00640148
           3     2.13336     2.11128   0.0116416
           4     2.11432     2.11204  0.00826677
           5     2.06989     2.10361   0.0105863
           6     2.09728     2.10256  0.00870787
           7     2.07725     2.09894  0.00819975
           8     2.06332     2.09449  0.00838183
           9     2.13534     2.09903  0.00867455
          10     2.09862     2.09899  0.00775886
          11     2.16101     2.10463  0.00900262
          12     2.06902     2.10166  0.00873757
          13     2.06567     2.09889  0.00850075
          14     2.12962     2.10109  0.00817052
          15     2.11339     2.10191  0.00765046
          16     2.13352     2.10388  0.00742408
          17     2.10816     2.10413  0.00697825
          18     2.13222     2.10569  0.00676161
          19     2.14036     2.10752    0.006651
          20      2.1543     2.10986  0.00672933
          21     2.10397     2.10958  0.00640701
          22     2.14533      2.1112  0.00632134
          23     2.09834     2.11064  0.00606607
          24      2.0573     2.10842  0.00621853
          25     2.11557     2.10871  0.00597146
          26     2.13594     2.10975  0.00583206
          27     2.11034     2.10978  0.00561194
          28     2.09971     2.10942  0.00541973
          29     2.14115     2.11051  0.00534278
          30     2.08851     2.10978  0.00521347
          31     2.06567     2.10835  0.00523938
          32     2.11607      2.1086  0.00507874
          33      2.1583      2.1101  0.00514769
          34     2.11754     2.11032  0.00499878
          35     2.05457     2.10873  0.00510854
          36     2.06645     2.10755  0.00510159
          37     2.09151     2.10712  0.00498071
          38     2.07619     2.10631  0.00491571
          39     2.08747     2.10582  0.00481231
          40     2.14102      2.1067   0.0047723
          41     2.09628     2.10645  0.00466138
          42     2.13251     2.10707  0.00459117
          43     2.12433     2.10747  0.00450107
          44     2.07806      2.1068  0.00444809
          45     2.07745     2.10615  0.00439676
          46       2.151     2.10712  0.00440926
          47     2.11384     2.10727  0.00431679
          48     2.09864     2.10709  0.00422972
          49     2.09177     2.10678  0.00415427
          50     2.08059     2.10625  0.00410389
