           1   -0.509222   -0.509222           0
           2   -0.511448   -0.510335   0.0011128
           3   -0.510744   -0.510471 0.000656767
           4   -0.509139   -0.510138 0.000571494
           5   -0.510883   -0.510287 0.000467068
           6   -0.509219   -0.510109 0.000420866
           7   -0.510742     -0.5102 0.000367014
           8   -0.509632   -0.510129 0.000325671
           9   -0.511309    -0.51026 0.000315725
          10   -0.510648   -0.510299 0.000285047
          11   -0.510933   -0.510356   0.0002642
          12   -0.509709   -0.510302 0.000247144
          13   -0.510573   -0.510323 0.000228289
          14   -0.509534   -0.510267 0.000218736
          15   -0.510046   -0.510252 0.000204161
          16    -0.51097   -0.510297 0.000196169
          17   -0.509496    -0.51025 0.000190197
          18   -0.510366   -0.510256 0.000179437
          19   -0.510835   -0.510287 0.000172442
          20   -0.510294   -0.510287 0.000163594
          21   -0.511074   -0.510325 0.000160051
          22   -0.509818   -0.510302 0.000154333
          23   -0.510486    -0.51031 0.000147689
          24   -0.510136   -0.510302 0.000141587
          25   -0.511226   -0.510339 0.000140736
          26   -0.511533   -0.510385 0.000142794
          27   -0.511715   -0.510434 0.000145966
          28   -0.511067   -0.510457  0.00014246
          29   -0.509507   -0.510424 0.000141309
          30   -0.508285   -0.510353 0.000154023
          31   -0.511845   -0.510401 0.000156552
          32   -0.510544   -0.510406 0.000151646
          33   -0.510301   -0.510402 0.000147013
          34   -0.510469   -0.510404 0.000142637
          35   -0.510798   -0.510416 0.000138959
          36    -0.51025   -0.510411 0.000135122
          37    -0.50983   -0.510395 0.000132353
          38   -0.511378   -0.510421 0.000131391
          39   -0.511312   -0.510444     0.00013
          40   -0.511542   -0.510471  0.00012965
          41   -0.510987   -0.510484 0.000127072
          42   -0.510205   -0.510477 0.000124188
          43   -0.509154   -0.510447 0.000125112
          44   -0.509978   -0.510436   0.0001227
          45   -0.510365   -0.510434 0.000119952
          46   -0.510619   -0.510438 0.000117384
          47   -0.510266   -0.510435 0.000114919
          48   -0.511256   -0.510452 0.000113793
          49   -0.510776   -0.510458 0.000111642
          50   -0.509458   -0.510438 0.000111203
