           1    0.150276    0.150276           0
           2    0.161872    0.156074   0.0057978
           3    0.160078    0.157409  0.00360361
           4    0.137571    0.152449  0.00557572
           5    0.160414    0.154042  0.00460332
           6    0.146691    0.152817  0.00395324
           7    0.138315    0.150745   0.0039313
           8    0.156082    0.151412  0.00346934
           9    0.161032    0.152481  0.00324099
          10    0.155664      0.1528  0.00291625
          11     0.14618    0.152198  0.00270562
          12    0.132047    0.150519  0.00298665
          13     0.13219    0.149109  0.00308795
          14     0.15076    0.149227  0.00286132
          15    0.157017    0.149746  0.00271391
          16     0.14856    0.149672  0.00253971
          17    0.138245       0.149  0.00247853
          18    0.158521    0.149529   0.0023959
          19     0.16719    0.150458  0.00244953
          20    0.147796    0.150325  0.00232764
          21    0.156598    0.150624  0.00223408
          22    0.152161    0.150694  0.00213126
          23    0.153956    0.150836  0.00204143
          24    0.149445    0.150778  0.00195538
          25    0.148793    0.150698  0.00187721
          26    0.161677     0.15112  0.00185234
          27     0.15928    0.151423  0.00180785
          28    0.152797    0.151472  0.00174278
          29    0.137004    0.150973  0.00175406
          30    0.176138    0.151812  0.00189084
          31    0.129945    0.151106  0.00196015
          32    0.142977    0.150852  0.00191483
          33    0.149066    0.150798  0.00185669
          34    0.146102     0.15066  0.00180654
          35     0.13616    0.150246  0.00180243
          36    0.147561    0.150171  0.00175323
          37     0.15047    0.150179  0.00170521
          38     0.14531    0.150051  0.00166467
          39    0.158909    0.150278  0.00163725
          40    0.154001    0.150371  0.00159851
          41    0.150567    0.150376  0.00155904
          42    0.143426    0.150211  0.00153044
          43    0.162608    0.150499  0.00152198
          44    0.153244    0.150561   0.0014883
          45     0.15722    0.150709  0.00146235
          46    0.152389    0.150746  0.00143068
          47    0.171971    0.151197  0.00147095
          48    0.164839    0.151482  0.00146775
          49    0.164676    0.151751  0.00146249
          50    0.149896    0.151714  0.00143342
          51    0.148459     0.15165  0.00140648
          52    0.161879    0.151847  0.00139313
          53    0.152244    0.151854  0.00136661
          54    0.164195    0.152083   0.0013604
          55    0.169571    0.152401  0.00137277
          56    0.161052    0.152555  0.00135685
          57    0.148146    0.152478  0.00133508
          58     0.14846    0.152409  0.00131369
          59    0.153121    0.152421  0.00129128
          60     0.15422    0.152451  0.00126993
          61    0.146443    0.152352  0.00125282
          62    0.151494    0.152338  0.00123252
          63    0.142962    0.152189   0.0012219
          64    0.149966    0.152155  0.00120316
          65    0.144649    0.152039  0.00119012
          66    0.151468    0.152031  0.00117198
          67    0.149993       0.152  0.00115476
          68    0.150006    0.151971  0.00113802
          69    0.170435    0.152238   0.0011529
          70    0.152956    0.152249  0.00113635
          71    0.153368    0.152264  0.00112034
          72    0.142958    0.152135  0.00111221
          73    0.171536    0.152401  0.00112861
          74    0.147858     0.15234  0.00111494
          75    0.157633     0.15241  0.00110224
          76    0.156425    0.152463  0.00108892
          77    0.168869    0.152676   0.0010956
          78     0.14261    0.152547  0.00108914
          79    0.159538    0.152635   0.0010789
          80     0.16292    0.152764  0.00107306
          81    0.155412    0.152797  0.00106023
          82    0.149132    0.152752  0.00104817
          83    0.140547    0.152605  0.00104586
          84    0.158146    0.152671  0.00103544
          85    0.141506     0.15254  0.00103158
          86    0.162542    0.152656  0.00102613
          87    0.150155    0.152627  0.00101467
          88    0.132794    0.152402  0.00102808
          89    0.141126    0.152275  0.00102433
          90    0.150357    0.152254  0.00101311
          91    0.150344    0.152233  0.00100213
          92    0.150254    0.152211 0.000991414
          93    0.130272    0.151975  0.00100867
          94    0.150794    0.151963 0.000997962
          95    0.148706    0.151929 0.000987996
          96    0.146772    0.151875 0.000979124
          97    0.135628    0.151707 0.000983348
          98    0.141319    0.151601 0.000979018
          99    0.138128    0.151465 0.000978588
         100    0.168668    0.151637 0.000983909
