           1    0.299066    0.299066           0
           2    0.300051    0.299558  0.00049232
           3    0.297913     0.29901 0.000617672
           4    0.304919    0.300487  0.00154052
           5    0.297401     0.29987  0.00134344
           6    0.299602    0.299825  0.00109782
           7    0.302302    0.300179 0.000992965
           8    0.295591    0.299606  0.00103367
           9    0.301295    0.299793  0.00093073
          10    0.298081    0.299622 0.000849903
          11    0.302298    0.299865 0.000806343
          12    0.300319    0.299903 0.000737058
          13    0.303122    0.300151 0.000721788
          14    0.296814    0.299912 0.000709482
          15    0.295722    0.299633 0.000717141
          16    0.299004    0.299594 0.000671975
          17    0.299978    0.299616 0.000631615
          18    0.299633    0.299617 0.000595493
          19    0.296576    0.299457 0.000585576
          20    0.297084    0.299339  0.00056806
          21    0.300384    0.299388 0.000542623
          22    0.301081    0.299465 0.000523063
          23    0.298819    0.299437 0.000500592
          24    0.299927    0.299458 0.000479715
          25    0.301782    0.299551 0.000469424
          26    0.300202    0.299576 0.000451704
          27    0.301606    0.299651 0.000441111
          28    0.298903    0.299624 0.000425905
          29    0.304296    0.299785 0.000441407
          30     0.29632     0.29967 0.000441804
          31    0.299626    0.299668 0.000427317
          32    0.303891      0.2998 0.000434281
          33    0.302406    0.299879 0.000428255
          34    0.299308    0.299862 0.000415808
          35    0.295596    0.299741 0.000421755
          36    0.302226     0.29981 0.000415644
          37    0.301158    0.299846 0.000405894
          38    0.297104    0.299774 0.000401603
          39    0.296622    0.299693 0.000399433
          40    0.300414    0.299711 0.000389736
          41     0.29715    0.299649 0.000385212
          42    0.300015    0.299657 0.000376029
          43     0.29845    0.299629 0.000368251
          44    0.300748    0.299655 0.000360682
          45    0.295014    0.299552 0.000367346
          46    0.304982     0.29967 0.000378169
          47    0.300554    0.299688 0.000370514
          48    0.295965    0.299611 0.000370913
          49    0.300182    0.299623 0.000363452
          50    0.303425    0.299699  0.00036414
