           1   0.0688784   0.0688784           0
           2   0.0523696    0.060624   0.0082544
           3    0.063456    0.061568  0.00485828
           4   0.0585512   0.0608138  0.00351714
           5   0.0577512   0.0602013  0.00279237
           6   0.0658176   0.0611373  0.00246463
           7   0.0613488   0.0611675  0.00208321
           8   0.0600904   0.0610329  0.00180913
           9   0.0522896   0.0600614    0.001868
          10   0.0581944   0.0598747  0.00168118
          11    0.049708   0.0589505  0.00177953
          12   0.0614896   0.0591621   0.0016382
          13   0.0600384   0.0592295  0.00150844
          14   0.0542336   0.0588726  0.00144141
          15   0.0493384    0.058237  0.00148481
          16   0.0701104   0.0589791  0.00157473
          17   0.0541712   0.0586963  0.00150599
          18   0.0682992   0.0592298  0.00151678
          19   0.0687168   0.0597291  0.00151914
          20    0.057372   0.0596112  0.00144599
          21     0.05938   0.0596002  0.00137545
          22    0.053676   0.0593309  0.00133881
          23   0.0496752   0.0589111   0.0013464
          24   0.0561048   0.0587942  0.00129437
          25   0.0605224   0.0588633  0.00124344
          26   0.0569576     0.05879   0.0011969
          27   0.0578832   0.0587564  0.00115221
          28   0.0479392   0.0583701  0.00117559
          29   0.0548064   0.0582472  0.00114097
          30   0.0570664   0.0582079  0.00110298
          31   0.0576408   0.0581896  0.00106696
          32    0.066768   0.0584577   0.0010673
          33   0.0529952   0.0582921  0.00104761
          34   0.0538448   0.0581613  0.00102471
          35   0.0545736   0.0580588  0.00100027
          36   0.0583632   0.0580673 0.000972126
          37   0.0656336   0.0582718 0.000967349
          38   0.0572096   0.0582438 0.000941964
          39   0.0603592   0.0582981 0.000919095
          40   0.0518192   0.0581361 0.000910348
          41   0.0544296   0.0580457 0.000892457
          42    0.062492   0.0581515 0.000877359
          43   0.0535112   0.0580436 0.000863483
          44   0.0585152   0.0580543 0.000843698
          45   0.0531584   0.0579455 0.000831881
          46   0.0624592   0.0580437 0.000819492
          47    0.063036   0.0581499 0.000808871
          48    0.058308   0.0581532 0.000791847
          49   0.0579688   0.0581494 0.000775527
          50   0.0580528   0.0581475 0.000759861
