           1     38.9989     38.9989           0
           2     41.3077     40.1533     1.15441
           3     41.4019     40.5695    0.785777
           4     41.3502     40.7647    0.588913
           5     41.4394     40.8996    0.475711
           6      38.948     40.5744    0.506625
           7     42.0872     40.7905    0.479628
           8     38.9396     40.5591     0.47546
           9     39.5995     40.4525    0.432659
          10     44.6719     40.8744    0.572525
          11     42.4867      41.021    0.538211
          12     42.3307     41.1301    0.503294
          13     41.8015     41.1818    0.465834
          14     41.1481     41.1794    0.431286
          15     38.3901     40.9934    0.442475
          16     41.9893     41.0557    0.418551
          17     39.3853     40.9574    0.405253
          18     41.2233     40.9722    0.382362
          19     42.1815     41.0358    0.367235
          20     43.2012     41.1441    0.364825
          21     39.9133     41.0855    0.351933
          22     40.2101     41.0457    0.337905
          23     41.9322     41.0842    0.325172
          24     41.8408     41.1158    0.312921
          25     39.3746     41.0461    0.308117
          26     37.2058     40.8984    0.330832
          27     40.2119      40.873    0.319357
          28     42.5552     40.9331     0.31355
          29     43.7001     41.0285    0.317234
          30     41.1496     41.0325    0.306503
          31     39.8884     40.9956     0.29874
          32     41.3887     41.0079    0.289515
          33     42.0944     41.0408    0.282529
          34     41.9342     41.0671     0.27535
          35     42.9985     41.1223    0.273003
          36     40.0712     41.0931    0.266913
          37     43.4499     41.1568    0.267299
          38     39.8711     41.1229     0.26236
          39     41.2165     41.1253    0.255556
          40     40.9091     41.1199    0.249144
          41     40.5746     41.1066    0.243355
          42     44.4915     41.1872    0.250792
          43     40.1535     41.1632    0.246067
          44     41.4063     41.1687    0.240473
          45     39.7467     41.1371    0.237183
          46     40.8287     41.1304    0.232066
          47     43.0714     41.1717      0.2308
          48     39.7139     41.1413    0.227972
          49     40.5664     41.1296     0.22358
          50     39.5958     41.0989      0.2212
          51     42.9922     41.1361    0.219974
          52     39.6493     41.1075    0.217589
          53     41.5202     41.1152    0.213586
          54     40.6648     41.1069     0.20976
          55     40.3464     41.0931    0.206374
          56      38.629     41.0491    0.207377
          57     38.9267     41.0118    0.207082
          58     42.9405     41.0451    0.206179
          59     42.9759     41.0778     0.20528
          60     38.7221     41.0386    0.205613
          61     42.4938     41.0624    0.203616
          62     37.5683     41.0061    0.208082
          63     39.5835     40.9835    0.205994
          64     36.3197     40.9106    0.215448
          65     39.9148     40.8953     0.21266
          66      41.131     40.8989    0.209443
          67     40.0566     40.8863    0.206676
          68      41.201     40.8909    0.203667
          69     40.9208     40.8914    0.200694
          70     44.3099     40.9402    0.203745
          71     40.0965     40.9283    0.201206
          72     41.2475     40.9327    0.198442
          73     38.7152     40.9024    0.198048
          74     41.3827     40.9089    0.195461
          75     40.6654     40.9056    0.192865
          76     39.2027     40.8832    0.191625
          77     40.9446      40.884    0.189121
          78     41.1314     40.8872    0.186708
          79     39.7761     40.8731    0.184865
          80     41.7945     40.8846    0.182903
          81     41.8762     40.8969    0.181045
          82     42.0712     40.9112    0.179396
          83     43.0548      40.937    0.179093
          84     40.5585     40.9325    0.177006
          85     40.3828      40.926     0.17503
          86     42.3181     40.9422    0.173739
          87     40.3267     40.9351    0.171876
          88     39.6871      40.921    0.170503
          89      41.157     40.9236    0.168597
          90     39.9045     40.9123    0.167097
          91     38.9978     40.8913    0.166584
          92     42.8354     40.9124    0.166113
          93     43.0615     40.9355    0.165935
          94     41.0168     40.9364    0.164162
          95     41.4151     40.9414    0.162503
          96     42.4683     40.9573    0.161586
          97     41.0214      40.958    0.159913
          98     40.9747     40.9581    0.158273
          99     40.8463      40.957     0.15667
         100     40.5411     40.9529    0.155151
