           1     1.50835     1.50835           0
           2     1.52407     1.51621   0.0078614
           3     1.51698     1.51647  0.00454608
           4     1.52278     1.51805  0.00358166
           5     1.53562     1.52156   0.0044777
           6     1.54174     1.52492  0.00496763
           7     1.53164     1.52588   0.0043066
           8     1.54076     1.52774  0.00416727
           9      1.5273     1.52769  0.00367551
          10     1.55212     1.53014   0.0040958
          11     1.53709     1.53077  0.00375831
          12     1.50541     1.52865  0.00402941
          13     1.56613     1.53154  0.00469567
          14     1.53362     1.53169  0.00434988
          15     1.52013     1.53092  0.00412211
          16     1.54267     1.53165  0.00392518
          17     1.55489     1.53302  0.00393226
          18      1.5066     1.53155  0.00398733
          19      1.5263     1.53127  0.00378173
          20     1.53972      1.5317  0.00361243
          21      1.5182     1.53105  0.00349567
          22      1.5367     1.53131  0.00334284
          23     1.52388     1.53099  0.00321048
          24     1.51199      1.5302  0.00317409
          25     1.52685     1.53006  0.00304743
          26     1.52042     1.52969  0.00295127
          27      1.5365     1.52994  0.00285102
          28     1.53363     1.53007  0.00275047
          29     1.52468     1.52989  0.00266044
          30     1.53293     1.52999  0.00257223
          31     1.54861     1.53059  0.00255937
          32     1.53794     1.53082  0.00248872
          33     1.53485     1.53094  0.00241522
          34     1.49857     1.52999  0.00252918
          35     1.54191     1.53033  0.00247937
          36     1.54678     1.53079  0.00245246
          37      1.5056     1.53011  0.00248049
          38      1.5078     1.52952  0.00248468
          39     1.52721     1.52946  0.00242085
          40     1.55634     1.53013   0.0024534
          41     1.48862     1.52912  0.00259825
          42     1.51919     1.52888  0.00254664
          43     1.52097      1.5287  0.00249351
          44     1.55946      1.5294  0.00253454
          45     1.50356     1.52882  0.00254322
          46     1.52181     1.52867  0.00249199
          47     1.52977      1.5287   0.0024385
          48     1.52619     1.52864  0.00238773
          49     1.53195     1.52871  0.00233947
          50     1.52173     1.52857  0.00229645
          51     1.53715     1.52874  0.00225725
          52     1.53097     1.52878  0.00221384
          53     1.52988      1.5288  0.00217176
          54     1.50928     1.52844  0.00216162
          55     1.54442     1.52873  0.00214174
          56     1.51678     1.52852  0.00211395
          57     1.53228     1.52858  0.00207759
          58     1.52416     1.52851  0.00204288
          59     1.53011     1.52854  0.00200814
          60     1.53316     1.52861  0.00197589
          61     1.51171     1.52834  0.00196288
          62     1.53662     1.52847  0.00193558
          63     1.51727     1.52829  0.00191289
          64     1.54272     1.52852  0.00189622
          65     1.52358     1.52844  0.00186836
          66     1.52269     1.52835   0.0018419
          67     1.53251     1.52842  0.00181526
          68     1.52219     1.52832  0.00179071
          69      1.5247     1.52827  0.00176535
          70     1.53537     1.52837   0.0017429
          71     1.52173     1.52828  0.00172072
          72     1.53187     1.52833  0.00169738
          73     1.51288     1.52812  0.00168729
          74     1.51726     1.52797  0.00167079
          75     1.53556     1.52807  0.00165146
          76     1.50598     1.52778   0.0016553
          77     1.52211     1.52771  0.00163532
          78     1.52295     1.52765  0.00161537
          79     1.51607      1.5275  0.00160152
          80      1.5618     1.52793  0.00163846
          81      1.5405     1.52808  0.00162553
          82     1.52443     1.52804  0.00160621
          83     1.52021     1.52795  0.00158953
          84     1.52043     1.52786  0.00157304
          85     1.54281     1.52803  0.00156435
          86     1.51057     1.52783  0.00155933
          87     1.52153     1.52776  0.00154301
          88     1.52267      1.5277  0.00152647
          89      1.5111     1.52751  0.00152069
          90     1.52775     1.52751   0.0015037
          91     1.55045     1.52777   0.0015083
          92     1.52683     1.52776  0.00149185
          93     1.54261     1.52792  0.00148434
          94     1.52786     1.52792  0.00146846
          95     1.51145     1.52774  0.00146322
          96     1.52579     1.52772  0.00144804
          97     1.53759     1.52782  0.00143665
          98     1.52326     1.52778  0.00142268
          99     1.56555     1.52816    0.001459
         100     1.51436     1.52802   0.0014509
