           1    0.444854    0.444854           0
           2    0.405195    0.425025   0.0198296
           3    0.373594    0.407881    0.020615
           4    0.396794    0.405109   0.0148382
           5    0.397809    0.403649    0.011586
           6    0.392597    0.401807  0.00963759
           7    0.386238    0.399583  0.00844348
           8     0.36367    0.395094  0.00858027
           9    0.451182    0.401326  0.00980297
          10    0.453767     0.40657   0.0102166
          11    0.403025    0.406248  0.00924691
          12    0.453614    0.410195  0.00931853
          13    0.373638    0.407383  0.00902127
          14    0.376587    0.405183  0.00863688
          15     0.37518    0.403183  0.00828556
          16    0.430993    0.404921  0.00794294
          17    0.356633    0.402081   0.0079835
          18    0.447082    0.404581  0.00793126
          19    0.404746    0.404589  0.00750223
          20    0.414242    0.405072  0.00713358
          21    0.387711    0.404245  0.00683557
          22     0.40413     0.40424  0.00651746
          23    0.376166    0.403019  0.00634614
          24    0.366097    0.401481  0.00626771
          25    0.390478    0.401041  0.00602787
          26    0.389118    0.400582  0.00580951
          27    0.359438    0.399058  0.00579419
          28    0.384842    0.398551  0.00560646
          29     0.37481    0.397732  0.00547127
          30    0.384361    0.397286  0.00530451
          31    0.377857     0.39666  0.00516868
          32    0.358714    0.395474  0.00514312
          33    0.378401    0.394956  0.00501161
          34    0.384942    0.394662  0.00487088
          35    0.405914    0.394983  0.00474058
          36    0.438202    0.396184  0.00476086
          37    0.379115    0.395723  0.00465333
          38    0.408465    0.396058  0.00454161
          39     0.38869    0.395869  0.00442766
          40    0.426576    0.396637   0.0043833
          41    0.415916    0.397107  0.00430083
          42    0.373286     0.39654  0.00423533
          43    0.395242     0.39651  0.00413577
          44    0.372514    0.395964  0.00407732
          45    0.424804    0.396605  0.00403688
          46    0.411503    0.396929  0.00396141
          47    0.444836    0.397948  0.00400799
          48    0.432103     0.39866   0.0039876
          49    0.367735    0.398029  0.00395604
          50     0.39893    0.398047  0.00387615
