           1     2.21113     2.21113           0
           2     2.24296     2.22704   0.0159136
           3     2.18431      2.2128   0.0169512
           4     2.18056     2.20474   0.0144443
           5      2.2314     2.21007   0.0123946
           6     2.21373     2.21068   0.0101385
           7     2.21526     2.21133  0.00859354
           8     2.23061     2.21374  0.00782264
           9     2.24375     2.21708  0.00766217
          10     2.26875     2.22224  0.00858275
          11     2.22085     2.22212  0.00776442
          12     2.20064     2.22033  0.00731041
          13      2.2369      2.2216  0.00684437
          14     2.21104     2.22085  0.00638142
          15       2.213     2.22033  0.00596379
          16      2.2012     2.21913  0.00570518
          17     2.25688     2.22135  0.00580097
          18     2.16034     2.21796   0.0064343
          19     2.20202     2.21712  0.00614382
          20     2.22487     2.21751   0.0058414
          21     2.22533     2.21788  0.00556876
          22     2.21785     2.21788   0.0053096
          23     2.23298     2.21854  0.00511582
          24     2.22956       2.219   0.0049195
          25     2.20127     2.21829  0.00477157
          26     2.19481     2.21738  0.00467248
          27     2.23938      2.2182  0.00456932
          28     2.23848     2.21892  0.00446229
          29     2.21674     2.21885  0.00430633
          30     2.23349     2.21934  0.00418882
          31     2.26123     2.22069  0.00427093
          32     2.25519     2.22177  0.00427357
          33     2.21537     2.22157  0.00414657
          34     2.18632     2.22054  0.00415421
          35     2.25733     2.22159   0.0041685
          36     2.23289      2.2219  0.00406321
          37     2.19789     2.22125  0.00400479
          38      2.1903     2.22044  0.00398216
          39     2.21166     2.22021  0.00388523
          40     2.25385     2.22105  0.00387911
          41     2.18946     2.22028    0.003861
          42     2.19967     2.21979  0.00379979
          43     2.19381     2.21919  0.00375923
          44     2.24241     2.21972  0.00371053
          45     2.21007      2.2195  0.00363347
          46     2.20098      2.2191  0.00357634
          47     2.23447     2.21943  0.00351467
          48     2.22631     2.21957  0.00344365
          49     2.23382     2.21986  0.00338515
          50     2.20139     2.21949  0.00333727
          51     2.25078      2.2201  0.00332822
          52     2.22804     2.22026  0.00326716
          53     2.20913     2.22005  0.00321179
          54     2.19779     2.21963  0.00317859
          55     2.21991     2.21964  0.00312027
          56      2.1993     2.21928   0.0030855
          57     2.19925     2.21893  0.00305117
          58     2.20747     2.21873  0.00300461
          59     2.24166     2.21912   0.0029787
          60     2.22107     2.21915  0.00292882
          61     2.19116     2.21869  0.00291672
          62     2.22387     2.21877   0.0028705
          63      2.2086     2.21861  0.00282918
          64     2.23732      2.2189  0.00279992
          65     2.20595      2.2187   0.0027637
          66     2.19697     2.21838  0.00274135
          67     2.26121     2.21902  0.00277479
          68     2.18539     2.21852  0.00277805
          69     2.20157     2.21827  0.00274849
          70     2.24876     2.21871  0.00274374
          71     2.21841     2.21871  0.00270482
          72      2.2339     2.21892  0.00267533
          73     2.22657     2.21902  0.00264051
          74     2.19714     2.21873  0.00262132
          75      2.2228     2.21878   0.0025867
          76     2.20321     2.21858  0.00256064
          77     2.18908     2.21819  0.00255604
          78     2.23227     2.21837  0.00252951
          79     2.19168     2.21804  0.00252003
          80     2.24973     2.21843  0.00251967
          81     2.24421     2.21875  0.00250863
          82     2.21992     2.21876  0.00247789
          83     2.20395     2.21859  0.00245435
          84     2.22904     2.21871  0.00242814
          85     2.19861     2.21847  0.00241103
          86     2.23097     2.21862  0.00238726
          87     2.20292     2.21844  0.00236655
          88     2.21574     2.21841  0.00233971
          89     2.21539     2.21837  0.00231352
          90      2.2425     2.21864  0.00230332
          91     2.23456     2.21882  0.00228458
          92     2.24595     2.21911  0.00227878
          93      2.2349     2.21928  0.00226053
          94     2.20944     2.21918   0.0022388
          95     2.22156      2.2192  0.00221525
          96     2.23236     2.21934  0.00219634
          97     2.22083     2.21935  0.00217363
          98     2.18366     2.21899  0.00218195
          99     2.28182     2.21962   0.0022511
         100     2.20247     2.21945  0.00223507
