           1   -0.813989   -0.813989           0
           2   -0.814576   -0.814282   0.0002936
           3   -0.814715   -0.814427  0.00022259
           4   -0.814336   -0.814404 0.000159019
           5   -0.816626   -0.814848 0.000461078
           6   -0.816726   -0.815161 0.000489597
           7   -0.817629   -0.815514 0.000543573
           8    -0.81257   -0.815146 0.000597535
           9   -0.816136   -0.815256 0.000538339
          10   -0.814248   -0.815155 0.000491939
          11   -0.814702   -0.815114 0.000446875
          12   -0.815243   -0.815125 0.000408081
          13    -0.81805    -0.81535 0.000437645
          14   -0.814627   -0.815298 0.000408453
          15    -0.81651   -0.815379 0.000388744
          16   -0.814587   -0.815329 0.000366988
          17   -0.816301   -0.815387 0.000349429
          18   -0.813102    -0.81526 0.000353039
          19   -0.814883    -0.81524 0.000334528
          20   -0.817203   -0.815338 0.000332198
          21   -0.816837   -0.815409 0.000323943
          22    -0.81473   -0.815378 0.000310409
          23   -0.816058   -0.815408 0.000298073
          24   -0.816491   -0.815453  0.00028893
          25   -0.814659   -0.815421 0.000278945
          26   -0.815168   -0.815412 0.000268179
          27   -0.814299    -0.81537 0.000261324
          28   -0.817184   -0.815435 0.000260014
          29   -0.815078   -0.815423  0.00025119
          30   -0.813214   -0.815349 0.000253593
          31   -0.815118   -0.815342 0.000245389
          32   -0.816102   -0.815366 0.000238783
          33   -0.815693   -0.815376 0.000231646
          34   -0.817581    -0.81544 0.000233903
          35   -0.817333   -0.815494 0.000233469
          36   -0.817354   -0.815546 0.000232694
          37   -0.815624   -0.815548 0.000226327
          38   -0.816416   -0.815571 0.000221471
          39   -0.813854   -0.815527 0.000220163
          40   -0.816085   -0.815541 0.000215041
          41   -0.815387   -0.815537 0.000209764
          42    -0.81304   -0.815478 0.000213168
          43   -0.814138   -0.815447 0.000210472
          44   -0.814381   -0.815422 0.000207055
          45   -0.813757   -0.815385 0.000205758
          46   -0.815954   -0.815398 0.000201614
          47   -0.813586   -0.815359  0.00020101
          48   -0.814915    -0.81535 0.000196995
          49   -0.817154   -0.815387 0.000196413
          50    -0.81291   -0.815337 0.000198715
