           1     0.03537     0.03537           0
           2   0.0349516   0.0351608   0.0002092
           3   0.0330672   0.0344629 0.000708242
           4   0.0344512     0.03446 0.000500811
           5   0.0306016   0.0336883   0.0008637
           6   0.0308236   0.0332109 0.000851634
           7   0.0295656   0.0326901 0.000888392
           8   0.0331164   0.0327434 0.000771213
           9   0.0345172   0.0329405 0.000708126
          10   0.0354496   0.0331914 0.000681256
          11    0.030796   0.0329736 0.000653565
          12   0.0319252   0.0328863 0.000602984
          13   0.0333312   0.0329205  0.00055572
          14   0.0286044   0.0326122 0.000599792
          15   0.0336292     0.03268 0.000562477
          16   0.0358724   0.0328795 0.000562711
          17   0.0287864   0.0326388 0.000580829
          18   0.0333748   0.0326796 0.000549136
          19   0.0372928   0.0329224 0.000573375
          20   0.0318912   0.0328709 0.000546389
          21   0.0340836   0.0329286 0.000522918
          22   0.0329816    0.032931 0.000498589
          23   0.0354644   0.0330412 0.000488985
          24   0.0334476   0.0330581 0.000468474
          25   0.0316436   0.0330015 0.000452893
          26   0.0331272   0.0330064 0.000435152
          27   0.0360168   0.0331179 0.000433316
          28   0.0343716   0.0331626 0.000419947
          29   0.0302464   0.0330621 0.000417499
          30   0.0366388   0.0331813 0.000420594
          31   0.0311432   0.0331156 0.000412079
          32   0.0323052   0.0330902 0.000399797
          33   0.0345704   0.0331351  0.00039008
          34   0.0313476   0.0330825 0.000382067
          35   0.0305144   0.0330091 0.000378177
          36   0.0344304   0.0330486 0.000369636
          37    0.033526   0.0330615 0.000359739
          38   0.0368956   0.0331624 0.000364391
          39   0.0352988   0.0332172 0.000359127
          40   0.0360144   0.0332871 0.000356951
          41   0.0329964     0.03328 0.000348208
          42    0.030614   0.0332166 0.000345694
          43     0.03447   0.0332457 0.000338815
          44    0.034356   0.0332709 0.000331986
          45   0.0348188   0.0333053 0.000326342
          46   0.0337816   0.0333157 0.000319337
          47     0.03714   0.0333971 0.000322889
          48    0.034818   0.0334267 0.000317474
          49    0.034146   0.0334413 0.000311274
          50   0.0329144   0.0334308 0.000305167
          51   0.0321984   0.0334066 0.000300098
          52   0.0298432   0.0333381 0.000302144
          53   0.0335676   0.0333424  0.00029642
          54   0.0356796   0.0333857 0.000294081
          55   0.0363172    0.033439 0.000293564
          56   0.0375312   0.0335121 0.000297392
          57   0.0343664   0.0335271 0.000292512
          58   0.0331036   0.0335198 0.000287517
          59   0.0367712   0.0335749 0.000287925
          60    0.035992   0.0336152 0.000285938
          61    0.033846    0.033619 0.000281236
          62   0.0309584   0.0335761 0.000279971
          63   0.0301708    0.033522 0.000280744
          64   0.0352168   0.0335485 0.000277589
          65    0.030376   0.0334997 0.000277609
          66     0.03334   0.0334973 0.000273381
          67   0.0306688    0.033455 0.000272559
          68   0.0333468   0.0334534 0.000268525
          69   0.0345196   0.0334689 0.000265056
          70   0.0335752   0.0334704 0.000261246
          71   0.0271332   0.0333812 0.000272569
          72    0.033192   0.0333785  0.00026877
          73   0.0364312   0.0334204 0.000268341
          74   0.0329036   0.0334134 0.000264782
          75   0.0285696   0.0333488 0.000269092
          76   0.0339004    0.033356 0.000265627
          77   0.0360736   0.0333913  0.00026452
          78     0.02939     0.03334 0.000266098
          79   0.0317936   0.0333205 0.000263437
          80   0.0358148   0.0333516 0.000261985
          81   0.0290076    0.033298  0.00026423
          82   0.0289948   0.0332455 0.000266212
          83   0.0340808   0.0332556 0.000263177
          84   0.0327424   0.0332495 0.000260097
          85   0.0284136   0.0331926  0.00026324
          86   0.0348464   0.0332118 0.000260871
          87   0.0372428   0.0332582 0.000261985
          88   0.0293888   0.0332142 0.000262697
          89   0.0318344   0.0331987  0.00026019
          90   0.0299504   0.0331626 0.000259802
          91    0.032902   0.0331597 0.000256947
          92    0.031008   0.0331363 0.000255213
          93   0.0317124    0.033121 0.000252918
          94   0.0337064   0.0331273  0.00025029
          95   0.0320096   0.0331155 0.000247921
          96   0.0357664   0.0331431 0.000246874
          97   0.0334596   0.0331464 0.000244337
          98   0.0315708   0.0331303 0.000242365
          99   0.0333796   0.0331328 0.000239918
         100   0.0314016   0.0331155 0.000238137
