           1   -0.626381   -0.626381           0
           2   -0.625002   -0.625691   0.0006896
           3   -0.625444   -0.625609 0.000406578
           4    -0.62547   -0.625574 0.000289593
           5   -0.625968   -0.625653 0.000237756
           6     -0.6258   -0.625677 0.000195671
           7   -0.624598   -0.625523 0.000226064
           8   -0.626373   -0.625629 0.000222727
           9   -0.624959   -0.625555 0.000210068
          10   -0.625951   -0.625595 0.000192024
          11   -0.626234   -0.625653 0.000183173
          12    -0.62643   -0.625717 0.000179308
          13   -0.625813   -0.625725 0.000165103
          14   -0.625202   -0.625687 0.000157358
          15   -0.624597   -0.625615 0.000163543
          16   -0.626082   -0.625644 0.000155748
          17   -0.626027   -0.625666 0.000148027
          18   -0.624873   -0.625622 0.000146361
          19   -0.624584   -0.625568 0.000148841
          20   -0.625712   -0.625575 0.000141387
          21   -0.624657   -0.625531 0.000141414
          22   -0.624697   -0.625493 0.000140066
          23   -0.625091   -0.625476 0.000134975
          24   -0.625395   -0.625472 0.000129273
          25   -0.624955   -0.625452 0.000125708
          26   -0.625038   -0.625436 0.000121819
          27   -0.626238   -0.625466 0.000120922
          28   -0.625252   -0.625458 0.000116773
          29   -0.624814   -0.625436 0.000114844
          30   -0.625454   -0.625436 0.000110952
          31   -0.625184   -0.625428 0.000107621
          32   -0.625021   -0.625415 0.000104979
          33     -0.6255   -0.625418  0.00010178
          34   -0.624609   -0.625394 0.000101569
          35   -0.625279   -0.625391 9.86791e-05
          36   -0.625034   -0.625381 9.64089e-05
          37   -0.625433   -0.625382 9.37775e-05
          38   -0.625307    -0.62538 9.12977e-05
          39   -0.626794   -0.625417 9.60249e-05
          40   -0.624736     -0.6254 9.51279e-05
          41   -0.625678   -0.625406 9.30261e-05
          42   -0.625666   -0.625413 9.09949e-05
          43   -0.625464   -0.625414 8.88616e-05
          44   -0.625317   -0.625412 8.68465e-05
          45   -0.624328   -0.625388 8.82438e-05
          46   -0.625716   -0.625395  8.6599e-05
          47   -0.626013   -0.625408  8.5751e-05
          48   -0.625792   -0.625416 8.43262e-05
          49   -0.625412   -0.625416 8.25873e-05
          50   -0.625136    -0.62541 8.11119e-05
          51   -0.624694   -0.625396 8.07348e-05
          52   -0.625458   -0.625397  7.9176e-05
          53   -0.626408   -0.625416 7.99745e-05
          54    -0.62602   -0.625428 7.92716e-05
          55   -0.625346   -0.625426 7.78309e-05
          56   -0.625366   -0.625425 7.64359e-05
          57   -0.625606   -0.625428 7.51497e-05
          58   -0.627006   -0.625455 7.86966e-05
          59   -0.625694   -0.625459 7.74572e-05
          60   -0.625864   -0.625466 7.64532e-05
          61   -0.626814   -0.625488 7.83705e-05
          62   -0.625553   -0.625489 7.71031e-05
          63   -0.626214   -0.625501 7.67354e-05
          64   -0.624933   -0.625492 7.60466e-05
          65   -0.625861   -0.625498 7.50823e-05
          66   -0.624258   -0.625479 7.62828e-05
          67   -0.626511   -0.625494 7.66992e-05
          68   -0.625305   -0.625491 7.56142e-05
          69   -0.624826   -0.625482 7.51327e-05
          70   -0.625339    -0.62548 7.40796e-05
          71   -0.625032   -0.625473 7.33006e-05
          72   -0.626458   -0.625487 7.35585e-05
          73   -0.624989    -0.62548 7.28644e-05
          74   -0.625988   -0.625487 7.21997e-05
          75    -0.62582   -0.625492 7.13686e-05
          76   -0.627306   -0.625516  7.4358e-05
          77   -0.625819   -0.625519 7.34919e-05
          78   -0.625072   -0.625514   7.277e-05
          79   -0.624786   -0.625505 7.24305e-05
          80   -0.625633   -0.625506 7.15373e-05
          81   -0.626282   -0.625516 7.12944e-05
          82   -0.625254   -0.625512 7.04921e-05
          83   -0.625713   -0.625515 6.96794e-05
          84   -0.627303   -0.625536 7.20614e-05
          85   -0.625304   -0.625533  7.1261e-05
          86   -0.624862   -0.625526 7.08595e-05
          87   -0.626166   -0.625533 7.04255e-05
          88   -0.625181   -0.625529 6.97355e-05
          89   -0.625824   -0.625532 6.90271e-05
          90   -0.625702   -0.625534 6.82818e-05
          91   -0.625135    -0.62553 6.76695e-05
          92   -0.625343   -0.625528 6.69606e-05
          93   -0.625622   -0.625529 6.62445e-05
          94   -0.625152   -0.625525 6.56585e-05
          95   -0.625683   -0.625526  6.4985e-05
          96   -0.625739   -0.625529 6.43427e-05
          97   -0.625715   -0.625531  6.3705e-05
          98   -0.625956   -0.625535 6.32008e-05
          99   -0.626662   -0.625546 6.35873e-05
         100    -0.62501   -0.625541  6.3176e-05
