           1   0.0455312   0.0455312           0
           2    0.037248   0.0413896   0.0041416
           3   0.0365576   0.0397789  0.00288303
           4   0.0401616   0.0398746  0.00204085
           5   0.0380928   0.0395182  0.00162051
           6    0.038952   0.0394239   0.0013265
           7   0.0430784   0.0399459   0.0012367
           8   0.0361096   0.0394664  0.00117347
           9   0.0313568   0.0385653   0.0013722
          10   0.0394888   0.0386577  0.00123081
          11   0.0324984   0.0380977  0.00124618
          12   0.0362016   0.0379397  0.00114853
          13   0.0350656   0.0377186  0.00107938
          14   0.0341352   0.0374627  0.00103157
          15   0.0353056   0.0373189 0.000971045
          16   0.0432376   0.0376888 0.000980767
          17   0.0349056   0.0375251 0.000935704
          18    0.044456   0.0379101 0.000962561
          19   0.0434016   0.0381992 0.000955264
          20   0.0396176   0.0382701 0.000909014
          21   0.0364736   0.0381845 0.000868867
          22   0.0347552   0.0380287 0.000842969
          23   0.0335448   0.0378337 0.000828741
          24    0.039792   0.0379153 0.000797644
          25   0.0394136   0.0379752 0.000767417
          26   0.0356144   0.0378844  0.00074288
          27   0.0358016   0.0378073 0.000718987
          28   0.0298672   0.0375237 0.000748621
          29   0.0353712   0.0374495 0.000726148
          30   0.0396328   0.0375223 0.000705291
          31   0.0386192   0.0375577 0.000683077
          32   0.0448952    0.037787 0.000700007
          33   0.0351008   0.0377056 0.000683329
          34    0.028528   0.0374356 0.000715774
          35   0.0330056   0.0373091 0.000706454
          36   0.0364784    0.037286 0.000686937
          37   0.0444272    0.037479 0.000695433
          38    0.039016   0.0375194 0.000678092
          39   0.0395936   0.0375726 0.000662614
          40    0.034536   0.0374967 0.000650283
          41   0.0382272   0.0375145 0.000634474
          42   0.0412376   0.0376032 0.000625497
          43   0.0379984   0.0376124 0.000610846
          44   0.0356368   0.0375675 0.000598488
          45   0.0376648   0.0375696 0.000585041
          46    0.039448   0.0376105 0.000573637
          47   0.0433736   0.0377331 0.000574537
          48   0.0342264     0.03766 0.000567165
          49   0.0344456   0.0375944  0.00055933
          50   0.0375576   0.0375937 0.000548029
