           1     1.73754     1.73754           0
           2     1.71469     1.72611   0.0114213
           3     1.73885     1.73036  0.00784291
           4     1.72662     1.72942  0.00562419
           5     1.70445     1.72443  0.00662736
           6     1.70773     1.72165  0.00608526
           7     1.73541     1.72361  0.00550589
           8     1.71449     1.72247  0.00490274
           9     1.75247      1.7258  0.00545947
          10     1.72394     1.72562  0.00488667
          11     1.77109     1.72975  0.00605225
          12     1.71606     1.72861  0.00564156
          13     1.70471     1.72677  0.00550546
          14     1.75744     1.72896  0.00554793
          15     1.75365     1.73061  0.00542062
          16      1.7496      1.7318  0.00520757
          17     1.74625     1.73265  0.00496502
          18     1.73984     1.73305   0.0046981
          19     1.78391     1.73572   0.0051881
          20     1.77346     1.73761  0.00527108
          21     1.73874     1.73766  0.00501408
          22     1.75907     1.73864  0.00487876
          23     1.74699       1.739  0.00467596
          24     1.69176     1.73703  0.00489052
          25     1.76695     1.73823  0.00484106
          26     1.77954     1.73982  0.00491511
          27     1.74072     1.73985  0.00472968
          28     1.72774     1.73942   0.0045781
          29     1.75067     1.73981  0.00443441
          30     1.70078      1.7385  0.00447724
          31      1.7432     1.73866  0.00433305
          32     1.75202     1.73907  0.00421619
          33      1.7937     1.74073  0.00440898
          34     1.74728     1.74092  0.00428167
          35     1.69466      1.7396  0.00436261
          36     1.71289     1.73886  0.00430412
          37     1.71334     1.73817  0.00424259
          38      1.7229     1.73777  0.00414894
          39     1.73043     1.73758  0.00404553
          40     1.75786     1.73809  0.00397555
          41     1.71077     1.73742  0.00393417
          42     1.75365     1.73781  0.00385876
          43      1.7608     1.73834   0.0038057
          44     1.70411     1.73756  0.00379874
          45     1.72786     1.73735  0.00371963
          46     1.76927     1.73804  0.00370346
          47     1.71486     1.73755   0.0036572
          48     1.73086     1.73741   0.0035829
          49     1.74901     1.73765    0.003517
          50     1.72401     1.73737  0.00345672
