           1     8.52271     8.52271           0
           2     8.21615     8.36943    0.153278
           3     8.55054      8.4298    0.107125
           4     8.59959     8.47225   0.0868309
           5     8.49675     8.47715   0.0674372
           6     8.39827       8.464   0.0566099
           7     8.72374     8.50111   0.0605465
           8     8.23353     8.46766   0.0621942
           9     8.54166     8.47588   0.0554629
          10     8.24885     8.45318   0.0545558
          11     8.96938     8.50011   0.0680984
          12     8.33477     8.48633   0.0636737
          13     9.02456     8.52773   0.0717268
          14     8.83286     8.54953   0.0698913
          15     8.75927     8.56351   0.0665509
          16     8.92674     8.58621   0.0662629
          17     8.88647     8.60387   0.0647007
          18     8.30216     8.58711   0.0632615
          19     8.20886      8.5672    0.063064
          20     8.72169     8.57493   0.0603244
          21     8.44964     8.56896   0.0576893
          22     8.32299     8.55778   0.0561294
          23     8.59604     8.55945   0.0536593
          24     8.66932     8.56402   0.0515784
          25      8.5598     8.56385   0.0494726
          26     8.47164     8.56031   0.0476639
          27     8.55865     8.56025   0.0458646
          28      8.5911     8.56135     0.04421
          29     8.80773     8.56984   0.0434961
          30     8.67685     8.57341   0.0421723
          31     8.65224     8.57595   0.0408684
          32     8.88406     8.58558   0.0407252
          33     8.79086      8.5918    0.039959
          34     8.82568     8.59868   0.0393715
          35     8.62355     8.59939   0.0382366
          36     8.52112     8.59722   0.0372229
          37     8.91695     8.60586   0.0372199
          38     9.47284     8.62867   0.0428129
          39     8.15156     8.61644   0.0434582
          40     8.88208     8.62308   0.0428752
          41     8.65467     8.62385   0.0418235
          42     8.75622       8.627   0.0409371
          43     8.34864     8.62053   0.0404945
          44     8.11612     8.60907   0.0411908
          45      8.5283     8.60727   0.0403051
          46     9.10926     8.61818   0.0409018
          47      8.4811     8.61527   0.0401282
          48     8.41684     8.61113   0.0395002
          49     8.69709     8.61289   0.0387254
          50     8.76943     8.61602    0.038072
