           1     4.02734     4.02734           0
           2     3.99683     4.01208    0.015255
           3     4.03913      4.0211   0.0126042
           4     3.92801     3.99783   0.0249212
           5     3.85294     3.96885   0.0348191
           6     3.95385     3.96635   0.0285394
           7     4.07629     3.98205    0.028783
           8     3.95647     3.97886   0.0251311
           9     4.04398     3.98609   0.0233149
          10     3.78172     3.96566   0.0291983
          11     4.06135     3.97436   0.0278067
          12     3.85751     3.96462   0.0271875
          13     4.02192     3.96903   0.0253944
          14     4.00914     3.97189   0.0236846
          15     3.95458     3.97074   0.0220793
          16     3.95651     3.96985   0.0206724
          17     3.97624     3.97022    0.019422
          18     3.99813     3.97177   0.0183768
          19      3.8758     3.96672   0.0181018
          20     4.06926     3.97185   0.0179218
          21     3.84732     3.96592    0.018049
          22     4.06367     3.97036   0.0177734
          23     4.01229     3.97219   0.0170806
          24     3.84911     3.96706   0.0171386
          25     3.92696     3.96545   0.0165168
          26      3.9564     3.96511   0.0158727
          27     3.88407      3.9621   0.0155656
          28     3.93061     3.96098   0.0150415
          29     4.02974     3.96335    0.014706
          30     3.94214     3.96264   0.0142249
          31     4.06391     3.96591   0.0141409
          32     3.94829     3.96536   0.0137029
          33     4.05336     3.96803   0.0135462
          34     3.87612     3.96532   0.0134169
          35     3.89088      3.9632   0.0132004
          36     3.85701     3.96025   0.0131632
          37     3.91694     3.95908   0.0128559
          38     3.90843     3.95774   0.0125838
          39     3.86116     3.95527   0.0125046
          40     4.07963     3.95838   0.0125783
          41      3.9545     3.95828    0.012268
          42     4.04679     3.96039   0.0121564
          43     3.91841     3.95941   0.0119104
          44     3.98823     3.96007    0.011655
          45     3.96294     3.96013   0.0113932
          46     4.09871     3.96314   0.0115428
          47     3.96268     3.96313   0.0112946
          48     3.86097     3.96101   0.0112598
          49     3.91425     3.96005   0.0110688
          50     3.86661     3.95818    0.011005
