           1    0.415832    0.415832           0
           2    0.391864    0.403848   0.0119839
           3    0.412415    0.406704  0.00748503
           4    0.405352    0.406366  0.00530349
           5    0.416428    0.408378  0.00457451
           6    0.423714    0.410934  0.00452593
           7     0.42301    0.412659  0.00419615
           8    0.396612    0.410653  0.00415084
           9    0.424027    0.412139  0.00395081
          10    0.394215    0.410347  0.00396231
          11    0.401865    0.409576  0.00366604
          12    0.390711    0.408004  0.00369747
          13      0.4066    0.407896   0.0034029
          14    0.396262    0.407065  0.00325823
          15     0.38223    0.405409  0.00345569
          16    0.415231    0.406023  0.00329027
          17    0.408202    0.406151  0.00309332
          18    0.410529    0.406394  0.00292654
          19    0.409594    0.406563  0.00277335
          20    0.417689    0.407119   0.0026892
          21    0.417906    0.407633    0.002609
          22    0.421963    0.408284  0.00257145
          23    0.419923     0.40879  0.00250868
          24    0.392586    0.408115  0.00249497
          25    0.416615    0.408455  0.00241712
          26    0.415186    0.408714  0.00233668
          27    0.413229    0.408881  0.00225468
          28     0.41062    0.408943  0.00217355
          29    0.420446     0.40934  0.00213444
          30    0.423925    0.409826   0.0021186
          31    0.394201    0.409322   0.0021102
          32    0.409604    0.409331  0.00204321
          33    0.414882    0.409499  0.00198746
          34    0.437476    0.410322  0.00209637
          35    0.410617     0.41033  0.00203561
          36    0.425509    0.410752  0.00202269
          37    0.380881    0.409945  0.00212647
          38    0.411107    0.409975  0.00206998
          39    0.391429      0.4095  0.00207153
          40    0.410015    0.409512  0.00201912
          41     0.44303     0.41033   0.0021322
          42    0.424232    0.410661  0.00210697
          43    0.409617    0.410637  0.00205753
          44    0.408666    0.410592  0.00201072
          45    0.417975    0.410756  0.00197237
          46    0.425698    0.411081  0.00195617
          47     0.41457    0.411155  0.00191554
          48    0.423455    0.411411  0.00189264
          49    0.412155    0.411426  0.00185367
          50    0.412877    0.411456  0.00181645
