           1   -0.708101   -0.708101           0
           2   -0.705218   -0.706659   0.0014416
           3   -0.705953   -0.706424 0.000864975
           4   -0.706841   -0.706528 0.000620453
           5   -0.706794   -0.706581 0.000483528
           6   -0.706503   -0.706568 0.000395012
           7   -0.705654   -0.706437   0.0003585
           8   -0.706095   -0.706395 0.000313404
           9   -0.706162   -0.706369 0.000277607
          10   -0.706433   -0.706375 0.000248382
          11   -0.707016   -0.706433   0.0002321
          12   -0.706064   -0.706403 0.000214102
          13   -0.705291   -0.706317 0.000214703
          14   -0.705674   -0.706271 0.000204022
          15   -0.705527   -0.706222 0.000196304
          16   -0.707082   -0.706275 0.000191331
          17   -0.706574   -0.706293 0.000180583
          18   -0.705583   -0.706254 0.000174761
          19   -0.706724   -0.706278 0.000167152
          20   -0.705978   -0.706263 0.000159282
          21   -0.704854   -0.706196 0.000165712
          22   -0.705534   -0.706166 0.000160838
          23   -0.705942   -0.706156 0.000153993
          24   -0.705484   -0.706128 0.000150075
          25   -0.705438   -0.706101 0.000146569
          26     -0.7045   -0.706039 0.000153689
          27   -0.706578   -0.706059 0.000149226
          28   -0.706097    -0.70606 0.000143804
          29   -0.705682   -0.706047 0.000139368
          30   -0.706272   -0.706055  0.00013485
          31   -0.705815   -0.706047 0.000130657
          32   -0.706605   -0.706065 0.000127702
          33    -0.70693   -0.706091 0.000126517
          34   -0.705817   -0.706083 0.000123004
          35   -0.705569   -0.706068 0.000120337
          36   -0.705213   -0.706044 0.000119335
          37   -0.705982   -0.706043 0.000116078
          38    -0.70565   -0.706032 0.000113452
          39   -0.706423   -0.706042 0.000110959
          40   -0.705553    -0.70603 0.000108839
          41   -0.706013    -0.70603 0.000106152
          42   -0.705694   -0.706022 0.000103901
          43   -0.705919   -0.706019 0.000101484
          44   -0.706199   -0.706023  9.9235e-05
          45   -0.704038   -0.705979 0.000106563
          46   -0.706097   -0.705982 0.000104252
          47   -0.706212   -0.705987 0.000102127
          48   -0.705626   -0.705979  0.00010026
          49   -0.706465   -0.705989  9.8691e-05
          50   -0.705526    -0.70598 9.71388e-05
          51   -0.706552   -0.705991 9.58737e-05
          52   -0.705803   -0.705987 9.40813e-05
          53   -0.706425   -0.705996 9.26573e-05
          54   -0.706198   -0.705999 9.10021e-05
          55   -0.705965   -0.705999 8.93344e-05
          56   -0.705574   -0.705991 8.80514e-05
          57   -0.707674   -0.706021 9.13946e-05
          58   -0.705639   -0.706014 9.00457e-05
          59   -0.706964    -0.70603 8.99585e-05
          60   -0.706456   -0.706037 8.87306e-05
          61    -0.70625   -0.706041 8.73332e-05
          62    -0.70547   -0.706032 8.64043e-05
          63   -0.704661    -0.70601 8.77621e-05
          64    -0.70635   -0.706015 8.65429e-05
          65   -0.706737   -0.706026 8.59212e-05
          66   -0.704967    -0.70601 8.61177e-05
          67   -0.707335    -0.70603 8.70973e-05
          68   -0.706951   -0.706044 8.68696e-05
          69   -0.704818   -0.706026 8.74236e-05
          70   -0.706214   -0.706029 8.62073e-05
          71   -0.706258   -0.706032 8.50457e-05
          72    -0.70639   -0.706037 8.40034e-05
          73   -0.706285    -0.70604 8.29143e-05
          74    -0.70695   -0.706052 8.27061e-05
          75   -0.706105   -0.706053 8.15989e-05
          76    -0.70731    -0.70607 8.21979e-05
          77    -0.70625   -0.706072  8.1157e-05
          78   -0.705269   -0.706062 8.07689e-05
          79   -0.705268   -0.706052 8.03703e-05
          80   -0.705186   -0.706041 8.00943e-05
          81   -0.707167   -0.706055 8.03124e-05
          82   -0.705759   -0.706051 7.94087e-05
          83   -0.705362   -0.706043 7.88848e-05
          84   -0.708069   -0.706067 8.15866e-05
          85   -0.705427   -0.706059 8.09716e-05
          86   -0.705593   -0.706054 8.02082e-05
          87   -0.706089   -0.706054 7.92819e-05
          88   -0.706492   -0.706059 7.85334e-05
          89   -0.706473   -0.706064 7.77849e-05
          90   -0.705651   -0.706059 7.70524e-05
          91    -0.70601   -0.706059 7.62028e-05
          92   -0.705264    -0.70605 7.58636e-05
          93   -0.706656   -0.706057 7.53256e-05
          94   -0.706702   -0.706064 7.48358e-05
          95    -0.70636   -0.706067 7.41096e-05
          96   -0.707058   -0.706077 7.40564e-05
          97   -0.706578   -0.706082 7.34709e-05
          98   -0.705682   -0.706078 7.28322e-05
          99    -0.70684   -0.706086 7.25023e-05
         100    -0.70451    -0.70607 7.34823e-05
