           1     2.77308     2.77308           0
           2     2.82556     2.79932   0.0262394
           3     2.75202     2.78355   0.0218653
           4     2.75867     2.77733   0.0166657
           5     2.76262     2.77439   0.0132403
           6     2.76126      2.7722   0.0110299
           7     2.76462     2.77112  0.00938466
           8     2.81164     2.77618  0.00957643
           9     2.84387      2.7837   0.0113085
          10     2.82713     2.78805   0.0110073
          11     2.79275     2.78847  0.00996569
          12     2.78385     2.78809  0.00910554
          13     2.82022     2.79056  0.00873303
          14     2.77976     2.78979  0.00812192
          15     2.76732     2.78829  0.00770799
          16     2.81863     2.79019  0.00745531
          17     2.80181     2.79087  0.00703631
          18     2.75283     2.78876  0.00696244
          19     2.77238      2.7879  0.00664195
          20     2.78821     2.78791  0.00630113
          21     2.79649     2.78832  0.00600749
          22     2.79427     2.78859  0.00573429
          23     2.83161     2.79046  0.00578979
          24     2.81617     2.79153  0.00564585
          25     2.76475     2.79046  0.00552025
          26     2.76185     2.78936  0.00541662
          27     2.82414     2.79065  0.00536894
          28     2.81019     2.79135  0.00522049
          29      2.8083     2.79193  0.00507107
          30     2.83001      2.7932  0.00506089
          31     2.82041     2.79408  0.00497296
          32     2.83983     2.79551  0.00502284
          33     2.79437     2.79547  0.00486837
          34     2.76455     2.79456  0.00480978
          35     2.81933     2.79527  0.00472363
          36     2.79147     2.79517  0.00459176
          37      2.7367     2.79359  0.00473721
          38     2.70206     2.79118  0.00520199
          39     2.76625     2.79054  0.00510702
          40     2.85992     2.79227  0.00527126
          41     2.76811     2.79168  0.00517474
          42     2.79942     2.79187  0.00505339
          43     2.75117     2.79092   0.0050244
          44     2.81732     2.79152   0.0049454
          45     2.81866     2.79212  0.00487173
          46     2.74796     2.79116   0.0048604
          47     2.84956     2.79241  0.00491548
          48     2.83394     2.79327  0.00488916
          49     2.79262     2.79326  0.00478836
          50     2.76109     2.79262  0.00473551
          51     2.80368     2.79283   0.0046468
          52     2.80795     2.79312  0.00456583
          53     2.76221     2.79254  0.00451666
          54     2.77827     2.79228  0.00444011
          55     2.76443     2.79177  0.00438793
          56     2.76939     2.79137  0.00432736
          57     2.80139     2.79155   0.0042544
          58     2.76246     2.79104  0.00421037
          59     2.81182      2.7914  0.00415336
          60      2.8297     2.79203  0.00413314
          61     2.75898     2.79149  0.00410078
          62      2.7797      2.7913  0.00403858
          63     2.80528     2.79152  0.00398014
          64     2.80504     2.79174  0.00392315
          65     2.78732     2.79167  0.00386292
          66     2.79625     2.79174  0.00380457
          67     2.85478     2.79268  0.00386367
          68      2.7517     2.79208  0.00385384
          69     2.75768     2.79158  0.00383015
          70     2.80963     2.79183  0.00378384
          71      2.8396     2.79251  0.00379034
          72     2.82003     2.79289  0.00375682
          73     2.78376     2.79276  0.00370711
          74     2.79582     2.79281   0.0036569
          75     2.83172     2.79332  0.00364493
          76     2.83657     2.79389  0.00364139
          77     2.79082     2.79385  0.00359401
          78     2.80216     2.79396  0.00354923
          79     2.76043     2.79354  0.00352963
          80     2.82591     2.79394  0.00350865
          81     2.83199     2.79441  0.00349676
          82     2.83394     2.79489  0.00348733
          83     2.76507     2.79453  0.00346375
          84      2.7766     2.79432  0.00342892
          85     2.73986     2.79368  0.00344837
          86     2.81902     2.79397  0.00342075
          87      2.7879      2.7939  0.00338192
          88     2.76159     2.79354  0.00336337
          89     2.82367     2.79388  0.00334256
          90     2.80328     2.79398  0.00330686
          91     2.77177     2.79374  0.00327941
          92     2.85143     2.79436  0.00330363
          93     2.83064     2.79475  0.00329111
          94     2.77701     2.79456  0.00326138
          95       2.806     2.79468  0.00322911
          96     2.81669     2.79491  0.00320351
          97     2.78277     2.79479  0.00317278
          98     2.75353     2.79437  0.00316834
          99     2.84526     2.79488  0.00317803
         100     2.79075     2.79484  0.00314636
