           1   -0.558523   -0.558523           0
           2   -0.557623   -0.558073     0.00045
           3   -0.557604   -0.557917 0.000303251
           4   -0.557847   -0.557899 0.000215135
           5   -0.559174   -0.558154 0.000304489
           6   -0.558102   -0.558145 0.000248769
           7   -0.557348   -0.558032 0.000239129
           8   -0.558207   -0.558053 0.000208253
           9    -0.55772   -0.558016 0.000187363
          10    -0.55883   -0.558098 0.000186304
          11   -0.558451    -0.55813 0.000171552
          12   -0.558187   -0.558135 0.000156678
          13   -0.558803   -0.558186 0.000153021
          14   -0.557991   -0.558172 0.000142353
          15    -0.55639   -0.558053 0.000177969
          16   -0.558154    -0.55806 0.000166593
          17   -0.557838   -0.558047 0.000157027
          18   -0.558037   -0.558046 0.000148048
          19   -0.558485   -0.558069 0.000141929
          20    -0.55927   -0.558129 0.000147434
          21   -0.557868   -0.558117 0.000140788
          22   -0.558022   -0.558113 0.000134306
          23   -0.558577   -0.558133 0.000129912
          24   -0.557954   -0.558125 0.000124605
          25    -0.55737   -0.558095 0.000123271
          26    -0.55729   -0.558064 0.000122412
          27   -0.558819   -0.558092 0.000121066
          28    -0.55759   -0.558074 0.000118034
          29   -0.558224   -0.558079 0.000114008
          30   -0.558863   -0.558105   0.0001132
          31   -0.558446   -0.558116 0.000110038
          32   -0.557743   -0.558105 0.000107181
          33   -0.557952     -0.5581 0.000103985
          34   -0.557487   -0.558082 0.000102478
          35   -0.557621   -0.558069 0.000100376
          36   -0.557584   -0.558055 9.84738e-05
          37    -0.55751   -0.558041 9.69049e-05
          38   -0.557477   -0.558026 9.54805e-05
          39   -0.559199   -0.558056 9.77454e-05
          40   -0.557939   -0.558053 9.53152e-05
          41   -0.557888   -0.558049 9.30484e-05
          42   -0.557668    -0.55804 9.12579e-05
          43   -0.558135   -0.558042 8.91379e-05
          44   -0.557358   -0.558027 8.84672e-05
          45   -0.557881   -0.558023 8.65396e-05
          46   -0.558826   -0.558041 8.64191e-05
          47   -0.558054   -0.558041 8.45609e-05
          48   -0.558277   -0.558046  8.2926e-05
          49   -0.558518   -0.558056 8.17862e-05
          50   -0.557564   -0.558046 8.07348e-05
          51   -0.557646   -0.558038  7.9524e-05
          52   -0.558015   -0.558038 7.79809e-05
          53   -0.558322   -0.558043  7.6683e-05
          54   -0.558308   -0.558048 7.54096e-05
          55   -0.558726    -0.55806 7.50447e-05
          56   -0.557767   -0.558055 7.38778e-05
          57   -0.558025   -0.558054  7.2572e-05
          58   -0.557936   -0.558052  7.1339e-05
          59   -0.557959   -0.558051 7.01372e-05
          60    -0.55791   -0.558048  6.8998e-05
          61   -0.559048   -0.558065 6.98081e-05
          62    -0.55891   -0.558078 7.00117e-05
          63   -0.558729   -0.558089 6.96607e-05
          64    -0.55749   -0.558079 6.91981e-05
          65   -0.558324   -0.558083  6.8229e-05
          66   -0.557766   -0.558078 6.73585e-05
          67   -0.559667   -0.558102 7.04564e-05
          68   -0.557353   -0.558091 7.02816e-05
          69   -0.557617   -0.558084 6.95957e-05
          70    -0.55807   -0.558084 6.85946e-05
          71    -0.55761   -0.558077 6.79508e-05
          72   -0.558406   -0.558082 6.71562e-05
          73   -0.557922    -0.55808 6.62662e-05
          74   -0.558579   -0.558086 6.57122e-05
          75   -0.558368    -0.55809 6.49388e-05
          76   -0.558389   -0.558094  6.4199e-05
          77   -0.557414   -0.558085 6.39717e-05
          78   -0.558147   -0.558086 6.31512e-05
          79   -0.556739   -0.558069 6.46357e-05
          80   -0.558695   -0.558077 6.43008e-05
          81   -0.558354    -0.55808 6.35944e-05
          82   -0.557482   -0.558073 6.32358e-05
          83   -0.558274   -0.558075 6.25164e-05
          84   -0.559359   -0.558091 6.36304e-05
          85   -0.558364   -0.558094 6.29595e-05
          86   -0.558002   -0.558093 6.22322e-05
          87   -0.558243   -0.558095  6.1537e-05
          88   -0.558241   -0.558096 6.08564e-05
          89   -0.557995   -0.558095 6.01795e-05
          90   -0.558058   -0.558095 5.95085e-05
          91   -0.557609   -0.558089 5.90926e-05
          92   -0.557559   -0.558084 5.87302e-05
          93   -0.558514   -0.558088 5.82796e-05
          94   -0.558561   -0.558093 5.78751e-05
          95   -0.558634   -0.558099 5.75444e-05
          96   -0.558282   -0.558101 5.69739e-05
          97   -0.558076   -0.558101 5.63841e-05
          98   -0.558333   -0.558103 5.58561e-05
          99   -0.559247   -0.558115 5.64842e-05
         100   -0.557462   -0.558108 5.62964e-05
