           1     5.80886     5.80886           0
           2     5.62874      5.7188   0.0900596
           3     5.55341     5.66367   0.0757817
           4     5.39156     5.59564   0.0865977
           5     5.50396     5.57731   0.0695391
           6     5.43937     5.55432   0.0612557
           7     5.68053     5.57235   0.0548203
           8     5.59961     5.57576    0.047598
           9     5.69406      5.5889   0.0439875
          10     5.27098     5.55711   0.0505832
          11     5.66326     5.56676   0.0467608
          12     5.53299     5.56394   0.0427792
          13      5.6298     5.56901   0.0396758
          14     5.69776     5.57821   0.0378663
          15     5.56411     5.57727   0.0352642
          16     5.61405     5.57957   0.0330666
          17       5.937     5.60059    0.037508
          18     5.57441     5.59914   0.0353928
          19     5.47706     5.59271   0.0340892
          20     5.77468     5.60181   0.0335954
          21     5.54183     5.59895    0.032083
          22     5.61333     5.59961   0.0305969
          23     5.42574     5.59205   0.0301979
          24     5.46734     5.58685   0.0293754
          25      5.5012     5.58343   0.0283835
          26     5.60976     5.58444   0.0272888
          27     5.57853     5.58422   0.0262596
          28      5.6268     5.58574     0.02535
          29      5.7348     5.59088   0.0249945
          30      5.6057     5.59138    0.024152
          31     5.78683     5.59768   0.0241958
          32     5.59566     5.59762   0.0234276
          33     5.61091     5.59802   0.0227102
          34     5.55077     5.59663   0.0220759
          35     5.68665      5.5992   0.0215896
          36     5.44958     5.59505    0.021389
          37     5.40569     5.58993   0.0214231
          38     5.54952     5.58886   0.0208789
          39     5.42258      5.5846   0.0207786
          40      5.9156     5.59288   0.0218778
          41      5.6336     5.59387   0.0213606
          42     5.78663     5.59846   0.0213451
          43     5.52371     5.59672   0.0209152
          44     5.58632     5.59648   0.0204357
          45     5.58759     5.59629   0.0199774
          46     5.78067      5.6003   0.0199452
          47     5.62534     5.60083   0.0195235
          48     5.49105     5.59854   0.0192487
          49     5.62573      5.5991     0.01886
          50     5.56286     5.59837   0.0184931
