           1   -0.652184   -0.652184           0
           2   -0.650417     -0.6513   0.0008836
           3   -0.650844   -0.651148 0.000532348
           4   -0.652009   -0.651363 0.000433566
           5   -0.651105   -0.651312 0.000339798
           6    -0.65107   -0.651271 0.000280362
           7    -0.64965    -0.65104 0.000331389
           8   -0.651972   -0.651156 0.000309752
           9   -0.649994   -0.651027  0.00030214
          10   -0.651191   -0.651044  0.00027074
          11    -0.65142   -0.651078 0.000247274
          12    -0.65143   -0.651107 0.000227634
          13   -0.650778   -0.651082 0.000210922
          14   -0.650426   -0.651035 0.000200808
          15   -0.649478   -0.650931 0.000213839
          16   -0.651285   -0.650953 0.000201245
          17   -0.651798   -0.651003 0.000195453
          18   -0.650493   -0.650975 0.000186441
          19   -0.651142   -0.650983 0.000176575
          20   -0.651067   -0.650988 0.000167566
          21   -0.649861   -0.650934 0.000168176
          22    -0.64965   -0.650876 0.000170633
          23   -0.650426   -0.650856 0.000164215
          24   -0.650718    -0.65085 0.000157328
          25   -0.650391   -0.650832 0.000152017
          26    -0.65059   -0.650823 0.000146349
          27   -0.651479   -0.650847 0.000142908
          28   -0.650618   -0.650839 0.000137951
          29   -0.649917   -0.650807 0.000136854
          30   -0.650818   -0.650807 0.000132214
          31   -0.649746   -0.650773 0.000132378
          32   -0.651232   -0.650787 0.000128974
          33   -0.651285   -0.650803  0.00012591
          34   -0.650393    -0.65079 0.000122744
          35   -0.651209   -0.650802 0.000119783
          36   -0.650805   -0.650802 0.000116408
          37   -0.651333   -0.650817 0.000114122
          38   -0.650642   -0.650812 0.000111174
          39   -0.651206   -0.650822 0.000108756
          40   -0.649789   -0.650796 0.000109106
          41   -0.649938   -0.650776  0.00010845
          42   -0.651032   -0.650782 0.000106012
          43   -0.650892   -0.650784  0.00010355
          44   -0.650687   -0.650782 0.000101193
          45   -0.649628   -0.650756 0.000102189
          46   -0.651021   -0.650762 0.000100108
          47   -0.650782   -0.650763 9.79555e-05
          48   -0.651386   -0.650776 9.67676e-05
          49   -0.650697   -0.650774 9.47858e-05
          50   -0.650338   -0.650765 9.32783e-05
          51   -0.650643   -0.650763 9.14624e-05
          52   -0.650797   -0.650763 8.96886e-05
          53   -0.651229   -0.650772 8.84171e-05
          54   -0.651436   -0.650785 8.76306e-05
          55   -0.650643   -0.650782 8.60609e-05
          56   -0.650757   -0.650782 8.45114e-05
          57   -0.650873   -0.650783 8.30309e-05
          58   -0.652012   -0.650804  8.4293e-05
          59   -0.651037   -0.650808 8.29456e-05
          60    -0.65109   -0.650813 8.16862e-05
          61   -0.651812   -0.650829 8.19884e-05
          62   -0.650589   -0.650825 8.07484e-05
          63   -0.650712   -0.650824 7.94767e-05
          64   -0.650625   -0.650821 7.82867e-05
          65   -0.651434    -0.65083 7.76494e-05
          66   -0.649685   -0.650813 7.84078e-05
          67   -0.651615   -0.650825 7.81521e-05
          68   -0.650852   -0.650825 7.69953e-05
          69   -0.650134   -0.650815 7.65301e-05
          70    -0.65053   -0.650811 7.55383e-05
          71   -0.650235   -0.650803  7.4907e-05
          72   -0.652097   -0.650821 7.60144e-05
          73   -0.651042   -0.650824 7.50269e-05
          74   -0.651235   -0.650829 7.42146e-05
          75   -0.650796   -0.650829 7.32197e-05
          76   -0.652699   -0.650854 7.63259e-05
          77   -0.650698   -0.650852 7.53553e-05
          78   -0.650206   -0.650843 7.48413e-05
          79   -0.650317   -0.650837 7.41878e-05
          80   -0.650226   -0.650829 7.36506e-05
          81    -0.65131   -0.650835 7.29781e-05
          82   -0.650386   -0.650829 7.22898e-05
          83   -0.650696   -0.650828 7.14316e-05
          84   -0.652378   -0.650846 7.29502e-05
          85   -0.650454   -0.650842 7.22342e-05
          86   -0.650124   -0.650833 7.18754e-05
          87    -0.65125   -0.650838  7.1206e-05
          88   -0.650377   -0.650833 7.05871e-05
          89   -0.651516   -0.650841 7.02103e-05
          90   -0.650625   -0.650838 6.94672e-05
          91   -0.650102    -0.65083 6.91737e-05
          92   -0.650918   -0.650831 6.84243e-05
          93    -0.65079   -0.650831  6.7686e-05
          94   -0.651078   -0.650833 6.70136e-05
          95   -0.651029   -0.650835 6.63364e-05
          96   -0.651393   -0.650841 6.58982e-05
          97   -0.650826   -0.650841 6.52155e-05
          98   -0.651231   -0.650845 6.46694e-05
          99   -0.651961   -0.650856 6.49976e-05
         100   -0.649323   -0.650841 6.61453e-05
