           1     32.9563     32.9563           0
           2     31.6532     32.3048    0.651535
           3     32.0195     32.2097    0.387993
           4     34.7571     32.8466    0.693435
           5     33.0508     32.8874    0.538683
           6     33.0028     32.9066    0.440253
           7     32.8512     32.8987    0.372166
           8     31.7698     32.7576    0.351842
           9     31.8414     32.6558    0.326567
          10     33.9483     32.7851    0.319409
          11     33.2331     32.8258    0.291773
          12     33.6297     32.8928    0.274647
          13     34.1066     32.9862    0.269341
          14      33.428     33.0177    0.251351
          15     32.5895     32.9892     0.23573
          16     29.7993     32.7898    0.297269
          17     34.2278     32.8744    0.291767
          18     29.5398     32.6891    0.331646
          19     36.5414     32.8919    0.373522
          20     33.2961     32.9121     0.35493
          21     36.3628     33.0764    0.375471
          22     31.4378     33.0019    0.365664
          23     32.3763     32.9747    0.350461
          24     37.7425     33.1734    0.389938
          25     32.1334     33.1318    0.376322
          26     32.4445     33.1054    0.362523
          27     32.3063     33.0758    0.350091
          28     35.0635     33.1468    0.344745
          29      29.951     33.0366    0.350423
          30     32.4487      33.017    0.339107
          31     34.4049     33.0617    0.331027
          32     32.9083     33.0569    0.320552
          33     30.1104     32.9676    0.323262
          34     33.9395     32.9962     0.31491
          35     32.4723     32.9813    0.306146
          36     32.2887      32.962    0.298142
          37     33.1651     32.9675    0.290024
          38     33.8837     32.9916    0.283317
          39     35.6024     33.0586     0.28396
          40     31.7777     33.0265    0.278616
          41     34.4153     33.0604    0.273839
          42     31.3329     33.0193    0.270386
          43     32.5717     33.0089    0.264229
          44     31.2677     32.9693    0.261169
          45      32.774      32.965    0.255336
          46     33.6503     32.9799    0.250168
          47     37.1818     33.0693    0.260602
          48     33.2553     33.0731    0.255145
          49      33.849      33.089    0.250384
          50     31.4571     33.0563    0.247487
