           1    0.428127    0.428127           0
           2    0.423282    0.425704  0.00242269
           3    0.425014    0.425474  0.00141755
           4    0.424521    0.425236  0.00103031
           5    0.418642    0.423917  0.00154146
           6    0.428132     0.42462  0.00144139
           7    0.431997    0.425674  0.00161083
           8    0.425879    0.425699  0.00139526
           9    0.435099    0.426744  0.00161398
          10    0.430905     0.42716  0.00150238
          11    0.437873    0.428134  0.00167192
          12    0.414368    0.426987   0.0019093
          13    0.426041    0.426914   0.0017578
          14    0.437733    0.427687  0.00180157
          15    0.427823    0.427696  0.00167719
          16    0.429528     0.42781  0.00157304
          17     0.42868    0.427861   0.0014785
          18    0.423333     0.42761  0.00141646
          19    0.425125    0.427479  0.00134621
          20    0.428304     0.42752  0.00127779
          21    0.422799    0.427296  0.00123604
          22    0.435927    0.427688  0.00124211
          23    0.433143    0.427925  0.00121035
          24    0.429965     0.42801  0.00116193
          25    0.428042    0.428011  0.00111449
          26    0.419818    0.427696  0.00111617
          27    0.427839    0.427702  0.00107405
          28    0.432309    0.427866  0.00104798
          29    0.443717    0.428413  0.00114947
          30    0.428064    0.428401  0.00111055
          31    0.432331    0.428528  0.00108159
          32    0.441631    0.428937  0.00112444
          33     0.44005    0.429274  0.00114068
          34    0.434867    0.429439  0.00111878
          35    0.429261    0.429433  0.00108636
          36    0.432135    0.429509  0.00105841
          37    0.428822     0.42949  0.00102958
          38    0.430667    0.429521  0.00100259
          39    0.425087    0.429407 0.000983144
          40     0.42123    0.429203 0.000979813
          41    0.426341    0.429133 0.000958162
          42    0.436616    0.429311 0.000951895
          43    0.429524    0.429316 0.000929507
          44    0.424246    0.429201 0.000915418
          45    0.426438     0.42914 0.000896948
          46    0.435941    0.429287 0.000889605
          47     0.42228    0.429138 0.000883148
          48    0.425097    0.429054 0.000868643
          49    0.414977    0.428767  0.00089793
          50     0.43424    0.428876 0.000886572
