           1     12.7983     12.7983           0
           2     12.8249     12.8116   0.0132814
           3     12.5216     12.7149   0.0969806
           4     13.1633      12.827      0.1314
           5     12.4341     12.7484    0.128588
           6     12.3758     12.6863    0.121985
           7     13.0306     12.7355    0.114224
           8     12.7298     12.7348   0.0989239
           9     12.8548     12.7481   0.0882565
          10     12.9405     12.7674   0.0812506
          11      12.299     12.7248    0.084937
          12     12.9667     12.7449   0.0801137
          13     12.9586     12.7614   0.0755047
          14     13.0276     12.7804   0.0724439
          15     12.8585     12.7856   0.0676423
          16     12.7832     12.7854   0.0632738
          17     12.9698     12.7963   0.0604171
          18     12.8332     12.7983   0.0569987
          19      13.373     12.8286   0.0618199
          20      12.526     12.8135   0.0605679
          21     13.1563     12.8298   0.0598797
          22     12.7722     12.8272   0.0571531
          23     12.7464     12.8237   0.0547244
          24     13.1502     12.8373   0.0541323
          25     12.8697     12.8386   0.0519381
          26     13.2566     12.8546   0.0524275
          27     13.4241     12.8757   0.0546798
          28     13.2308     12.8884   0.0541949
          29     13.6172     12.9135   0.0580179
          30     12.7597     12.9084   0.0562847
          31     13.4041     12.9244   0.0567387
          32     13.0284     12.9276   0.0550329
          33     13.2239     12.9366   0.0540892
          34     12.4804     12.9232   0.0541628
          35     12.7281     12.9176   0.0528873
          36     13.1112      12.923   0.0516777
          37     13.0391     12.9261   0.0503594
          38     12.8943     12.9253   0.0490234
          39      13.588     12.9423   0.0506833
          40      12.917     12.9417    0.049404
          41     12.7303     12.9365    0.048459
          42     13.1649     12.9419   0.0476027
          43     12.8464     12.9397   0.0465355
          44     13.2295     12.9463   0.0459401
          45     12.6274     12.9392   0.0454634
          46     12.7496     12.9351   0.0446546
          47     13.3406     12.9437    0.044538
          48     12.8211     12.9412   0.0436751
          49     13.6681      12.956   0.0452742
          50     12.5562      12.948   0.0450744
          51     12.9108     12.9473   0.0441878
          52     13.0834     12.9499   0.0434087
          53     13.3047     12.9566    0.043105
          54     13.2151     12.9614   0.0425691
          55     13.3966     12.9693   0.0425307
          56     12.4119     12.9593    0.042934
          57      12.972     12.9596   0.0421747
          58     12.7725     12.9563   0.0415665
          59     12.6411      12.951   0.0412037
          60     12.8384     12.9491   0.0405546
          61     12.6561     12.9443   0.0401724
          62     12.4895      12.937   0.0401944
          63     12.5129     12.9303   0.0401199
          64      12.685     12.9264   0.0396735
          65     12.4852     12.9196   0.0396437
          66     13.0995     12.9224   0.0391334
          67     12.7303     12.9195   0.0386513
          68     13.4407     12.9272   0.0388425
          69     13.0897     12.9295   0.0383479
          70     13.0181     12.9308   0.0378173
          71     13.0465     12.9324   0.0373165
          72     12.9496     12.9326   0.0367953
          73      13.284     12.9375   0.0366055
          74      13.287     12.9422   0.0364152
          75      12.457     12.9357   0.0365041
          76     13.2339     12.9396   0.0362336
          77     13.0231     12.9407   0.0357764
          78     12.8817       12.94   0.0353228
          79     12.7393     12.9374   0.0349653
          80     13.0674      12.939   0.0345636
          81     13.2579      12.943   0.0343605
          82     12.8109     12.9414   0.0339771
          83     12.9368     12.9413   0.0335653
          84     13.1778     12.9441   0.0332826
          85     12.9257     12.9439   0.0328894
          86     13.2737     12.9478   0.0327301
          87     12.3396     12.9408   0.0330982
          88     12.8645     12.9399   0.0327314
          89     13.2314     12.9432   0.0325268
          90     12.7484      12.941   0.0322361
          91     12.6973     12.9383   0.0319922
          92     13.3716      12.943   0.0319912
          93     12.5776     12.9391   0.0318884
          94      12.484     12.9343   0.0319166
          95      13.203     12.9371   0.0317053
          96      13.103     12.9388   0.0314208
          97     13.7236     12.9469   0.0321305
          98     12.6411     12.9438   0.0319537
          99     12.8474     12.9428   0.0316443
         100     12.8022     12.9414   0.0313578
