           1     2.31634     2.31634           0
           2     2.34153     2.32894   0.0125997
           3     2.40726     2.35504   0.0271037
           4     2.36952     2.35866   0.0195039
           5     2.30449     2.34783   0.0185907
           6     2.30492     2.34068   0.0167795
           7     2.28763      2.3331   0.0160791
           8     2.30691     2.32983   0.0143046
           9     2.35903     2.33307    0.013026
          10     2.34734      2.3345   0.0117379
          11     2.37141     2.33785   0.0111351
          12     2.31562       2.336   0.0103324
          13      2.3301     2.33555  0.00951528
          14     2.35155     2.33669  0.00888331
          15     2.35218     2.33772  0.00833411
          16     2.35439     2.33876  0.00786515
          17     2.35135      2.3395  0.00742502
          18     2.40802     2.34331  0.00796845
          19     2.37662     2.34506  0.00773857
          20     2.41006     2.34831  0.00802863
          21     2.30525     2.34626  0.00790729
          22     2.39502     2.34848  0.00785833
          23     2.35907     2.34894  0.00752299
          24     2.30978     2.34731  0.00738521
          25     2.33847     2.34695  0.00709246
          26     2.35199     2.34715  0.00681697
          27     2.33826     2.34682  0.00656788
          28     2.32268     2.34596  0.00638744
          29       2.369     2.34675  0.00621427
          30     2.31963     2.34585  0.00607124
          31      2.3196       2.345  0.00593284
          32     2.34757     2.34508  0.00574501
          33     2.37751     2.34606  0.00565423
          34     2.35282     2.34626    0.005489
          35     2.25788     2.34374  0.00589778
          36     2.29665     2.34243  0.00587896
          37     2.32533     2.34197  0.00573651
          38     2.32174     2.34144  0.00560882
          39     2.29705      2.3403   0.0055804
          40     2.38746     2.34148  0.00556542
          41     2.30053     2.34048  0.00551909
          42     2.38119     2.34145  0.00547263
          43     2.32067     2.34096  0.00536565
          44     2.32838     2.34068  0.00525007
          45     2.31576     2.34012  0.00516186
          46     2.40523     2.34154  0.00524304
          47     2.38728     2.34251  0.00522174
          48      2.3549     2.34277  0.00511831
          49     2.34461     2.34281  0.00501291
          50     2.32908     2.34253   0.0049193
