           1    -0.86426    -0.86426           0
           2    -0.86546    -0.86486      0.0006
           3   -0.862922   -0.864214 0.000733136
           4   -0.866188   -0.864707 0.000715765
           5   -0.864566   -0.864679 0.000555154
           6   -0.862746   -0.864357 0.000556072
           7    -0.86406   -0.864315 0.000471878
           8   -0.865207   -0.864426 0.000423619
           9   -0.863618   -0.864336 0.000384245
          10   -0.865994   -0.864502 0.000381588
          11   -0.864462   -0.864498 0.000345179
          12    -0.86706   -0.864712 0.000380603
          13   -0.866293   -0.864833 0.000370623
          14   -0.864643    -0.86482   0.0003434
          15   -0.865373   -0.864857 0.000321806
          16   -0.864906    -0.86486 0.000301038
          17   -0.864334   -0.864829  0.00028446
          18   -0.867394   -0.864971  0.00030369
          19   -0.865299   -0.864989 0.000287779
          20   -0.866058   -0.865042 0.000278201
          21   -0.863037   -0.864947 0.000281325
          22   -0.865576   -0.864975 0.000269754
          23   -0.863586   -0.864915 0.000264746
          24   -0.866191   -0.864968 0.000258994
          25   -0.865209   -0.864978 0.000248605
          26   -0.866026   -0.865018 0.000242234
          27   -0.864842   -0.865011  0.00023318
          28    -0.86675   -0.865074 0.000233115
          29   -0.865638   -0.865093 0.000225774
          30   -0.864922   -0.865087 0.000218193
          31    -0.86666   -0.865138 0.000217049
          32   -0.866497   -0.865181 0.000214403
          33   -0.866942   -0.865234 0.000214553
          34   -0.864328   -0.865207 0.000209846
          35    -0.86537   -0.865212 0.000203815
          36   -0.863639   -0.865168 0.000202834
          37   -0.865178   -0.865169 0.000197276
          38   -0.862414   -0.865096 0.000205245
          39   -0.866922   -0.865143  0.00020532
          40   -0.865954   -0.865163 0.000201147
          41   -0.864078   -0.865137 0.000197958
          42   -0.865546   -0.865146 0.000193433
          43   -0.865806   -0.865162 0.000189502
          44   -0.865158   -0.865162 0.000185146
          45   -0.864258   -0.865142 0.000182096
          46    -0.86391   -0.865115 0.000180093
          47   -0.866096   -0.865136 0.000177452
          48   -0.863754   -0.865107 0.000176083
          49   -0.867608   -0.865158 0.000179848
          50   -0.864518   -0.865145 0.000176678
          51   -0.863659   -0.865116 0.000175613
          52   -0.865658   -0.865126 0.000172517
          53   -0.866025   -0.865143 0.000170077
          54   -0.865292   -0.865146 0.000166921
          55   -0.865094   -0.865145 0.000163861
          56   -0.865792   -0.865157 0.000161322
          57    -0.86507   -0.865155 0.000158474
          58   -0.861997   -0.865101 0.000164965
          59   -0.865367   -0.865105 0.000162207
          60    -0.86351   -0.865079 0.000161681
          61   -0.864867   -0.865075 0.000159046
          62   -0.864294   -0.865063 0.000156966
          63   -0.864906    -0.86506 0.000154474
          64   -0.862274   -0.865017 0.000158149
          65   -0.863555   -0.864994 0.000157312
          66   -0.864598   -0.864988 0.000155026
          67     -0.8645   -0.864981 0.000152869
          68   -0.865162   -0.864983 0.000150627
          69   -0.865115   -0.864985 0.000148441
          70    -0.86509   -0.864987 0.000146312
          71   -0.864424   -0.864979 0.000144455
          72   -0.864478   -0.864972 0.000142604
          73   -0.863179   -0.864947 0.000142765
          74   -0.865769   -0.864959  0.00014126
          75   -0.865526   -0.864966 0.000139569
          76   -0.864096   -0.864955 0.000138195
          77   -0.867109   -0.864983 0.000139228
          78   -0.865194   -0.864985 0.000137459
          79   -0.863248   -0.864963 0.000137478
          80   -0.866755   -0.864986 0.000137584
          81   -0.865558   -0.864993 0.000136058
          82   -0.863714   -0.864977  0.00013529
          83   -0.865864   -0.864988 0.000134076
          84   -0.865229   -0.864991 0.000132502
          85   -0.865995   -0.865003 0.000131466
          86   -0.865566   -0.865009 0.000130093
          87   -0.864194      -0.865  0.00012893
          88   -0.867101   -0.865024 0.000129674
          89   -0.865465   -0.865029 0.000128304
          90    -0.86508   -0.865029 0.000126872
          91   -0.863169   -0.865009 0.000127125
          92    -0.86626   -0.865022 0.000126469
          93   -0.864788    -0.86502 0.000125127
          94   -0.864115    -0.86501 0.000124162
          95   -0.863919   -0.864999 0.000123384
          96   -0.864134    -0.86499 0.000122423
          97   -0.867998   -0.865021 0.000125062
          98   -0.863717   -0.865007 0.000124492
          99    -0.86671   -0.865025 0.000124422
         100   -0.865946   -0.865034 0.000123515
