           1     6.93073     6.93073           0
           2     6.70276     6.81675    0.113983
           3     6.73339     6.78896   0.0714336
           4     6.78309     6.78749   0.0505325
           5     6.93692     6.81738   0.0492474
           6     6.81071     6.81627   0.0402257
           7     6.95514      6.8361   0.0393619
           8      6.5619     6.80183   0.0483408
           9     6.87863     6.81036   0.0434783
          10       6.572     6.78653   0.0456121
          11     7.09722     6.81477   0.0499995
          12     6.53466     6.79143   0.0512658
          13      7.0324     6.80996   0.0506699
          14     6.81403     6.81025   0.0469121
          15     6.83565     6.81195   0.0437056
          16     6.84613     6.81408   0.0409387
          17     7.30926     6.84321   0.0482413
          18     6.63086     6.83141   0.0469875
          19     6.68115     6.82351   0.0451438
          20     7.03915     6.83429   0.0441636
          21     6.70929     6.82834   0.0424276
          22     6.86323     6.82992   0.0404842
          23     6.75471     6.82665   0.0388219
          24     6.66206     6.81979   0.0377966
          25     7.00738      6.8273   0.0370215
          26      7.0189     6.83467   0.0363246
          27     6.72427     6.83058   0.0351917
          28     6.74732      6.8276   0.0340416
          29     6.81192     6.82706   0.0328513
          30      6.8358     6.82736   0.0317387
          31      6.8922     6.82945    0.030769
          32     7.17014     6.84009   0.0316372
          33     6.89252     6.84168   0.0307046
          34     6.78014     6.83987   0.0298428
          35     6.92347     6.84226   0.0290759
          36     6.85947     6.84274   0.0282607
          37     6.79376     6.84142   0.0275182
          38     7.26507     6.85256   0.0290119
          39     6.74047     6.84969    0.028404
          40     6.98351     6.85304   0.0278862
          41     6.95203     6.85545   0.0273045
          42      6.9819     6.85846    0.026816
          43     6.57886     6.85196   0.0269802
          44     6.63971     6.84713   0.0267976
          45     6.75277     6.84504   0.0262792
          46     7.06715     6.84987   0.0261512
          47     6.84871     6.84984   0.0255887
          48     6.62856     6.84523   0.0254706
          49     7.12154     6.85087   0.0255748
          50     6.92712      6.8524   0.0251045
