           1    0.252991    0.252991           0
           2    0.246914    0.249953  0.00303862
           3    0.249883     0.24993   0.0017545
           4     0.25241     0.25055  0.00138701
           5    0.247761    0.249992  0.00121054
           6     0.25279    0.250458  0.00109286
           7    0.252351    0.250729 0.000962419
           8    0.246703    0.250225  0.00097361
           9    0.251395    0.250355 0.000868427
          10    0.249332    0.250253 0.000783463
          11    0.250168    0.250245 0.000708711
          12    0.249315    0.250168 0.000651592
          13    0.249621    0.250126 0.000600853
          14    0.248246    0.249992 0.000572258
          15    0.247326    0.249814   0.0005616
          16    0.250226     0.24984 0.000525961
          17    0.249919    0.249844 0.000494076
          18    0.248352    0.249761 0.000473142
          19    0.249145    0.249729  0.00044872
          20    0.249188    0.249702 0.000426553
          21    0.247904    0.249616 0.000414665
          22    0.251552    0.249704  0.00040504
          23    0.247534     0.24961 0.000398365
          24    0.247698     0.24953 0.000389636
          25    0.249868    0.249544 0.000373971
          26     0.24988    0.249557 0.000359533
          27    0.252028    0.249648 0.000357867
          28    0.246974    0.249553 0.000357833
          29    0.252099    0.249641 0.000356264
          30    0.248502    0.249603 0.000346268
          31    0.248097    0.249554 0.000338416
          32    0.249837    0.249563 0.000327789
          33    0.248977    0.249545 0.000318196
          34    0.249703     0.24955  0.00030873
          35    0.247368    0.249487 0.000306194
          36    0.250944    0.249528 0.000300305
          37    0.249684    0.249532 0.000292106
          38    0.249447     0.24953 0.000284324
          39     0.24772    0.249483   0.0002808
          40    0.250233    0.249502  0.00027433
          41    0.251267    0.249545 0.000270996
          42    0.249178    0.249536 0.000264609
          43    0.247634    0.249492 0.000262144
          44    0.248807    0.249477 0.000256589
          45    0.249369    0.249474 0.000250834
          46    0.249478    0.249474 0.000245321
          47    0.249709    0.249479 0.000240096
          48    0.249052     0.24947  0.00023521
          49    0.250792    0.249497 0.000231933
          50    0.251745    0.249542 0.000231651
