           1   -0.954734   -0.954734           0
           2   -0.959571   -0.957152   0.0024188
           3   -0.960532   -0.958279  0.00179423
           4   -0.961887   -0.959181  0.00155672
           5   -0.962198   -0.959784  0.00134834
           6   -0.957518   -0.959407  0.00116389
           7   -0.959806   -0.959464 0.000985319
           8   -0.961473   -0.959715 0.000889498
           9   -0.956506   -0.959358 0.000861706
          10   -0.963314   -0.959754 0.000866299
          11   -0.963768   -0.960119 0.000864403
          12   -0.962928   -0.960353 0.000823083
          13   -0.958934   -0.960244 0.000764948
          14   -0.960876   -0.960289 0.000709643
          15   -0.961182   -0.960348 0.000663316
          16   -0.961126   -0.960397 0.000622374
          17   -0.961026   -0.960434 0.000585787
          18   -0.959769   -0.960397  0.00055352
          19   -0.963828   -0.960578 0.000553843
          20   -0.963727   -0.960735 0.000548514
          21    -0.96247   -0.960818 0.000528238
          22   -0.960692   -0.960812 0.000503688
          23     -0.9597   -0.960764 0.000483712
          24   -0.960422   -0.960749 0.000463339
          25   -0.960531   -0.960741 0.000444504
          26   -0.960244   -0.960722 0.000427493
          27   -0.959527   -0.960677 0.000413727
          28   -0.960316   -0.960664 0.000398886
          29   -0.963018   -0.960746 0.000393352
          30   -0.962005   -0.960788 0.000382325
          31   -0.962254   -0.960835 0.000372802
          32   -0.964747   -0.960957 0.000381107
          33   -0.961742   -0.960981 0.000370143
          34   -0.958575    -0.96091 0.000365997
          35   -0.958818    -0.96085  0.00036038
          36   -0.960171   -0.960832 0.000350734
          37   -0.963541   -0.960905 0.000348893
          38   -0.960217   -0.960887  0.00034007
          39   -0.960338   -0.960873 0.000331535
          40    -0.96119    -0.96088 0.000323237
          41   -0.961181   -0.960888  0.00031534
          42   -0.959628   -0.960858 0.000309199
          43    -0.95578    -0.96074 0.000324194
          44    -0.96187   -0.960765 0.000317781
          45   -0.963951   -0.960836 0.000318604
          46   -0.961937    -0.96086 0.000312518
          47   -0.963417   -0.960915 0.000310597
          48   -0.958769    -0.96087 0.000307326
          49   -0.962589   -0.960905 0.000303026
          50    -0.95869   -0.960861 0.000300192
          51    -0.96191   -0.960881 0.000294966
          52   -0.962533   -0.960913 0.000290976
          53   -0.959026   -0.960877 0.000287644
          54   -0.961406   -0.960887 0.000282437
          55   -0.959021   -0.960853 0.000279323
          56   -0.959615   -0.960831 0.000275179
          57   -0.957917    -0.96078 0.000275101
          58   -0.959064    -0.96075 0.000271931
          59   -0.963154   -0.960791  0.00027037
          60   -0.959945   -0.960777   0.0002662
          61   -0.962174     -0.9608 0.000262798
          62   -0.958298    -0.96076 0.000261655
          63   -0.959887   -0.960746  0.00025784
          64   -0.958261   -0.960707 0.000256732
          65   -0.959429   -0.960687 0.000253515
          66   -0.962788   -0.960719 0.000251666
          67   -0.955537   -0.960642 0.000259668
          68   -0.961594   -0.960656 0.000256204
          69   -0.960393   -0.960652 0.000252493
          70   -0.957619   -0.960609 0.000252603
          71   -0.961793   -0.960625 0.000249577
          72   -0.960274    -0.96062 0.000246135
          73   -0.960123   -0.960614 0.000242835
          74   -0.960894   -0.960617 0.000239561
          75   -0.960376   -0.960614 0.000236367
          76   -0.958932   -0.960592 0.000234284
          77   -0.960941   -0.960597 0.000231266
          78    -0.95933    -0.96058 0.000228859
          79   -0.959322   -0.960564 0.000226504
          80   -0.957376   -0.960525 0.000227178
          81   -0.961346   -0.960535 0.000224586
          82   -0.961536   -0.960547 0.000222166
          83   -0.961287   -0.960556 0.000219654
          84   -0.960883    -0.96056 0.000217058
          85   -0.961054   -0.960566 0.000214568
          86   -0.962818   -0.960592  0.00021367
          87    -0.96133     -0.9606 0.000211371
          88   -0.960287   -0.960597 0.000208985
          89    -0.95871   -0.960575 0.000207709
          90   -0.961485   -0.960586 0.000205636
          91   -0.959319   -0.960572  0.00020384
          92   -0.964136    -0.96061 0.000205301
          93   -0.958282   -0.960585 0.000204619
          94   -0.960454   -0.960584 0.000202435
          95   -0.962066     -0.9606   0.0002009
          96   -0.961214   -0.960606 0.000198899
          97   -0.962618   -0.960627 0.000197929
          98   -0.955348   -0.960573 0.000203169
          99    -0.95951   -0.960562 0.000201392
         100   -0.960419   -0.960561 0.000199373
