           1    0.081504    0.081504           0
           2   0.0643456   0.0729248   0.0085792
           3   0.0729648   0.0729381  0.00495322
           4   0.0667808   0.0713988   0.0038258
           5    0.068128   0.0707446  0.00303479
           6   0.0734152   0.0711897  0.00251756
           7   0.0671232   0.0706088   0.0022056
           8   0.0716656   0.0707409  0.00191467
           9   0.0594432   0.0694856  0.00210406
          10    0.062496   0.0687866  0.00200754
          11   0.0512304   0.0671906  0.00241759
          12   0.0765584   0.0679713  0.00234095
          13    0.069184   0.0680646  0.00215538
          14   0.0595104   0.0674535  0.00208694
          15   0.0549328   0.0666188  0.00211456
          16   0.0769848   0.0672667  0.00208139
          17      0.0636    0.067051  0.00196699
          18    0.079948   0.0677675  0.00198809
          19   0.0692352   0.0678448  0.00188213
          20   0.0669144   0.0677982  0.00178615
          21   0.0623808   0.0675403  0.00171845
          22   0.0608336   0.0672354  0.00166659
          23   0.0562176   0.0667564  0.00166297
          24   0.0640088   0.0666419  0.00159629
          25   0.0697312   0.0667655  0.00153608
          26   0.0659552   0.0667343  0.00147615
          27   0.0635136    0.066615  0.00142542
          28    0.059944   0.0663768  0.00139408
          29   0.0622992   0.0662362  0.00135248
          30   0.0604448   0.0660431   0.0013208
          31      0.0641   0.0659804  0.00127902
          32   0.0739816   0.0662305   0.0012634
          33   0.0633968   0.0661446  0.00122752
          34   0.0575568    0.065892  0.00121736
          35   0.0646664    0.065857  0.00118259
          36   0.0681888   0.0659218  0.00115109
          37   0.0735608   0.0661282  0.00113843
          38   0.0653272   0.0661072  0.00110827
          39   0.0712264   0.0662384  0.00108743
          40   0.0653888   0.0662172   0.0010601
          41   0.0642488   0.0661692  0.00103504
          42    0.071128   0.0662872  0.00101697
          43   0.0631424   0.0662141 0.000995729
          44   0.0613752   0.0661041 0.000979032
          45   0.0621992   0.0660174 0.000960955
          46   0.0714664   0.0661358 0.000947268
          47   0.0681536   0.0661787 0.000927888
          48   0.0675288   0.0662069 0.000908787
          49   0.0674376    0.066232 0.000890401
          50   0.0649272   0.0662059 0.000872802
