           1   -0.831043   -0.831043           0
           2   -0.831098    -0.83107    2.72e-05
           3    -0.83216   -0.831434 0.000363539
           4   -0.832406   -0.831677 0.000353736
           5    -0.83158   -0.831657 0.000274683
           6    -0.83111   -0.831566 0.000242142
           7   -0.831214   -0.831516 0.000210748
           8   -0.831628    -0.83153 0.000183053
           9   -0.830666   -0.831434  0.00018783
          10   -0.832516   -0.831542 0.000199845
          11   -0.830664   -0.831462 0.000197602
          12   -0.832314   -0.831533 0.000193839
          13   -0.831654   -0.831542 0.000178547
          14   -0.831366    -0.83153  0.00016578
          15   -0.831395   -0.831521 0.000154593
          16   -0.831646   -0.831529 0.000144821
          17   -0.832841   -0.831606 0.000156408
          18   -0.833174   -0.831693 0.000171286
          19   -0.832887   -0.831756 0.000173785
          20   -0.831672   -0.831752  0.00016492
          21   -0.830904   -0.831711  0.00016198
          22   -0.831474   -0.831701 0.000154817
          23   -0.830642   -0.831654 0.000154931
          24   -0.831812   -0.831661 0.000148481
          25   -0.832003   -0.831675 0.000143074
          26   -0.832234   -0.831696 0.000139131
          27   -0.833001   -0.831745 0.000142332
          28   -0.832027   -0.831755 0.000137525
          29   -0.832953   -0.831796 0.000138981
          30   -0.831678   -0.831792 0.000134326
          31   -0.832077   -0.831801 0.000130245
          32   -0.833121   -0.831842  0.00013268
          33   -0.832914   -0.831875  0.00013263
          34   -0.830471   -0.831834 0.000135131
          35   -0.831076   -0.831812 0.000132987
          36   -0.831218   -0.831795 0.000130288
          37   -0.830738   -0.831767 0.000129898
          38   -0.830414   -0.831731 0.000131354
          39   -0.834112   -0.831792 0.000141758
          40   -0.831906   -0.831795 0.000138198
          41   -0.830337    -0.83176 0.000139399
          42   -0.831118   -0.831744 0.000136894
          43   -0.831659   -0.831742 0.000133687
          44    -0.83193   -0.831747 0.000130683
          45   -0.831654   -0.831745 0.000127763
          46   -0.830506   -0.831718 0.000127824
          47   -0.832657   -0.831738 0.000126661
          48   -0.830657   -0.831715 0.000126022
          49   -0.833765   -0.831757  0.00013032
          50   -0.831822   -0.831758 0.000127693
          51   -0.831901   -0.831761 0.000125196
          52   -0.832206    -0.83177 0.000123063
          53    -0.83384   -0.831809 0.000126882
          54   -0.831606   -0.831805 0.000124566
          55   -0.832582   -0.831819 0.000123093
          56   -0.831586   -0.831815 0.000120947
          57   -0.830995     -0.8318 0.000119673
          58   -0.830788   -0.831783 0.000118881
          59   -0.831616    -0.83178 0.000116883
          60   -0.831008   -0.831767 0.000115636
          61   -0.831515   -0.831763   0.0001138
          62   -0.830996   -0.831751 0.000112631
          63   -0.831325   -0.831744 0.000111035
          64    -0.83135   -0.831738 0.000109459
          65   -0.830707   -0.831722 0.000108923
          66   -0.831257   -0.831715 0.000107491
          67   -0.831786   -0.831716  0.00010588
          68   -0.833122   -0.831737 0.000106339
          69   -0.832634    -0.83175  0.00010559
          70    -0.83207   -0.831754 0.000104171
          71   -0.831882   -0.831756 0.000102709
          72    -0.83279    -0.83177 0.000102285
          73   -0.832152   -0.831776 0.000101009
          74   -0.833158   -0.831794 0.000101372
          75    -0.83053   -0.831778 0.000101421
          76   -0.832454   -0.831786 0.000100473
          77   -0.831693   -0.831785 9.91671e-05
          78   -0.832212   -0.831791 9.80402e-05
          79   -0.829992   -0.831768  9.9433e-05
          80   -0.831456   -0.831764 9.82596e-05
          81    -0.83277   -0.831776 9.78299e-05
          82    -0.83044    -0.83176 9.79943e-05
          83   -0.831034   -0.831751 9.72013e-05
          84   -0.831599    -0.83175 9.60543e-05
          85   -0.830881   -0.831739 9.54662e-05
          86   -0.831535   -0.831737 9.43794e-05
          87   -0.830116   -0.831718 9.51307e-05
          88   -0.831876    -0.83172 9.40605e-05
          89    -0.83154   -0.831718 9.30197e-05
          90   -0.831098   -0.831711 9.22383e-05
          91   -0.830716     -0.8317 9.18723e-05
          92    -0.83286   -0.831713 9.17385e-05
          93   -0.831074   -0.831706 9.10066e-05
          94   -0.831113     -0.8317 9.02542e-05
          95    -0.83329   -0.831716 9.08538e-05
          96    -0.83134   -0.831712 8.99879e-05
          97   -0.835473   -0.831751  9.7127e-05
          98   -0.831122   -0.831745 9.63453e-05
          99   -0.831853   -0.831746 9.53734e-05
         100   -0.831961   -0.831748 9.44393e-05
