           1    0.238554    0.238554           0
           2    0.231235    0.234894  0.00365937
           3    0.234932    0.234907  0.00211278
           4    0.237632    0.235588  0.00164189
           5    0.234122    0.235295  0.00130518
           6    0.236729    0.235534  0.00109214
           7    0.237201    0.235772 0.000953251
           8    0.234121    0.235566 0.000850951
           9    0.234579    0.235456 0.000758428
          10    0.234685    0.235379 0.000682732
          11    0.233285    0.235188 0.000646227
          12    0.234942    0.235168 0.000590278
          13    0.235298    0.235178 0.000543069
          14    0.233514    0.235059 0.000516647
          15    0.231916     0.23485 0.000524625
          16    0.233168    0.234744 0.000501876
          17    0.235821    0.234808 0.000475662
          18    0.233186    0.234718 0.000457421
          19    0.234912    0.234728 0.000432798
          20    0.235408    0.234762 0.000411996
          21     0.23274    0.234666 0.000403539
          22    0.236306     0.23474 0.000391918
          23     0.23242    0.234639 0.000387841
          24    0.232278    0.234541 0.000384146
          25    0.233772     0.23451 0.000369741
          26     0.23603    0.234569 0.000360011
          27    0.236781    0.234651  0.00035598
          28     0.23223    0.234564 0.000353752
          29     0.23707    0.234651   0.0003521
          30    0.233665    0.234618 0.000341744
          31    0.232608    0.234553 0.000336834
          32    0.236163    0.234603 0.000329996
          33    0.234147    0.234589 0.000320139
          34    0.234212    0.234578 0.000310778
          35    0.233075    0.234535 0.000304808
          36    0.235391    0.234559 0.000297171
          37    0.235843    0.234594 0.000291103
          38    0.235709    0.234623 0.000284856
          39    0.233678    0.234599 0.000278512
          40    0.235021    0.234609 0.000271664
          41    0.237635    0.234683 0.000275043
          42    0.234828    0.234687 0.000268437
          43      0.2328    0.234643 0.000265767
          44    0.231856    0.234579  0.00026727
          45    0.233586    0.234557 0.000262195
          46    0.233295     0.23453 0.000257897
          47    0.233661    0.234511 0.000253027
          48    0.234932     0.23452 0.000247854
          49    0.235835    0.234547 0.000244223
          50    0.237344    0.234603 0.000245738
