           1    0.868989    0.868989           0
           2    0.846482    0.857736   0.0112536
           3     0.82536    0.846944   0.0125967
           4    0.857698    0.849632  0.00930407
           5    0.853961    0.850498  0.00725872
           6    0.858147    0.851773  0.00606228
           7     0.82981    0.848635  0.00600793
           8    0.820225    0.845084  0.00629944
           9    0.842945    0.844846  0.00556066
          10    0.811223    0.841484  0.00600352
          11    0.753351    0.833472  0.00967901
          12    0.784583    0.829398  0.00972972
          13    0.729926    0.821746    0.011775
          14    0.806954     0.82069   0.0109526
          15     0.82078    0.820696   0.0101963
          16    0.778717    0.818072  0.00989209
          17    0.804934    0.817299  0.00932408
          18    0.843537    0.818757  0.00891086
          19    0.828921    0.819292  0.00844579
          20    0.857943    0.821224  0.00824215
          21    0.815636    0.820958  0.00784436
          22    0.685435    0.814798  0.00968955
          23    0.834051    0.815635  0.00929645
          24    0.774238     0.81391  0.00906627
          25     0.76988    0.812149  0.00887262
          26    0.852874    0.813715  0.00866725
          27    0.809726    0.813568  0.00834137
          28     0.71815     0.81016  0.00873049
          29    0.856024    0.811741  0.00857123
          30     0.84207    0.812752  0.00834208
          31     0.79025    0.812027  0.00810108
          32    0.840771    0.812925  0.00789511
          33    0.816004    0.813018  0.00765269
          34    0.832276    0.813584  0.00744577
          35    0.811181    0.813516  0.00723023
          36    0.778493    0.812543  0.00709355
          37    0.829512    0.813002   0.0069144
          38    0.874056    0.814608  0.00691912
          39    0.860794    0.815793  0.00684263
          40    0.799586    0.815387  0.00668166
          41    0.843354     0.81607  0.00655226
          42    0.788489    0.815413  0.00642798
          43    0.851402     0.81625  0.00633227
          44    0.840903     0.81681    0.006212
          45    0.768932    0.815746  0.00616489
          46    0.764597    0.814634  0.00613106
          47    0.839113    0.815155  0.00602176
          48    0.840279    0.815678  0.00591816
          49    0.829498     0.81596  0.00580298
          50    0.898937     0.81762  0.00592298
          51    0.826125    0.817787  0.00580807
          52    0.834722    0.818112  0.00570459
          53    0.806598    0.817895  0.00560013
          54    0.782967    0.817248  0.00553338
          55    0.863576    0.818091  0.00549677
          56     0.78748    0.817544  0.00542533
          57    0.799047     0.81722  0.00533917
          58    0.864572    0.818036  0.00530945
          59    0.811956    0.817933   0.0052197
          60    0.856718    0.818579  0.00517252
          61     0.84489    0.819011  0.00510527
          62    0.874404    0.819904   0.0051011
          63    0.858129    0.820511  0.00505602
          64    0.859882    0.821126  0.00501427
          65    0.803684    0.820858  0.00494381
          66    0.825389    0.820926  0.00486881
          67    0.829342    0.821052  0.00479724
          68    0.764939    0.820227  0.00479766
          69     0.78069    0.819654  0.00476222
          70    0.847542    0.820052  0.00471057
          71    0.847042    0.820432  0.00465928
          72    0.823482    0.820475  0.00459431
          73     0.83325     0.82065  0.00453432
          74    0.858845    0.821166  0.00450231
          75    0.781245    0.820634  0.00447365
          76    0.833706    0.820806  0.00441774
          77     0.87314    0.821485  0.00441265
          78    0.827178    0.821558  0.00435632
          79    0.864904    0.822107  0.00433568
          80    0.860778     0.82259  0.00430835
          81    0.865929    0.823125  0.00428834
          82    0.851428     0.82347  0.00424976
          83    0.868393    0.824012  0.00423299
          84    0.813204    0.823883  0.00418427
          85    0.856974    0.824272  0.00415304
          86    0.816964    0.824187  0.00410534
          87     0.84515    0.824428  0.00406503
          88    0.807036    0.824231  0.00402342
          89    0.842554    0.824437  0.00398328
          90    0.788072    0.824032  0.00395945
          91    0.772268    0.823464   0.0039568
          92    0.884105    0.824123  0.00396867
          93    0.766871    0.823507  0.00397374
          94    0.754936    0.822778  0.00399835
          95    0.886155    0.823445  0.00401189
          96     0.83295    0.823544  0.00397112
          97    0.800922    0.823311  0.00393688
          98    0.823949    0.823317   0.0038965
          99    0.823649     0.82332  0.00385695
         100    0.838941    0.823477  0.00382138
