           1   -0.881427   -0.881427           0
           2   -0.879354    -0.88039   0.0010368
           3   -0.881254   -0.880678 0.000664276
           4   -0.880723    -0.88069 0.000469847
           5   -0.879675   -0.880487  0.00041667
           6   -0.880093   -0.880421 0.000346487
           7   -0.885813   -0.881191 0.000824035
           8   -0.880341   -0.881085 0.000721511
           9   -0.881917   -0.881177  0.00064299
          10   -0.882026   -0.881262 0.000581328
          11   -0.881477   -0.881282 0.000526193
          12   -0.877802   -0.880992 0.000561106
          13   -0.880147   -0.880927 0.000520214
          14   -0.881354   -0.880957 0.000482589
          15   -0.882246   -0.881043 0.000457412
          16   -0.878115    -0.88086 0.000465362
          17   -0.881104   -0.880875 0.000437367
          18   -0.876645    -0.88064 0.000474609
          19   -0.881326   -0.880676 0.000450388
          20   -0.878651   -0.880574 0.000439102
          21    -0.88325   -0.880702 0.000436664
          22   -0.877238   -0.880544 0.000445113
          23    -0.88255   -0.880632  0.00043417
          24    -0.88469   -0.880801 0.000448758
          25   -0.883789    -0.88092  0.00044672
          26    -0.88136   -0.880937 0.000429528
          27   -0.880571   -0.880924 0.000413535
          28   -0.881544   -0.880946 0.000399108
          29    -0.88031   -0.880924 0.000385723
          30   -0.881389   -0.880939 0.000372966
          31    -0.88228   -0.880983 0.000363317
          32   -0.882638   -0.881034 0.000355565
          33   -0.879933   -0.881001 0.000346235
          34   -0.882592   -0.881048 0.000339141
          35   -0.883435   -0.881116 0.000336299
          36   -0.883947   -0.881195 0.000336154
          37   -0.881382     -0.8812 0.000326981
          38   -0.881461   -0.881207 0.000318335
          39    -0.88191   -0.881225 0.000310589
          40    -0.88316   -0.881273 0.000306567
          41    -0.88103   -0.881267 0.000299055
          42   -0.879334   -0.881221 0.000295454
          43    -0.88189   -0.881237 0.000288919
          44   -0.881046   -0.881232  0.00028231
          45    -0.87992   -0.881203 0.000277501
          46   -0.881042     -0.8812 0.000271424
          47    -0.88293   -0.881236 0.000268125
          48   -0.882757   -0.881268 0.000264384
          49    -0.88092   -0.881261  0.00025903
          50   -0.881934   -0.881274 0.000254153
