           1    -0.73808    -0.73808           0
           2   -0.735004   -0.736542    0.001538
           3   -0.736379   -0.736488 0.000889621
           4   -0.735566   -0.736257 0.000669969
           5   -0.737173    -0.73644 0.000550316
           6   -0.737178   -0.736563 0.000465831
           7   -0.735745   -0.736446 0.000410692
           8   -0.735535   -0.736332 0.000373458
           9   -0.735332   -0.736221  0.00034761
          10   -0.735959   -0.736195 0.000312014
          11   -0.735043    -0.73609 0.000301027
          12   -0.735695   -0.736057 0.000276764
          13   -0.735812   -0.736039 0.000255285
          14   -0.735794   -0.736021 0.000236995
          15   -0.735366   -0.735977 0.000224915
          16   -0.736184    -0.73599 0.000210785
          17   -0.736702   -0.736032 0.000202371
          18    -0.73565   -0.736011 0.000191972
          19   -0.737184   -0.736073 0.000191797
          20    -0.73562    -0.73605 0.000183357
          21    -0.73504   -0.736002 0.000180917
          22    -0.73439   -0.735929  0.00018742
          23   -0.735251   -0.735899 0.000181492
          24   -0.734861   -0.735856 0.000179071
          25    -0.73519   -0.735829 0.000173809
          26   -0.734382   -0.735774 0.000176019
          27    -0.73579   -0.735774 0.000169376
          28    -0.73629   -0.735793 0.000164249
          29   -0.736009     -0.7358 0.000158659
          30   -0.736889   -0.735836 0.000157517
          31   -0.735581   -0.735828 0.000152574
          32     -0.7361   -0.735837 0.000147973
          33   -0.736606    -0.73586 0.000145299
          34   -0.735249   -0.735842 0.000142102
          35   -0.736338   -0.735856  0.00013871
          36   -0.735311   -0.735841 0.000135649
          37   -0.735518   -0.735832 0.000132221
          38   -0.735735    -0.73583  0.00012872
          39    -0.73607   -0.735836 0.000125527
          40   -0.734593   -0.735805 0.000126233
          41   -0.734925   -0.735783 0.000124973
          42   -0.735314   -0.735772 0.000122473
          43   -0.735158   -0.735758  0.00012044
          44   -0.735923   -0.735762  0.00011773
          45   -0.734634   -0.735737 0.000117779
          46   -0.736109   -0.735745 0.000115474
          47   -0.735976    -0.73575 0.000113098
          48   -0.734658   -0.735727  0.00011303
          49    -0.73621   -0.735737 0.000111136
          50   -0.735476   -0.735731 0.000109016
          51   -0.736302   -0.735743  0.00010744
          52   -0.735699   -0.735742 0.000105357
          53   -0.736537   -0.735757 0.000104433
          54   -0.736243   -0.735766 0.000102875
          55   -0.736469   -0.735779 0.000101793
          56   -0.735531   -0.735774 0.000100057
          57   -0.736666    -0.73579 9.95241e-05
          58   -0.735766   -0.735789  9.7794e-05
          59   -0.736821   -0.735807 9.76988e-05
          60   -0.737085   -0.735828 9.83895e-05
          61    -0.73525   -0.735819 9.72269e-05
          62   -0.734734   -0.735801  9.7234e-05
          63   -0.734269   -0.735777 9.87217e-05
          64   -0.735574   -0.735774 9.72189e-05
          65   -0.736218   -0.735781 9.59548e-05
          66   -0.733674   -0.735749 9.97368e-05
          67   -0.736586   -0.735761 9.90295e-05
          68   -0.737333   -0.735784 0.000100263
          69   -0.735423   -0.735779 9.89374e-05
          70   -0.735074   -0.735769 9.80331e-05
          71   -0.735659   -0.735767 9.66548e-05
          72   -0.735962    -0.73577 9.53414e-05
          73    -0.73553   -0.735767 9.40836e-05
          74    -0.73635   -0.735775  9.3138e-05
          75   -0.735988   -0.735778 9.19318e-05
          76   -0.737209   -0.735796 9.26482e-05
          77    -0.73676   -0.735809 9.22895e-05
          78   -0.735879    -0.73581 9.11031e-05
          79   -0.734074   -0.735788 9.25886e-05
          80   -0.735549   -0.735785 9.14727e-05
          81   -0.736756   -0.735797 9.11286e-05
          82   -0.734374   -0.735779 9.16685e-05
          83   -0.734345   -0.735762 9.21922e-05
          84    -0.73712   -0.735778 9.25112e-05
          85   -0.734702   -0.735766 9.22886e-05
          86   -0.735258    -0.73576 9.14003e-05
          87   -0.735456   -0.735756 9.04111e-05
          88   -0.736938    -0.73577 9.03802e-05
          89   -0.735812    -0.73577 8.93602e-05
          90    -0.73498   -0.735761 8.87969e-05
          91   -0.736094   -0.735765 8.78919e-05
          92   -0.735588   -0.735763 8.69526e-05
          93   -0.735821   -0.735764 8.60148e-05
          94   -0.735406    -0.73576 8.51797e-05
          95   -0.735846   -0.735761 8.42832e-05
          96   -0.736817   -0.735772 8.41228e-05
          97   -0.736524    -0.73578 8.36114e-05
          98   -0.735484   -0.735777 8.28087e-05
          99   -0.736844   -0.735787 8.26741e-05
         100   -0.733793   -0.735767 8.42386e-05
