           1     3.67226     3.67226           0
           2     3.71179     3.69203   0.0197626
           3     3.62163     3.66856   0.0260932
           4      3.7002     3.67647   0.0200746
           5     3.62493     3.66616   0.0186562
           6     3.66964     3.66674   0.0152438
           7      3.6782     3.66838    0.012987
           8     3.66527     3.66799   0.0112538
           9       3.683     3.66966    0.010064
          10      3.7093     3.67362  0.00983572
          11      3.6453     3.67105  0.00926185
          12     3.67812     3.67163  0.00847538
          13      3.6921     3.67321   0.0079536
          14     3.64077     3.67089  0.00771964
          15     3.68717     3.67198  0.00726808
          16     3.70721     3.67418  0.00714633
          17     3.66437      3.6736  0.00673754
          18     3.64967     3.67227  0.00648982
          19     3.63675      3.6704  0.00641708
          20     3.68841      3.6713  0.00615398
          21     3.71296     3.67329  0.00618063
          22     3.69852     3.67443   0.0060036
          23     3.71446     3.67617  0.00599475
          24     3.64869     3.67503  0.00585267
          25     3.61686      3.6727  0.00607673
          26     3.66529     3.67242  0.00584528
          27     3.70635     3.67367  0.00576331
          28     3.67854     3.67385  0.00555638
          29     3.68144     3.67411  0.00536774
          30      3.7349     3.67614  0.00556756
          31      3.6288     3.67461  0.00559731
          32     3.72773     3.67627   0.0056681
          33     3.69131     3.67673  0.00551254
          34     3.66731     3.67645  0.00535511
          35     3.70467     3.67725  0.00526202
          36     3.72112     3.67847  0.00525695
          37     3.63568     3.67732  0.00524208
          38     3.52956     3.67343  0.00641503
          39     3.64883      3.6728  0.00628014
          40     3.72528     3.67411  0.00626018
          41     3.62272     3.67286  0.00623291
          42     3.68457     3.67314  0.00608909
          43     3.66555     3.67296  0.00594842
          44      3.7087     3.67377  0.00586816
          45     3.62407     3.67267  0.00584162
          46     3.62727     3.67168  0.00579784
          47     3.69083     3.67209  0.00568776
          48     3.74322     3.67357  0.00576182
          49     3.66181     3.67333   0.0056481
          50     3.66091     3.67308  0.00553956
          51     3.72919     3.67418   0.0055402
          52     3.68776     3.67444  0.00543889
          53     3.58723      3.6728  0.00558325
          54     3.66367     3.67263  0.00548149
          55     3.68278     3.67281  0.00538407
          56     3.66785     3.67272  0.00528779
          57     3.67006     3.67268   0.0051944
          58     3.62491     3.67185  0.00517007
          59     3.66206     3.67169  0.00508439
          60     3.65979     3.67149  0.00500286
          61     3.59969     3.67031  0.00505899
          62     3.56594     3.66863  0.00525372
          63     3.70054     3.66914  0.00519442
          64     3.63928     3.66867  0.00513386
          65      3.7083     3.66928  0.00509091
          66     3.62104     3.66855  0.00506618
          67     3.72292     3.66936  0.00505555
          68     3.63916     3.66892  0.00500042
          69     3.62377     3.66826  0.00497066
          70     3.63155     3.66774  0.00492712
          71     3.68548     3.66799  0.00486365
          72     3.71756     3.66867   0.0048448
          73      3.6678     3.66866  0.00477799
          74     3.65635      3.6685  0.00471591
          75     3.67274     3.66855  0.00465295
          76     3.75333     3.66967   0.0047249
          77     3.62253     3.66906  0.00470314
          78     3.56508     3.66772  0.00483005
          79     3.62095     3.66713  0.00480514
          80      3.6871     3.66738  0.00475125
          81     3.71614     3.66798  0.00473068
          82     3.65477     3.66782  0.00467541
          83     3.68235       3.668  0.00462205
          84     3.65546     3.66785  0.00456913
          85     3.59386     3.66698  0.00459819
          86     3.68328     3.66717  0.00454836
          87     3.70157     3.66756  0.00451314
          88     3.58151     3.66658  0.00456746
          89     3.72619     3.66725  0.00456524
          90     3.64848     3.66705  0.00451905
          91     3.66369     3.66701  0.00446927
          92     3.79129     3.66836  0.00462222
          93     3.69465     3.66864  0.00458098
          94      3.6198     3.66812  0.00456167
          95     3.67444     3.66819  0.00451389
          96     3.75048     3.66905  0.00454812
          97     3.70026     3.66937  0.00451248
          98     3.63041     3.66897  0.00448386
          99     3.70022     3.66929  0.00444954
         100     3.60301     3.66862  0.00445441
