           1     1.46501     1.46501           0
           2     1.44201     1.45351   0.0114996
           3     1.46682     1.45795  0.00798418
           4     1.46069     1.45864  0.00568723
           5      1.4562     1.45815  0.00443215
           6     1.46104     1.45863  0.00365068
           7     1.47164     1.46049   0.0036021
           8     1.44628     1.45871  0.00358964
           9     1.47591     1.46062  0.00369789
          10     1.46275     1.46084  0.00331435
          11     1.49558       1.464  0.00435481
          12     1.48292     1.46557  0.00427676
          13     1.46531     1.46555   0.0039341
          14      1.4873     1.46711  0.00395977
          15     1.47967     1.46794  0.00378036
          16     1.50124     1.47002  0.00410313
          17     1.46119      1.4695   0.0038891
          18      1.4725     1.46967  0.00367044
          19     1.50123     1.47133  0.00384876
          20     1.46685     1.47111  0.00365813
          21     1.48388     1.47172  0.00353234
          22     1.47415     1.47183  0.00336977
          23      1.4693     1.47172   0.0032218
          24     1.41429     1.46932   0.0039039
          25     1.48405     1.46991  0.00379051
          26     1.52209     1.47192  0.00415813
          27      1.4715      1.4719  0.00400119
          28     1.47294     1.47194  0.00385582
          29     1.48088     1.47225  0.00373322
          30     1.45615     1.47171  0.00364635
          31     1.46992     1.47165  0.00352724
          32     1.49239      1.4723  0.00347616
          33     1.50016     1.47315  0.00347335
          34     1.47036     1.47306  0.00337064
          35     1.44296      1.4722  0.00338407
          36     1.45947     1.47185   0.0033077
          37     1.44539     1.47114  0.00329556
          38     1.47963     1.47136  0.00321544
          39     1.45615     1.47097   0.0031561
          40     1.50012      1.4717  0.00316131
          41     1.44821     1.47112  0.00313599
          42     1.48082     1.47136  0.00306911
          43     1.49123     1.47182  0.00303232
          44     1.45626     1.47146  0.00298363
          45      1.4496     1.47098  0.00295675
          46     1.48027     1.47118  0.00289881
          47     1.45218     1.47078  0.00286512
          48     1.47328     1.47083  0.00280528
          49     1.46733     1.47076  0.00274836
          50      1.4675     1.47069  0.00269362
