           1     1.99506     1.99506           0
           2     2.01337     2.00421  0.00915465
           3     1.97567      1.9947   0.0108839
           4     1.97689     1.99024  0.00889133
           5     2.01332     1.99486  0.00829067
           6     2.00728     1.99693   0.0070789
           7     1.98679     1.99548  0.00615554
           8     2.02328     1.99896  0.00636366
           9     2.00492     1.99962  0.00565115
          10     2.04084     2.00374  0.00652201
          11     2.01699     2.00495  0.00602117
          12     1.96785     2.00185  0.00630609
          13     2.02421     2.00357  0.00605028
          14      2.0076     2.00386  0.00560885
          15     1.99463     2.00325   0.0052577
          16     1.99429     2.00269  0.00494988
          17     2.03157     2.00439  0.00495036
          18     1.96551     2.00223  0.00514278
          19     1.97371     2.00073  0.00509089
          20     2.00954     2.00117  0.00484969
          21     2.00216     2.00121  0.00461321
          22     1.98843     2.00063  0.00443676
          23     2.01742     2.00136  0.00430186
          24     2.00563     2.00154  0.00412256
          25     1.99681     2.00135  0.00395874
          26     1.97305     2.00026  0.00395614
          27     2.01599     2.00084  0.00385112
          28     2.02835     2.00183  0.00383883
          29     1.99786     2.00169  0.00370661
          30     2.01264     2.00206  0.00359948
          31     2.03764      2.0032  0.00366584
          32     2.02159     2.00378  0.00359563
          33     2.00539     2.00383  0.00348531
          34     1.95834     2.00249  0.00363625
          35      2.0305     2.00329  0.00362039
          36     2.01734     2.00368  0.00353997
          37     1.99473     2.00344  0.00345146
          38      1.9671     2.00248  0.00349288
          39     1.99962     2.00241  0.00340293
          40      2.0217     2.00289  0.00335165
          41     1.98428     2.00244  0.00330024
          42     1.99101     2.00216  0.00323217
          43     1.97367      2.0015  0.00322492
          44     2.03973     2.00237  0.00326835
          45     1.98231     2.00192  0.00322585
          46     1.98654     2.00159  0.00317263
          47     2.00413     2.00164  0.00310486
          48     1.99926     2.00159   0.0030399
          49     2.01987     2.00197  0.00300047
          50     1.98423     2.00161  0.00296117
          51     2.00872     2.00175  0.00290588
          52     2.01707     2.00205  0.00286464
          53     1.99478     2.00191  0.00281342
          54     1.98584     2.00161  0.00277682
          55     2.01252     2.00181  0.00273307
          56     1.98236     2.00146   0.0027062
          57     1.99371     2.00133  0.00266177
          58     1.99659     2.00124  0.00261675
          59     2.01845     2.00154  0.00258849
          60     2.00865     2.00166  0.00254774
          61     1.98969     2.00146  0.00251329
          62     2.00551     2.00152  0.00247329
          63     1.99187     2.00137  0.00243854
          64     2.02635     2.00176  0.00243167
          65     2.00412      2.0018  0.00239424
          66     1.97595     2.00141  0.00238998
          67     2.02342     2.00173  0.00237685
          68     1.98673     2.00151  0.00235201
          69     1.98151     2.00122  0.00233574
          70     2.01517     2.00142  0.00231074
          71     1.99944      2.0014  0.00227813
          72     2.00934     2.00151  0.00224898
          73     1.98656      2.0013  0.00222739
          74     1.97708     2.00097  0.00222133
          75     1.98817      2.0008  0.00219815
          76     1.97608     2.00048   0.0021933
          77     1.98555     2.00028  0.00217329
          78     1.99992     2.00028  0.00214525
          79     1.98173     2.00004   0.0021309
          80     2.02638     2.00037  0.00212969
          81     2.02139     2.00063  0.00211918
          82     1.99332     2.00054  0.00209507
          83     1.99338     2.00046  0.00207148
          84     2.01495     2.00063  0.00205392
          85     1.99409     2.00055  0.00203107
          86     2.00428      2.0006  0.00200779
          87     1.99637     2.00055  0.00198517
          88     2.00314     2.00058   0.0019627
          89     1.97999     2.00035  0.00195426
          90     2.00895     2.00044  0.00193479
          91     2.01215     2.00057  0.00191772
          92     2.02492     2.00083  0.00191514
          93     1.99822     2.00081  0.00189464
          94      2.0002      2.0008  0.00187439
          95      1.9884     2.00067  0.00185914
          96     2.00951     2.00076  0.00184198
          97     2.01282     2.00089  0.00182713
          98     1.98101     2.00068  0.00181973
          99     2.05032     2.00118  0.00186972
         100     1.97703     2.00094  0.00186662
