           1     0.33855     0.33855           0
           2    0.333472    0.336011   0.0025391
           3    0.336578      0.3362  0.00147808
           4    0.341536    0.337534  0.00169475
           5    0.329911     0.33601  0.00201189
           6     0.33951    0.336593  0.00174325
           7    0.336745    0.336615  0.00147348
           8    0.333684    0.336248  0.00132761
           9    0.340362    0.336705  0.00125687
          10    0.338709    0.336906  0.00114189
          11    0.337056    0.336919  0.00103297
          12    0.335686    0.336817 0.000948556
          13    0.336529    0.336794 0.000872826
          14    0.334144    0.336605 0.000829954
          15    0.336625    0.336606 0.000772646
          16    0.341058    0.336885  0.00077444
          17    0.336214    0.336845 0.000728528
          18    0.340416    0.337044 0.000714939
          19    0.336561    0.337018 0.000676741
          20    0.334467    0.336891 0.000654563
          21    0.334014    0.336754 0.000637505
          22    0.338151    0.336817 0.000611145
          23     0.33771    0.336856 0.000585257
          24    0.337855    0.336898 0.000561884
          25    0.338665    0.336968 0.000543559
          26    0.337728    0.336998 0.000523051
          27    0.339258    0.337081 0.000510219
          28    0.334584    0.336992 0.000499684
          29    0.341339    0.337142 0.000504904
          30    0.337263    0.337146   0.0004878
          31    0.337993    0.337173 0.000472594
          32    0.338346     0.33721 0.000459051
          33    0.341528    0.337341 0.000463762
          34    0.338951    0.337388 0.000452402
          35    0.337808      0.3374  0.00043945
          36    0.335141    0.337337 0.000431656
          37    0.338862    0.337379 0.000421845
          38    0.335485    0.337329 0.000413606
          39    0.330731     0.33716  0.00043694
          40    0.340166    0.337235 0.000432456
          41    0.338371    0.337262 0.000422686
          42    0.340966    0.337351 0.000421817
          43     0.33862     0.33738 0.000412948
          44    0.337453    0.337382 0.000403457
          45    0.334778    0.337324 0.000398613
          46    0.340873    0.337401 0.000397414
          47     0.34121    0.337482 0.000397223
          48    0.335835    0.337448 0.000390371
          49     0.34028    0.337506 0.000386665
          50    0.339508    0.337546 0.000380964
