           1     50.8726     50.8726           0
           2     45.3758     48.1242     2.74842
           3     51.1739     49.1408      1.8845
           4     52.9474     50.0924     1.63747
           5     50.8667     50.2473      1.2778
           6     53.7485     50.8308     1.19542
           7     53.9946     51.2828      1.1068
           8     52.3989     51.4223    0.968618
           9     50.0824     51.2734    0.867116
          10     53.0915     51.4552    0.796596
          11     49.4587     51.2737    0.743056
          12      47.699     50.9758    0.740845
          13     54.6362     51.2574    0.737356
          14     51.6716      51.287    0.683299
          15     56.1998     51.6145    0.715482
          16     49.9358     51.5096    0.677446
          17     53.7367     51.6406    0.649696
          18     46.1939      51.338    0.683203
          19     54.2937     51.4936    0.664705
          20     51.3143     51.4846    0.630658
          21     52.8075     51.5476    0.603174
          22      53.325     51.6284    0.580752
          23     51.3236     51.6151    0.555086
          24     55.5777     51.7802     0.55651
          25     49.2609     51.6795    0.543215
          26     53.6124     51.7538    0.527172
          27     49.9728     51.6878    0.511543
          28     51.8954     51.6953    0.492991
          29     50.1468     51.6419    0.478675
          30     54.5415     51.7385    0.472437
          31     47.9032     51.6148    0.473395
          32     51.6848      51.617    0.458368
          33     46.3293     51.4568    0.472274
          34     51.6544     51.4626     0.45821
          35     51.4975     51.4636    0.444926
          36     52.3423      51.488    0.433079
          37     50.4296     51.4594    0.422182
          38     53.0925     51.5023    0.413163
          39     54.3141     51.5744    0.408837
          40     54.9296     51.6583    0.407217
          41     51.3685     51.6513    0.397224
          42     52.8553     51.6799    0.388709
          43      51.756     51.6817    0.379566
          44     51.3287     51.6737    0.370926
          45     51.8761     51.6782    0.362618
          46     49.6363     51.6338    0.357414
          47     54.1005     51.6863    0.353643
          48     50.0633     51.6524    0.347844
          49     49.9112     51.6169     0.34252
          50     49.4416     51.5734    0.338408
