           1   0.0397276   0.0397276           0
           2   0.0365728   0.0381502   0.0015774
           3   0.0362456   0.0375153  0.00111016
           4   0.0369908   0.0373842 0.000795878
           5   0.0336468   0.0366367 0.000968906
           6   0.0331396   0.0360539 0.000982635
           7   0.0328936   0.0356024  0.00094526
           8   0.0371224   0.0357924 0.000840379
           9   0.0384324   0.0360857 0.000797082
          10    0.039432   0.0364204 0.000787558
          11   0.0337892   0.0361812 0.000751458
          12   0.0342808   0.0360228 0.000704027
          13    0.036334   0.0360467 0.000648053
          14   0.0310628   0.0356907 0.000697645
          15    0.036432   0.0357402  0.00065135
          16    0.039288   0.0359619 0.000648377
          17   0.0309116   0.0356648 0.000677635
          18   0.0341772   0.0355822 0.000644204
          19    0.040066   0.0358182 0.000653457
          20    0.035414    0.035798 0.000620253
          21   0.0376848   0.0358878 0.000596781
          22   0.0361284   0.0358987 0.000569113
          23   0.0370108   0.0359471 0.000545952
          24     0.03647   0.0359689 0.000523163
          25   0.0352524   0.0359402 0.000502618
          26   0.0363904   0.0359575  0.00048321
          27   0.0391444   0.0360756 0.000479716
          28   0.0386744   0.0361684 0.000471492
          29   0.0333644   0.0360717 0.000465105
          30   0.0402428   0.0362107 0.000470353
          31   0.0351432   0.0361763 0.000456229
          32   0.0344028   0.0361209 0.000445205
          33   0.0376376   0.0361668 0.000433944
          34   0.0335916   0.0360911 0.000427747
          35   0.0332604   0.0360102 0.000423147
          36   0.0372576   0.0360449 0.000412682
          37   0.0373576   0.0360803 0.000402938
          38   0.0404308   0.0361948  0.00040856
          39    0.038104   0.0362438 0.000400946
          40   0.0387488   0.0363064  0.00039578
          41   0.0362504    0.036305 0.000386008
          42   0.0337908   0.0362452 0.000381432
          43   0.0381552   0.0362896 0.000375095
          44   0.0380984   0.0363307  0.00036877
          45   0.0382592   0.0363736  0.00036302
          46   0.0396616    0.036445 0.000362165
          47   0.0404992   0.0365313 0.000364722
          48   0.0379076     0.03656 0.000358193
          49    0.037154   0.0365721 0.000351016
          50   0.0356424   0.0365535 0.000344426
          51   0.0365184   0.0365528 0.000337606
          52    0.032008   0.0364654 0.000342393
          53      0.0372   0.0364793 0.000336156
          54   0.0369736   0.0364884 0.000329999
          55   0.0403376   0.0365584 0.000331417
          56    0.040356   0.0366262 0.000332436
          57    0.037226   0.0366368 0.000326721
          58   0.0361436   0.0366282 0.000321151
          59   0.0409952   0.0367023 0.000324222
          60   0.0419704   0.0367901 0.000330644
          61    0.036968    0.036793 0.000325191
          62   0.0342932   0.0367527 0.000322434
          63    0.034898   0.0367232 0.000318638
          64   0.0383872   0.0367492 0.000314695
          65   0.0340272   0.0367073 0.000312633
          66   0.0381316   0.0367289 0.000308615
          67   0.0340168   0.0366884 0.000306658
          68   0.0359208   0.0366772 0.000302325
          69   0.0381304   0.0366982 0.000298655
          70   0.0364608   0.0366948 0.000294377
          71   0.0290252   0.0365868 0.000309654
          72   0.0357036   0.0365745  0.00030557
          73   0.0399092   0.0366202 0.000304797
          74    0.036506   0.0366187 0.000300654
          75    0.032474   0.0365634 0.000301722
          76   0.0370156   0.0365694 0.000297785
          77   0.0386228    0.036596   0.0002951
          78   0.0305472   0.0365185 0.000301438
          79     0.03416   0.0364886 0.000299092
          80   0.0393876   0.0365249 0.000297544
          81    0.033452   0.0364869 0.000296287
          82      0.0326   0.0364395 0.000296465
          83   0.0362192   0.0364369 0.000292883
          84   0.0357912   0.0364292 0.000289478
          85   0.0306744   0.0363615 0.000293955
          86   0.0369096   0.0363679 0.000290587
          87   0.0400284   0.0364099 0.000290292
          88     0.03311   0.0363724 0.000289414
          89   0.0357076    0.036365 0.000286242
          90   0.0327952   0.0363253 0.000285809
          91   0.0352888   0.0363139  0.00028288
          92   0.0327496   0.0362752 0.000282458
          93   0.0341704   0.0362525 0.000280319
          94   0.0360516   0.0362504 0.000277329
          95   0.0351352   0.0362387 0.000274646
          96   0.0405316   0.0362834 0.000275424
          97    0.036134   0.0362818 0.000272574
          98   0.0358788   0.0362777  0.00026981
          99   0.0366344   0.0362813 0.000267095
         100   0.0350304   0.0362688 0.000264706
