           1    0.383566    0.383566           0
           2    0.382801    0.383184 0.000382463
           3    0.378035    0.381467  0.00173029
           4    0.378899    0.380825  0.00138177
           5    0.373415    0.379343  0.00182812
           6    0.381526    0.379707  0.00153634
           7    0.374293    0.378934  0.00151131
           8    0.382261     0.37935  0.00137334
           9    0.380106    0.379434  0.00121408
          10    0.377626    0.379253  0.00110085
          11    0.374014    0.378777   0.0011038
          12    0.374401    0.378412  0.00107159
          13    0.377992     0.37838 0.000986244
          14    0.371583    0.377894  0.00103414
          15    0.375832    0.377757 0.000972496
          16     0.37426    0.377538 0.000935562
          17     0.37782    0.377555 0.000878964
          18    0.378411    0.377602 0.000830059
          19    0.372104    0.377313 0.000836789
          20     0.37773    0.377334 0.000794122
          21    0.371609    0.377061 0.000803042
          22     0.38129    0.377253 0.000789428
          23    0.379455    0.377349 0.000760371
          24     0.37761     0.37736 0.000728081
          25    0.377958    0.377384 0.000698761
          26    0.377783    0.377399 0.000671523
          27     0.38038     0.37751 0.000655536
          28    0.375372    0.377433 0.000636286
          29    0.375546    0.377368 0.000617394
          30    0.380904    0.377486 0.000607991
          31    0.376684     0.37746  0.00058862
          32    0.378888    0.377505 0.000571674
          33    0.381172    0.377616 0.000565116
          34    0.383369    0.377785 0.000573762
          35     0.38201    0.377906 0.000570055
          36    0.378048     0.37791 0.000554008
          37    0.380631    0.377983 0.000543824
          38    0.378199    0.377989  0.00052935
          39     0.37126    0.377816 0.000543701
          40    0.381998    0.377921 0.000540146
          41     0.37533    0.377858 0.000530584
          42    0.385123    0.378031  0.00054593
          43    0.384114    0.378172 0.000551536
          44    0.378826    0.378187  0.00053906
          45    0.376408    0.378148 0.000528426
          46     0.38055      0.3782 0.000519444
          47    0.373949    0.378109 0.000516254
          48    0.375688    0.378059 0.000507896
          49    0.378054    0.378059 0.000497422
          50    0.377286    0.378043 0.000487617
