           1    0.360702    0.360702           0
           2    0.359867    0.360285 0.000417849
           3    0.355021     0.35853  0.00177101
           4    0.357851     0.35836  0.00126374
           5    0.348986    0.356485  0.00211507
           6    0.364404    0.357805  0.00217353
           7    0.358639    0.357924  0.00184082
           8    0.358889    0.358045  0.00159876
           9    0.360441    0.358311  0.00143489
          10    0.358798     0.35836  0.00128433
          11    0.356317    0.358174  0.00117647
          12    0.353528    0.357787  0.00114161
          13    0.357563     0.35777  0.00105027
          14    0.355139    0.357582 0.000990355
          15    0.358502    0.357643 0.000924008
          16    0.361411    0.357879 0.000895841
          17    0.356139    0.357776 0.000847695
          18    0.356981    0.357732 0.000800436
          19    0.356318    0.357658 0.000760789
          20    0.356416    0.357596 0.000724411
          21    0.353493      0.3574 0.000716215
          22    0.360729    0.357552 0.000699447
          23    0.359294    0.357627 0.000672624
          24    0.358983    0.357684 0.000646461
          25    0.356722    0.357645 0.000621257
          26    0.357655    0.357646 0.000596884
          27    0.357226     0.35763 0.000574562
          28     0.35447    0.357517 0.000565051
          29    0.357395    0.357513 0.000545235
          30    0.358027     0.35753 0.000527026
          31    0.354676    0.357438 0.000517988
          32    0.360234    0.357526 0.000509092
          33    0.360023    0.357601 0.000499195
          34    0.360296     0.35768 0.000490731
          35    0.358821    0.357713 0.000477616
          36    0.352227    0.357561 0.000488535
          37    0.360343    0.357636 0.000481063
          38    0.358425    0.357657 0.000468693
          39    0.351212    0.357491   0.0004855
          40    0.362188    0.357609 0.000487559
          41      0.3558    0.357565 0.000477562
          42    0.359865    0.357619 0.000469258
          43    0.357482    0.357616 0.000458226
          44    0.361152    0.357697 0.000454847
          45    0.357362    0.357689 0.000444687
          46    0.361382    0.357769 0.000442259
          47     0.35727    0.357759 0.000432877
          48    0.356052    0.357723 0.000425253
          49    0.359839    0.357766 0.000418716
          50    0.356136    0.357734 0.000411551
