           1     0.91553     0.91553           0
           2    0.924253    0.919891   0.0043616
           3    0.909727    0.916503  0.00422134
           4    0.851897    0.900352   0.0164251
           5    0.929992     0.90628   0.0140361
           6    0.909079    0.906746   0.0114699
           7     0.92652    0.909571   0.0100971
           8    0.847234    0.901779   0.0117124
           9    0.914046    0.903142   0.0104189
          10    0.914938    0.904322  0.00939328
          11    0.840428    0.898513   0.0102922
          12    0.933384    0.901419  0.00983459
          13    0.873425    0.899266  0.00929927
          14    0.843423    0.895277  0.00948856
          15    0.781471     0.88769   0.0116444
          16     0.94251    0.891116   0.0114185
          17    0.881947    0.890577   0.0107393
          18    0.902903    0.891261   0.0101483
          19    0.937705    0.893706  0.00990565
          20    0.873556    0.892698  0.00945118
          21    0.854895    0.890898  0.00916832
          22    0.869073    0.889906  0.00879777
          23    0.862322    0.888707  0.00849168
          24    0.930051     0.89043  0.00831067
          25    0.691116    0.882457    0.011274
          26    0.909449    0.883495   0.0108814
          27    0.899489    0.884087   0.0104873
          28    0.876927    0.883832   0.0101091
          29     0.89218     0.88412  0.00975851
          30    0.878032    0.883917   0.0094298
          31    0.932635    0.885488  0.00925495
          32    0.821279    0.883482  0.00918297
          33    0.809268    0.881233  0.00918007
          34    0.915836    0.882251  0.00896394
          35     0.88563    0.882347   0.0087046
          36     0.93729    0.883873  0.00859592
          37    0.904105     0.88442  0.00837823
          38    0.959394    0.886393  0.00839005
          39    0.868374    0.885931  0.00818514
          40    0.880345    0.885791  0.00797911
          41    0.882791    0.885718  0.00778241
          42    0.950888     0.88727  0.00775174
          43    0.799172    0.885221  0.00784169
          44    0.797003    0.883216   0.0079194
          45    0.942041    0.884523  0.00785101
          46    0.894999    0.884751  0.00768181
          47     0.91755    0.885449  0.00754892
          48    0.756581    0.882764  0.00786255
          49    0.875845    0.882623  0.00770171
          50    0.793572    0.880842  0.00775343
