           1   -0.492581   -0.492581           0
           2   -0.494744   -0.493662   0.0010816
           3   -0.493778   -0.493701 0.000625642
           4   -0.492488   -0.493398 0.000536324
           5   -0.494414   -0.493601 0.000462538
           6   -0.492672   -0.493446 0.000408165
           7   -0.493261    -0.49342 0.000345977
           8   -0.492445   -0.493298 0.000323457
           9    -0.49363   -0.493335 0.000287646
          10   -0.493613   -0.493363 0.000258777
          11   -0.493229    -0.49335 0.000234388
          12   -0.493115   -0.493331 0.000214862
          13   -0.493989   -0.493381 0.000204022
          14   -0.492637   -0.493328 0.000196233
          15   -0.492677   -0.493285 0.000187774
          16   -0.493971   -0.493328  0.00018081
          17   -0.492925   -0.493304 0.000171487
          18    -0.49347   -0.493313 0.000161943
          19   -0.494112   -0.493355 0.000158847
          20   -0.492494   -0.493312 0.000156723
          21   -0.493856   -0.493338 0.000151305
          22   -0.492664   -0.493307 0.000147482
          23   -0.493107   -0.493299 0.000141193
          24   -0.492851    -0.49328 0.000136462
          25   -0.494256   -0.493319 0.000136587
          26   -0.495411     -0.4934 0.000153932
          27   -0.494744   -0.493449 0.000156266
          28   -0.493602   -0.493455  0.00015068
          29   -0.492408   -0.493419 0.000149805
          30   -0.492088   -0.493374 0.000151371
          31   -0.495221   -0.493434 0.000158059
          32   -0.493182   -0.493426 0.000153241
          33   -0.492955   -0.493412 0.000149209
          34   -0.493341    -0.49341 0.000144769
          35   -0.493534   -0.493413 0.000140617
          36   -0.493448   -0.493414 0.000136659
          37   -0.492774   -0.493397 0.000134034
          38   -0.494362   -0.493422 0.000132906
          39   -0.494077   -0.493439 0.000130536
          40   -0.493931   -0.493451 0.000127825
          41    -0.49423    -0.49347 0.000126107
          42   -0.493102   -0.493462  0.00012338
          43   -0.492229   -0.493433 0.000123841
          44   -0.493219   -0.493428 0.000121091
          45   -0.492726   -0.493413 0.000119392
          46   -0.493554   -0.493416 0.000116808
          47   -0.493035   -0.493408 0.000114582
          48   -0.494181   -0.493424 0.000113321
          49   -0.493624   -0.493428 0.000111059
          50   -0.492256   -0.493404  0.00011131
