           1    0.269261    0.269261           0
           2     0.26459    0.266925  0.00233583
           3    0.264042    0.265964  0.00165599
           4    0.269829     0.26693  0.00151807
           5    0.262922    0.266129  0.00142314
           6    0.267521    0.266361  0.00118493
           7    0.266613    0.266397   0.0010021
           8     0.26151    0.265786  0.00106125
           9    0.265884    0.265797 0.000935997
          10    0.265504    0.265768 0.000837694
          11    0.265001    0.265698  0.00076092
          12    0.264683    0.265613 0.000699751
          13    0.263435    0.265446 0.000665135
          14    0.263242    0.265288  0.00063559
          15    0.262838    0.265125 0.000613835
          16    0.266238    0.265195 0.000578386
          17    0.265336    0.265203 0.000543363
          18    0.264207    0.265148 0.000515265
          19    0.261877    0.264976 0.000516894
          20    0.265841    0.265019 0.000492273
          21    0.263159     0.26493 0.000476544
          22    0.267345     0.26504 0.000467441
          23    0.263623    0.264978 0.000450886
          24    0.264534     0.26496 0.000432087
          25    0.266213     0.26501 0.000417464
          26    0.264202    0.264979 0.000402287
          27    0.267456    0.265071  0.00039782
          28     0.26288    0.264992 0.000391255
          29    0.268988     0.26513 0.000401884
          30    0.262256    0.265034 0.000399905
          31    0.264816    0.265027 0.000386854
          32     0.26695    0.265087 0.000379359
          33    0.265342    0.265095 0.000367765
          34     0.26601    0.265122 0.000357798
          35     0.26215    0.265037 0.000357654
          36    0.266107    0.265067 0.000348846
          37    0.265593    0.265081 0.000339584
          38    0.265503    0.265092 0.000330713
          39      0.2635    0.265051 0.000324698
          40    0.266567    0.265089 0.000318737
          41    0.267605    0.265151 0.000316865
          42    0.265392    0.265156 0.000309282
          43     0.26537    0.265161 0.000302045
          44    0.263311    0.265119 0.000298082
          45    0.264626    0.265108 0.000291589
          46    0.266105     0.26513 0.000286001
          47    0.267027     0.26517 0.000282746
          48    0.264506    0.265156 0.000277138
          49    0.265424    0.265162 0.000271479
          50    0.266623    0.265191 0.000267594
