           1   0.0338264   0.0338264           0
           2   0.0260264   0.0299264      0.0039
           3   0.0286432   0.0294987  0.00229193
           4   0.0331272   0.0304058  0.00185725
           5   0.0280616    0.029937  0.00151309
           6   0.0289808   0.0297776  0.00124567
           7   0.0344064   0.0304389  0.00124322
           8   0.0263096   0.0299227  0.00119399
           9   0.0245208   0.0293225  0.00121205
          10   0.0293672    0.029327   0.0010841
          11   0.0285808   0.0292591  0.00098295
          12   0.0273848   0.0291029   0.0009108
          13   0.0266096   0.0289111 0.000859487
          14   0.0260664   0.0287079 0.000821264
          15   0.0276808   0.0286395 0.000767616
          16   0.0317096   0.0288313 0.000743235
          17   0.0288152   0.0288304 0.000698149
          18    0.033644   0.0290978 0.000710471
          19   0.0324896   0.0292763 0.000695344
          20    0.030296   0.0293273 0.000661628
          21   0.0262104   0.0291789   0.0006466
          22   0.0257008   0.0290208 0.000636457
          23   0.0266952   0.0289197 0.000616504
          24   0.0295152   0.0289445 0.000590779
          25   0.0293736   0.0289617 0.000566915
          26   0.0269888   0.0288858 0.000549934
          27    0.027156   0.0288217 0.000533039
          28   0.0234224   0.0286289 0.000548653
          29   0.0266784   0.0285616 0.000533651
          30   0.0307352   0.0286341 0.000520622
          31   0.0296368   0.0286664 0.000504585
          32    0.032596   0.0287892 0.000503759
          33   0.0243072   0.0286534 0.000506794
          34   0.0237592   0.0285095 0.000512301
          35   0.0269616   0.0284652 0.000499411
          36   0.0303808   0.0285184 0.000488248
          37   0.0328096   0.0286344 0.000488826
          38   0.0289832   0.0286436 0.000475877
          39   0.0280736    0.028629 0.000463745
          40   0.0275536   0.0286021 0.000452801
          41    0.027508   0.0285754 0.000442425
          42   0.0322424   0.0286627 0.000440502
          43   0.0280448   0.0286484 0.000430375
          44   0.0300728   0.0286807 0.000421725
          45    0.027412   0.0286525  0.00041321
          46     0.03186   0.0287223 0.000410098
          47   0.0307024   0.0287644 0.000403484
          48      0.0281   0.0287505 0.000395231
          49   0.0266312   0.0287073  0.00038949
          50    0.029764   0.0287284 0.000382205
