           1    -0.84637    -0.84637           0
           2    -0.84793    -0.84715     0.00078
           3   -0.850077   -0.848125  0.00107464
           4   -0.846982    -0.84784 0.000811832
           5   -0.847869   -0.847845  0.00062887
           6   -0.846797   -0.847671 0.000542399
           7     -0.8508   -0.848118 0.000640306
           8    -0.84709   -0.847989 0.000569219
           9   -0.849091   -0.848112 0.000516721
          10   -0.848845   -0.848185 0.000467948
          11   -0.849069   -0.848265 0.000430834
          12   -0.848024   -0.848245 0.000393809
          13    -0.84793   -0.848221 0.000363065
          14   -0.845722   -0.848042 0.000380599
          15   -0.849045   -0.848109 0.000360565
          16   -0.846453   -0.848006 0.000352809
          17   -0.846984   -0.847946 0.000336812
          18   -0.846694   -0.847876 0.000325068
          19    -0.84965   -0.847969 0.000321339
          20    -0.85017   -0.848079 0.000324091
          21   -0.847936   -0.848073 0.000308348
          22   -0.846872   -0.848018  0.00029902
          23   -0.847587   -0.847999 0.000286337
          24    -0.85101   -0.848125 0.000301478
          25   -0.849736   -0.848189 0.000296263
          26   -0.849043   -0.848222 0.000286529
          27   -0.847019   -0.848177 0.000279289
          28   -0.849243   -0.848216 0.000271807
          29   -0.849138   -0.848247 0.000264188
          30   -0.847178   -0.848212 0.000257708
          31   -0.848314   -0.848215 0.000249278
          32   -0.847934   -0.848206 0.000241522
          33   -0.849221   -0.848237 0.000236099
          34   -0.850123   -0.848292 0.000235673
          35   -0.850744   -0.848362  0.00023932
          36   -0.850883   -0.848432 0.000242889
          37   -0.849022   -0.848448 0.000236771
          38   -0.849408   -0.848474 0.000231835
          39   -0.847402   -0.848446 0.000227479
          40   -0.851912   -0.848533 0.000238048
          41   -0.846616   -0.848486  0.00023683
          42    -0.84801   -0.848475   0.0002314
          43   -0.848102   -0.848466 0.000226121
          44   -0.849427   -0.848488 0.000221999
          45   -0.845774   -0.848428 0.000225232
          46   -0.848294   -0.848425   0.0002203
          47   -0.849389   -0.848445 0.000216536
          48   -0.848555   -0.848448 0.000211989
          49   -0.849901   -0.848477 0.000209725
          50   -0.848029   -0.848468 0.000205684
