           1    0.114295    0.114295           0
           2   0.0797272   0.0970112    0.017284
           3   0.0951776      0.0964  0.00999762
           4   0.0969488   0.0965372  0.00707072
           5     0.09412   0.0960538  0.00549825
           6   0.0995552   0.0966373  0.00452707
           7   0.0910192   0.0958347  0.00390935
           8   0.0826608    0.094188  0.00376484
           9   0.0847696   0.0931415  0.00348129
          10   0.0960552   0.0934329  0.00312736
          11   0.0804616   0.0922537  0.00306475
          12    0.104781   0.0932976  0.00298614
          13   0.0884648   0.0929258  0.00277189
          14   0.0828984   0.0922096  0.00266435
          15   0.0856704   0.0917737  0.00251839
          16     0.11003   0.0929146  0.00261751
          17   0.0858808   0.0925009   0.0024933
          18    0.106966   0.0933045  0.00248428
          19   0.0913456   0.0932014  0.00235215
          20   0.0916424   0.0931235  0.00223281
          21   0.0868216   0.0928234  0.00214492
          22   0.0855256   0.0924917  0.00207183
          23     0.08016   0.0919555  0.00205102
          24    0.085472   0.0916854   0.0019822
          25   0.0914464   0.0916758  0.00190128
          26   0.0902688   0.0916217  0.00182749
          27   0.0892736   0.0915347  0.00176066
          28    0.093628   0.0916095  0.00169826
          29   0.0929464   0.0916556   0.0016393
          30    0.090992   0.0916335  0.00158387
          31   0.0990152   0.0918716  0.00155032
          32    0.097292    0.092041  0.00151062
          33    0.083992   0.0917971   0.0014843
          34   0.0787232   0.0914125  0.00149044
          35   0.0863248   0.0912672  0.00145451
          36   0.0974232   0.0914382  0.00142384
          37    0.100414   0.0916808  0.00140591
          38    0.101162   0.0919303  0.00139098
          39    0.104803   0.0922604  0.00139447
          40    0.076668   0.0918706  0.00141395
          41   0.0883864   0.0917856  0.00138165
          42    0.100153   0.0919848  0.00136299
          43   0.0902608   0.0919447  0.00133152
          44   0.0938648   0.0919883  0.00130164
          45   0.0906744   0.0919591  0.00127272
          46   0.0879728   0.0918725  0.00124776
          47   0.0882736   0.0917959  0.00122332
          48   0.0975272   0.0919153   0.0012035
          49   0.0938672   0.0919552  0.00117936
          50   0.0985528   0.0920871  0.00116304
