           1   -0.546722   -0.546722           0
           2   -0.549357   -0.548039   0.0013176
           3   -0.548358   -0.548146 0.000768122
           4   -0.547054   -0.547873 0.000607804
           5   -0.548336   -0.547965 0.000479831
           6   -0.547323   -0.547858 0.000406139
           7   -0.548474   -0.547946 0.000354323
           8   -0.546693    -0.54779 0.000344542
           9   -0.549675   -0.547999 0.000369085
          10   -0.548125   -0.548012 0.000330359
          11   -0.548862   -0.548089 0.000308667
          12   -0.547118   -0.548008 0.000293153
          13   -0.547987   -0.548007 0.000269666
          14    -0.54661   -0.547907 0.000268863
          15   -0.547475   -0.547878 0.000251946
          16   -0.548205   -0.547898 0.000236557
          17   -0.546251   -0.547802 0.000242414
          18   -0.548195   -0.547823 0.000229594
          19   -0.548938   -0.547882 0.000224952
          20   -0.547696   -0.547873 0.000213611
          21   -0.548658    -0.54791 0.000206594
          22   -0.547422   -0.547888 0.000198223
          23   -0.547805   -0.547884 0.000189443
          24   -0.547566   -0.547871 0.000181861
          25   -0.549368   -0.547931 0.000184426
          26   -0.548558   -0.547955 0.000178826
          27   -0.548605   -0.547979  0.00017375
          28   -0.548672   -0.548004 0.000169249
          29   -0.546933   -0.547967 0.000167433
          30   -0.545734   -0.547893 0.000178053
          31    -0.54831   -0.547906  0.00017274
          32   -0.548413   -0.547922 0.000168003
          33   -0.547107   -0.547897 0.000164693
          34   -0.547469   -0.547885 0.000160272
          35   -0.549245   -0.547923 0.000160405
          36   -0.547622   -0.547915 0.000156109
          37   -0.547798   -0.547912 0.000151864
          38   -0.548517   -0.547928 0.000148669
          39   -0.548672   -0.547947 0.000146058
          40   -0.549296   -0.547981 0.000146301
          41    -0.54779   -0.547976 0.000142763
          42   -0.547731    -0.54797 0.000139444
          43   -0.546957   -0.547947 0.000138187
          44   -0.547707   -0.547941  0.00013512
          45   -0.548048   -0.547944 0.000132104
          46   -0.548125   -0.547947 0.000129261
          47    -0.54803   -0.547949 0.000126493
          48   -0.547445   -0.547939 0.000124275
          49   -0.548056   -0.547941 0.000121735
          50    -0.54716   -0.547926 0.000120295
