           1    0.446785    0.446785           0
           2    0.438797    0.442791  0.00399385
           3    0.435585    0.440389  0.00332965
           4    0.440568    0.440434  0.00235485
           5    0.434269    0.439201  0.00220162
           6    0.432366    0.438062  0.00212817
           7    0.442944    0.438759  0.00192916
           8    0.431608    0.437865  0.00189483
           9    0.435452    0.437597  0.00169245
          10    0.429646    0.436802  0.00170989
          11    0.441326    0.437213  0.00160041
          12    0.436968    0.437193  0.00146111
          13    0.445234    0.437811  0.00147952
          14    0.442126     0.43812  0.00140401
          15    0.436349    0.438002  0.00131238
          16    0.441972     0.43825  0.00125245
          17     0.44682    0.438754  0.00127993
          18    0.437165    0.438666  0.00120995
          19     0.44715    0.439112  0.00122853
          20    0.434156    0.438864  0.00119154
          21    0.448549    0.439325  0.00122362
          22    0.435474     0.43915  0.00117974
          23    0.429371    0.438725   0.0012048
          24    0.440977    0.438819  0.00115732
          25    0.432734    0.438576  0.00113643
          26    0.446552    0.438882  0.00113413
          27     0.44439    0.439086  0.00111021
          28    0.435855    0.438971  0.00107604
          29    0.445254    0.439188  0.00106063
          30    0.438087    0.439151  0.00102533
          31    0.445966    0.439371  0.00101578
          32    0.438833    0.439354 0.000983666
          33    0.438859    0.439339  0.00095351
          34    0.444521    0.439491 0.000937512
          35    0.438747     0.43947  0.00091058
          36    0.437521    0.439416 0.000886579
          37    0.443784    0.439534 0.000870328
          38    0.442937    0.439624 0.000851834
          39     0.43692    0.439554 0.000832596
          40    0.447815    0.439761 0.000837378
          41    0.435085    0.439647 0.000824624
          42    0.439946    0.439654 0.000804782
          43    0.438301    0.439622 0.000786472
          44    0.447118    0.439793 0.000787047
          45    0.447925    0.439973   0.0007903
          46    0.436013    0.439887 0.000777709
          47    0.435963    0.439804 0.000765549
          48    0.438621    0.439779 0.000749836
          49    0.444878    0.439883 0.000741709
          50    0.433676    0.439759 0.000737252
          51    0.424551    0.439461 0.000781761
          52    0.441595    0.439502 0.000767678
          53    0.443174    0.439571 0.000756235
          54    0.450374    0.439771 0.000768589
          55    0.444853    0.439864 0.000760122
          56    0.430476    0.439696 0.000765019
          57    0.435099    0.439615 0.000755794
          58      0.4379    0.439586 0.000743237
          59    0.444308    0.439666 0.000734903
          60    0.443884    0.439736 0.000725963
          61    0.439579    0.439734 0.000713967
          62    0.446209    0.439838  0.00071008
          63    0.438635    0.439819 0.000698979
          64    0.433931    0.439727 0.000694095
          65    0.432086    0.439609 0.000693371
          66     0.43902      0.4396 0.000682843
          67    0.442885    0.439649 0.000674358
          68    0.437862    0.439623 0.000664887
          69    0.434282    0.439546 0.000659736
          70    0.439977    0.439552 0.000650272
          71    0.443982    0.439614 0.000644078
          72    0.436967    0.439578 0.000636132
          73    0.443779    0.439635 0.000629992
          74    0.442688    0.439676 0.000622788
          75    0.434692     0.43961 0.000618012
          76    0.434539    0.439543 0.000613466
          77    0.442675    0.439584 0.000606811
          78    0.439197    0.439579 0.000599001
          79    0.445126    0.439649 0.000595525
          80    0.437071    0.439617 0.000588916
          81    0.442964    0.439658 0.000583067
          82    0.443005    0.439699 0.000577356
          83    0.445468    0.439769 0.000574577
          84    0.434502    0.439706 0.000571147
          85    0.437875    0.439684 0.000564798
          86    0.443358    0.439727 0.000559825
          87    0.438354    0.439711 0.000553577
          88     0.43825    0.439695 0.000547502
          89    0.442543    0.439727 0.000542261
          90    0.441179    0.439743 0.000536445
          91    0.442039    0.439768 0.000531116
          92    0.434475     0.43971 0.000528452
          93    0.441413    0.439729 0.000523059
          94    0.432142    0.439648 0.000523722
          95    0.430169    0.439548   0.0005277
          96    0.451341    0.439671 0.000536429
          97    0.445335     0.43973 0.000534071
          98    0.442012    0.439753 0.000529106
          99      0.4356    0.439711 0.000525412
         100    0.433557    0.439649 0.000523759
