           1     0.24217     0.24217           0
           2    0.242848    0.242509 0.000339314
           3    0.241623    0.242213 0.000354439
           4    0.242461    0.242275 0.000258142
           5    0.241807    0.242182 0.000220766
           6    0.241921    0.242138 0.000185424
           7    0.240903    0.241962 0.000236038
           8    0.240752    0.241811 0.000254258
           9     0.24309    0.241953  0.00026553
          10    0.240556    0.241813 0.000275502
          11    0.242954    0.241917 0.000269937
          12    0.239976    0.241755 0.000294747
          13    0.240133     0.24163 0.000298479
          14    0.241549    0.241625 0.000276399
          15    0.241678    0.241628 0.000257339
          16    0.240012    0.241527 0.000261043
          17    0.239199     0.24139 0.000280849
          18    0.240702    0.241352 0.000267532
          19    0.242563    0.241416 0.000260969
          20    0.241813    0.241436 0.000248373
          21    0.242439    0.241483 0.000241036
          22    0.238514    0.241348 0.000266518
          23    0.240807    0.241325 0.000255753
          24    0.238748    0.241218 0.000267368
          25    0.242435    0.241266 0.000261036
          26    0.243626    0.241357 0.000266718
          27    0.240479    0.241324 0.000258703
          28     0.24149     0.24133 0.000249362
          29    0.241864    0.241349 0.000241313
          30    0.240649    0.241325 0.000234294
          31    0.242645    0.241368 0.000230571
          32    0.241822    0.241382   0.0002237
          33    0.239464    0.241324 0.000224469
          34    0.240031    0.241286 0.000221064
          35     0.24016    0.241254 0.000217051
          36    0.243886    0.241327 0.000223249
          37    0.241843    0.241341 0.000217579
          38    0.240805    0.241327 0.000212245
          39     0.24083    0.241314 0.000207123
          40    0.241232    0.241312 0.000201889
          41    0.240645    0.241296 0.000197574
          42    0.241915    0.241311 0.000193375
          43    0.240422     0.24129 0.000189951
          44    0.244082    0.241353 0.000196136
          45    0.241518    0.241357 0.000191763
          46    0.240716    0.241343 0.000188065
          47    0.243166    0.241382 0.000188062
          48    0.240951    0.241373 0.000184321
          49     0.24145    0.241374 0.000180527
          50     0.24152    0.241377 0.000176904
          51    0.242956    0.241408  0.00017614
          52    0.241057    0.241402 0.000172852
          53    0.244783    0.241465 0.000181164
          54    0.240801    0.241453 0.000178203
          55    0.243295    0.241487 0.000178111
          56    0.238578    0.241435 0.000182452
          57    0.239715    0.241404 0.000181744
          58    0.242561    0.241424 0.000179694
          59    0.242056    0.241435 0.000176946
          60     0.24235     0.24145  0.00017464
          61    0.241816    0.241456 0.000171857
          62    0.243356    0.241487 0.000171816
          63    0.242672    0.241506  0.00017011
          64    0.243012    0.241529 0.000169078
          65    0.241979    0.241536   0.0001666
          66    0.242794    0.241555  0.00016516
          67    0.239998    0.241532 0.000164329
          68    0.244416    0.241574 0.000167358
          69    0.240824    0.241564 0.000165273
          70    0.243118    0.241586 0.000164402
          71    0.243039    0.241606 0.000163356
          72    0.243616    0.241634 0.000163471
          73    0.241481    0.241632  0.00016123
          74    0.240179    0.241612 0.000160244
          75     0.24237    0.241623 0.000158415
          76    0.239698    0.241597 0.000158355
          77    0.241843      0.2416 0.000156317
          78    0.243289    0.241622 0.000155812
          79    0.242681    0.241635  0.00015441
          80    0.240393     0.24162 0.000153257
          81    0.243315    0.241641 0.000152792
          82    0.241836    0.241643 0.000150936
          83    0.243131    0.241661  0.00015018
          84    0.241576     0.24166 0.000148385
          85    0.243456    0.241681 0.000148144
          86    0.242673    0.241693 0.000146864
          87    0.242238    0.241699 0.000145302
          88    0.240902     0.24169 0.000143926
          89    0.242462    0.241699 0.000142564
          90    0.240509    0.241685 0.000141589
          91    0.243739    0.241708 0.000141831
          92    0.242596    0.241718 0.000140613
          93    0.242605    0.241727 0.000139419
          94    0.239532    0.241704 0.000139891
          95     0.24235    0.241711 0.000138578
          96    0.242454    0.241718 0.000137345
          97    0.242307    0.241724 0.000136057
          98    0.238329     0.24169 0.000139048
          99    0.242453    0.241698 0.000137853
         100    0.242139    0.241702 0.000136538
