           1    0.446501    0.446501           0
           2    0.431649    0.439075  0.00742634
           3    0.423953    0.434034  0.00661761
           4    0.434142    0.434061  0.00467944
           5    0.428269    0.432903  0.00380529
           6    0.411287      0.4293  0.00475734
           7    0.429848    0.429378  0.00402145
           8    0.421888    0.428442  0.00360633
           9     0.43029    0.428648   0.0031871
          10    0.437996    0.429582       0.003
          11    0.438366    0.430381  0.00282865
          12    0.429214    0.430284  0.00258402
          13    0.449281    0.431745  0.00279026
          14    0.434411    0.431935  0.00259029
          15     0.43307    0.432011  0.00241261
          16    0.429436     0.43185  0.00226252
          17    0.441567    0.432422   0.0022008
          18    0.425427    0.432033  0.00211101
          19    0.435875    0.432235  0.00200702
          20    0.425903    0.431919  0.00193017
          21    0.445322    0.432557  0.00194373
          22    0.439906    0.432891  0.00188314
          23    0.424701    0.432535   0.0018343
          24     0.45155    0.433327  0.00192665
          25    0.429286    0.433166  0.00185504
          26    0.417673     0.43257  0.00187924
          27    0.440359    0.432858  0.00183116
          28     0.43871    0.433067  0.00177689
          29    0.440672    0.433329  0.00173446
          30    0.434972    0.433384  0.00167654
          31     0.45119    0.433959  0.00172028
          32     0.42583    0.433705  0.00168491
          33    0.432493    0.433668  0.00163347
          34    0.438069    0.433797  0.00158997
          35    0.434952     0.43383  0.00154423
          36    0.430419    0.433735  0.00150371
          37     0.44714    0.434098  0.00150671
          38    0.426509    0.433898  0.00148005
          39    0.439168    0.434033  0.00144792
          40    0.420795    0.433702  0.00144955
          41    0.427572    0.433553  0.00142163
          42    0.453913    0.434038  0.00146963
          43     0.42148    0.433745  0.00146446
          44    0.437733    0.433836  0.00143366
          45    0.438481    0.433939  0.00140523
          46    0.434993    0.433962  0.00137453
          47    0.447094    0.434242  0.00137368
          48    0.435697    0.434272   0.0013451
          49    0.411339    0.433804  0.00139803
          50    0.426461    0.433657  0.00137764
          51     0.42719     0.43353   0.0013563
          52    0.446665    0.433783  0.00135373
          53    0.431589    0.433741  0.00132859
          54    0.442681    0.433907  0.00131422
          55     0.43951    0.434009  0.00129412
          56    0.416966    0.433705  0.00130673
          57    0.421704    0.433494  0.00130076
          58    0.434509    0.433511  0.00127825
          59    0.427404    0.433408  0.00126066
          60    0.448398    0.433658  0.00126439
          61    0.435536    0.433689  0.00124388
          62    0.431729    0.433657  0.00122406
          63    0.411013    0.433298  0.00125696
          64    0.431008    0.433262  0.00123768
          65    0.444818     0.43344  0.00123139
          66    0.426131    0.433329  0.00121764
          67    0.427339    0.433239  0.00120265
          68    0.438999    0.433324  0.00118786
          69    0.423422    0.433181  0.00117928
          70    0.428879    0.433119  0.00116394
          71     0.43854    0.433196  0.00114996
          72    0.437694    0.433258   0.0011356
          73    0.443056    0.433392  0.00112795
          74    0.438564    0.433462  0.00111479
          75    0.427955    0.433389  0.00110228
          76    0.414975    0.433146  0.00111433
          77    0.422368    0.433006  0.00110864
          78    0.427844     0.43294  0.00109633
          79    0.456102    0.433233  0.00112137
          80    0.438098    0.433294  0.00110893
          81    0.438957    0.433364  0.00109739
          82    0.442294    0.433473  0.00108938
          83    0.431891    0.433454  0.00107634
          84    0.430245    0.433416  0.00106414
          85    0.418239    0.433237   0.0010666
          86    0.439186    0.433306  0.00105639
          87    0.450294    0.433502  0.00106227
          88    0.424674    0.433401  0.00105491
          89    0.427126    0.433331  0.00104537
          90    0.443279    0.433441  0.00103959
          91     0.43222    0.433428  0.00102819
          92    0.436566    0.433462  0.00101752
          93    0.442554     0.43356  0.00101126
          94    0.439418    0.433622  0.00100238
          95    0.426137    0.433543 0.000994898
          96    0.444157    0.433654 0.000990668
          97    0.425171    0.433566 0.000984295
          98    0.448075    0.433714 0.000985384
          99    0.433089    0.433708   0.0009754
         100      0.4348    0.433719 0.000965659
