0.0568198
0.056819
0.0568176
0.0568156
0.0568129
0.0568097
0.0568059
0.0568015
0.0567965
0.0567909
0.0567846
0.0567775
0.0567697
0.0567599
0.0567498
0.0567386
0.056726
0.0567145
0.0566997
0.0566846
0.0566694
0.056653
0.0566358
0.0566176
0.0565985
0.0565784
0.0565585
0.0565373
0.0565143
0.0564915
0.0564677
0.056443
0.0564166
0.0563888
0.056361
0.0563327
0.0563033
0.0562704
0.0562379
0.0562051
0.0561724
0.0561367
0.0561004
0.0560613
0.056022
0.0559809
0.0559384
0.0558932
0.0558465
0.0557985
0.0557487
0.0556961
0.0556429
0.0555874
0.0555291
0.0554689
0.055406
0.05534
0.0552722
0.0552008
0.0551264
0.0550498
0.0549687
0.0548839
0.054796
0.0547046
0.0546088
0.0545095
0.0544063
0.0542982
0.0541848
0.0540671
0.0539456
0.0538183
0.0536863
0.0535497
0.053411
0.0532673
0.053122
0.0529751
0.0528289
0.052685
0.0525479
0.0524219
0.0523126
0.0522297
0.0521859
0.0521951
0.0522774
0.0524574
0.0527632
0.0532291
0.0538828
0.0547439
0.0558051
0.0570108
0.058241
0.0593095
0.059999
0.0601284
0.0596318
0.0585898
0.0572009
0.0557042
0.0543115
0.0531744
0.0523851
0.0519963
0.0520402
0.0525411
0.0535148
0.0549662
0.0568606
0.0591094
0.0615494
0.0639585
0.0660977
0.0677754
0.0688906
0.0694144
0.0693533
0.0687237
0.0675726
0.0660107
0.0642272
0.0624547
0.0609147
0.059765
0.0590731
0.0588208
0.0589317
0.059304
0.0598513
0.0605316
0.0613503
0.0623419
0.063538
0.0649259
0.0664402
0.0679676
0.0693826
0.0705849
0.0715318
0.0722382
0.0727594
0.0731508
0.0734394
0.073615
0.0736292
0.0734117
0.0728932
0.0720277
0.0708006
0.0692332
0.067379
0.0653161
0.063142
0.0609612
0.0588785
0.0569911
0.0553807
0.0541129
0.0532306
0.0527567
0.0526979
0.0530439
0.0537711
0.0548518
0.0562579
0.0579752
0.0600077
0.0623809
0.0651263
0.0682544
0.0717225
0.0754256
0.0792038
0.0828559
0.0860747
0.0883502
0.0890139
0.0875984
0.0842712
0.0798136
0.0751615
0.0709629
0.067477
0.0646918
0.0624815
0.0606947
0.0592079
0.0579353
0.0568206
0.0558332
0.0549529
0.0541607
0.0534439
0.0527924
0.052206
0.0516976
0.0512975
0.0510444
0.0509918
0.0511869
0.0516651
0.052428
0.0534366
0.0545945
0.0557627
0.0567871
0.0575313
0.0579155
0.057928
0.0576145
0.0570548
0.0563472
0.0555851
0.0548578
0.0542289
0.0537341
0.0533739
0.0531215
0.0529395
0.0527933
0.0526671
0.0525672
0.0525286
0.0525992
0.0528338
0.053284
0.0539887
0.0549722
0.056229
0.0577192
0.0593578
0.0610204
0.0625728
0.0639036
0.0649618
0.0657584
0.0663371
0.0667364
0.0669598
0.0669923
0.0668304
0.0665157
0.0661359
0.0658052
0.0656333
0.0656965
0.0660285
0.0666298
0.0674774
0.0685266
0.0696898
0.0708075
0.0716196
0.0717708
0.0709251
0.0689265
0.0659123
0.0622648
0.058448
0.0548384
0.0516595
0.0489956
0.0468433
0.0451543
0.0438711
0.0429402
0.0423224
0.041992
0.0419347
0.0421506
0.042647
0.0434393
0.044541
0.0459719
0.0477424
0.049856
0.0522982
0.0550335
0.0580032
0.0611232
0.06428
0.0673328
0.070114
0.0724195
0.074034
0.0747685
0.0745247
0.0733436
0.0714213
0.0690475
0.0665391
0.0641818
0.0621981
0.0607486
0.0599259
0.059726
0.0600092
0.060464
0.060636
0.0600734
0.058541
0.0561461
0.0532624
0.0503226
0.047648
0.0453972
0.0436028
0.0422203
0.0411845
0.0404256
0.0398867
0.0395272
0.0393201
0.0392562
0.0393358
0.039572
0.039989
0.0406158
0.0414852
0.0426311
0.0440758
0.045821
0.047835
0.0500338
0.0522824
0.0544042
0.0562149
0.0575632
0.0583661
0.058607
0.0583184
0.0575509
0.0563674
0.0548454
0.0530849
0.0512053
0.0493289
0.0475658
0.0460006
0.0446875
0.0436503
0.0428967
0.0424209
0.042209
0.0422485
0.0425219
0.0430153
0.0437138
0.0445977
0.0456489
0.0468464
0.0481709
0.0496108
0.0511644
0.0528365
0.0546235
0.0564946
0.0583554
0.0600301
0.0612886
0.0619354
0.0619186
0.0613752
0.0605837
0.0598352
0.0593276
0.0591082
0.0590927
0.0591245
0.059055
0.0588084
0.0584125
0.0579706
0.0576017
0.0573894
0.057345
0.0574127
0.0574854
0.0574417
0.0571793
0.056643
0.0558432
0.0548467
0.0537644
0.0527206
0.0518339
0.051196
0.0508691
0.0508823
0.0512322
0.0518857
0.05279
0.0538709
0.055045
0.0562154
0.0572698
0.0580755
0.0584827
0.0583494
0.0575925
0.05622
0.0543454
0.0521498
0.0498368
0.0475811
0.0455125
0.0437023
0.0421849
0.0409614
0.0400161
0.0393286
0.0388734
0.038626
0.038564
0.0386713
0.0389365
0.0393538
0.039918
0.040627
0.041484
0.0424875
0.0436289
0.0448948
0.0462581
0.0476835
0.049125
0.0505329
0.0518688
0.0531053
0.0542374
0.0552841
0.0562866
0.0572893
0.0583352
0.0594527
0.0606498
0.0619142
0.0632158
0.0645153
0.0657678
0.0669367
0.067987
0.0688879
0.0696146
0.0701472
0.0704698
0.0705843
0.0705054
0.0702622
0.0698845
0.069398
0.0688127
0.0681215
0.0673159
0.0664005
0.065407
0.0643982
0.0634586
0.0626745
0.0621079
0.061788
0.0617017
0.0618048
0.06203
0.0622996
0.0625367
0.0626611
0.0626022
0.0622981
0.0617059
0.0608078
0.0596139
0.0581593
0.0565013
0.054711
0.0528648
0.0510352
0.0492854
0.0476653
0.0462094
0.0449396
0.0438691
0.0430072
0.0423622
0.0419431
0.04176
0.0418291
0.0421614
0.0427651
0.043623
0.0446871
0.045865
0.0470114
0.0479524
0.0485273
0.0486409
0.0483028
0.0476212
0.0467597
0.0458878
0.0451397
0.0446036
0.0443299
0.0443474
0.0446739
0.0453342
0.0463612
0.0477987
0.0496912
0.0520729
0.054932
0.05817
0.0615602
0.064742
0.0672746
0.0687721
0.0690626
0.0682777
0.0668064
0.0651286
0.0636377
0.0625322
0.0618089
0.0613411
0.0609678
0.060573
0.0601078
0.0595742
0.0589946
0.0583883
0.0577743
0.0571673
0.0565823
0.0560381
0.0555486
0.0551225
0.0547645
0.0544849
0.0543001
0.0542333
0.0543097
0.0545578
0.0549982
0.0556349
0.0564533
0.0573989
0.05837
0.0592126
0.0597392
0.0597754
0.0592177
0.058084
0.0564986
0.0546431
0.0526954
0.050795
0.0490321
0.0474618
0.0461234
0.0450508
0.0442722
0.0438055
0.0436521
0.0437907
0.0441641
0.0446926
0.0452795
0.0458387
0.0463173
0.0467
0.0470065
0.0472564
0.0474376
0.0474984
0.0473579
0.0469504
0.0462634
0.0453527
0.0443295
0.0433244
0.0424527
0.0417987
0.0414128
0.0413169
0.041512
0.0419866
0.0427173
0.0436671
0.0447815
0.0459892
0.0472081
0.0483502
0.0493481
0.0501625
0.0507942
0.0512804
0.0516783
0.0520599
0.0525019
0.0530852
0.0538879
0.0549747
0.0563656
0.0580059
0.0597472
0.0613451
0.062517
0.0630363
0.0628292
0.0620069
0.0608222
0.0595744
0.0585225
0.0578502
0.05767
0.0580387
0.0589963
0.0605783
0.0628135
0.0657072
0.0691915
0.0730719
0.0770011
0.0805389
0.0832859
0.0850217
0.0857176
0.0854108
0.0841117
0.0818093
0.0785776
0.0746405
0.0703476
0.0660851
0.0621806
0.058858
0.0562141
0.0542349
0.0528145
0.0517848
0.0509547
0.0501552
0.0492863
0.0483352
0.0473661
0.0464925
0.0458378
0.0455125
0.0455993
0.0461596
0.0472298
0.0488294
0.0509611
0.0536024
0.0566932
0.0601161
0.063674
0.0670751
0.0699643
0.0720106
0.0730142
0.0729323
0.0718239
0.0697871
0.0669991
0.0637723
0.060514
0.0576134
0.0553377
0.053796
0.0529832
0.0528127
0.05315
0.0538307
0.0546752
0.0555
0.056147
0.0565063
0.0565407
0.0562898
0.0558668
0.0554333
0.0551608
0.0551797
0.055534
0.0561377
0.0567701
0.0571266
0.0569315
0.0560628
0.0546102
0.0528208
0.0509793
0.0493147
0.0479543
0.046948
0.0462913
0.045956
0.0459061
0.0461079
0.0465299
0.0471425
0.0479109
0.048789
0.0497206
0.0506382
0.0514686
0.0521416
0.0526039
0.052826
0.0528054
0.0525701
0.0521721
0.0516743
0.0511433
0.0506392
0.0502039
0.0498632
0.0496261
0.0494905
0.04945
0.0494989
0.0496348
0.0498561
0.0501631
0.0505478
0.0509912
0.051464
0.0519314
0.0523575
0.0527177
0.0530122
0.0532588
0.0534985
0.0537762
0.0541317
0.0545948
0.0551793
0.0559021
0.0567851
0.0578525
0.0591058
0.0604839
0.0618166
0.0628181
0.0631397
0.0624957
0.0607912
0.0581852
0.0550243
0.0517154
0.0486008
0.0458997
0.043716
0.0420673
0.0409234
0.040236
0.0399533
0.040032
0.040439
0.0411475
0.0421352
0.0433778
0.0448381
0.0464674
0.0481983
0.0499571
0.0516755
0.0533073
0.0548377
0.0562762
0.0576425
0.0589355
0.0601187
0.0611187
0.061842
0.0622039
0.0621708
0.0617783
0.0611246
0.0603455
0.0595598
0.0588298
0.0581357
0.0573987
0.0565138
0.0554116
0.0540975
0.0526499
0.0511926
0.0498464
0.0486957
0.0477729
0.0470661
0.0465307
0.0461062
0.0457305
0.0453523
0.0449415
0.0444852
0.0439922
0.0434838
0.0429895
0.0425421
0.0421752
0.0419119
0.0417755
0.0417821
0.0419416
0.0422594
0.0427332
0.043354
0.0441053
0.0449617
0.0458964
0.0468881
0.0479284
0.0490289
0.0502179
0.0515249
0.0529563
0.054477
0.0560171
0.0575032
0.0589137
0.0603012
0.0617573
0.0633417
0.0650102
0.0666071
0.067947
0.0689297
0.0696115
0.0701808
0.0708253
0.0715797
0.0722613
0.0725542
0.0721967
0.0711326
0.0694977
0.067501
0.0653042
0.0629923
0.0606136
0.0582198
0.0558835
0.0536854
0.051694
0.0499529
0.0484741
0.0472445
0.0462344
0.0454038
0.0447156
0.0441386
0.043645
0.0432155
0.0428394
0.0425108
0.0422286
0.041993
0.0418085
0.0416783
0.0416089
0.0416044
0.0416703
0.0418139
0.0420417
0.0423611
0.0427828
0.0433189
0.0439854
0.0448004
0.0457818
0.0469452
0.0482962
0.0498313
0.0515255
0.0533387
0.0552124
0.0570702
0.0588101
0.060283
0.0612788
0.0615729
0.0610197
0.0596638
0.0577506
0.0556406
0.0536681
0.0520559
0.0509031
0.0502075
0.0499032
0.0498948
0.0500683
0.0503042
0.0504931
0.050549
0.0504183
0.0500926
0.049603
0.0490129
0.0483972
0.0478337
0.0473837
0.0470928
0.0469905
0.0470901
0.0473909
0.0478763
0.0485124
0.0492446
0.0499977
0.050683
0.0512095
0.0515014
0.0515202
0.0512703
0.0507995
0.0501821
0.0494948
0.0488058
0.0481662
0.0476077
0.047146
0.0467795
0.0465052
0.0463077
0.0461729
0.0460824
0.0460162
0.0459591
0.0458987
0.045828
0.0457499
0.0456711
0.0456122
0.0455939
0.0456417
0.0457805
0.0460389
0.0464481
0.0470439
0.0478707
0.0489724
0.0503823
0.0520819
0.0539605
0.0557628
0.0570966
0.057549
0.0568678
0.0551176
0.0526413
0.0498828
0.0472125
0.0448446
0.0428616
0.0412608
0.0400003
0.039027
0.0382939
0.037761
0.0373975
0.0371821
0.0370977
0.0371327
0.0372809
0.0375349
0.0378928
0.0383511
0.0389078
0.0395616
0.0403068
0.0411401
0.0420532
0.043036
0.0440754
0.0451499
0.0462353
0.0472968
0.0482959
0.0491847
0.049923
0.0504706
0.0508093
0.0509377
0.0508833
0.0506925
0.0504268
0.0501547
0.0499399
0.0498402
0.049902
0.0501635
0.0505733
0.0511491
0.051879
0.0527313
0.0536555
0.054585
0.0554367
0.0561245
0.0565686
0.0567173
0.0565525
0.0561006
0.0554218
0.0545991
0.0537231
0.0528822
0.0521546
0.0516076
0.0512957
0.0512617
0.0515378
0.0521372
0.0530528
0.0542487
0.0556637
0.0572113
0.0587931
0.0603102
0.0616796
0.062835
0.0637102
0.0642262
0.0642767
0.0637579
0.0626208
0.0609294
0.0588696
0.0567036
0.0546884
0.053019
0.0518044
0.05108
0.0508217
0.0509714
0.0514562
0.0521992
0.0531304
0.0541926
0.0553439
0.0565558
0.057802
0.0590463
0.0602348
0.0612955
0.0621483
0.0627206
0.0629702
0.0629073
0.0625988
0.0621672
0.0617731
0.0616036
0.0618564
0.0627106
0.0642708
0.0664531
0.0688381
0.0706202
0.0708872
0.0691805
0.0658541
0.0618031
0.0578918
0.05461
0.0520936
0.0502781
0.0490265
0.0482038
0.0477013
0.0474305
0.0473203
0.0473026
0.0473048
0.0472549
0.0470872
0.0467594
0.0462631
0.0456281
0.0449202
0.0442197
0.0436064
0.0431474
0.0428905
0.0428601
0.0430577
0.0434676
0.0440558
0.0447706
0.0455478
0.0463108
0.046973
0.0474452
0.0476457
0.0475146
0.0470324
0.0462239
0.0451609
0.0439468
0.0426818
0.0414592
0.040343
0.0393693
0.038553
0.0378905
0.037372
0.036981
0.0367025
0.0365232
0.036433
0.0364263
0.0365015
0.0366633
0.0369177
0.0372789
0.0377646
0.038396
0.0391967
0.0401894
0.0413924
0.0428132
0.0444435
0.0462527
0.0481926
0.0502072
0.052257
0.0543415
0.0565115
0.0588509
0.0614419
0.0643068
0.0673785
0.0704988
0.0734729
0.0761278
0.0783376
0.0799724
0.0808433
0.0807195
0.0794474
0.0770792
0.073888
0.0702608
0.0665531
0.0630077
0.0597497
0.0568209
0.0542162
0.0519126
0.0498847
0.0481101
0.0465689
0.0452476
0.0441335
0.0432147
0.0424825
0.0419272
0.0415419
0.0413181
0.04125
0.041332
0.0415612
0.0419367
0.0424593
0.0431328
0.0439663
0.0449702
0.0461627
0.0475659
0.0492069
0.0511203
0.0533423
0.0559015
0.0588066
0.0620057
0.0653441
0.0685084
0.0710385
0.0724392
0.0723922
0.0709323
0.0684282
0.0653902
0.0622625
0.0593277
0.0567185
0.0544702
0.0525668
0.0509724
0.0496451
0.0485461
0.0476361
0.0468795
0.0462444
0.045696
0.0452056
0.0447484
0.0443029
0.0438541
0.0433964
0.0429287
0.0424551
0.0419893
0.0415434
0.0411327
0.0407708
0.0404706
0.0402413
0.0400893
0.0400197
0.0400351
0.0401343
0.0403164
0.0405795
0.0409242
0.0413495
0.0418586
0.0424507
0.0431276
0.0438831
0.0447058
0.0455737
0.0464539
0.0473053
0.0480768
0.0487226
0.0492099
0.0495296
0.0496964
0.0497477
0.049733
0.0497036
0.0496978
0.0497327
0.049801
0.0498737
0.0499033
0.0498373
0.0496308
0.0492609
0.0487355
0.0480916
0.0473848
0.0466819
0.0460431
0.045519
0.045146
0.0449436
0.044919
0.045071
0.0453933
0.045873
0.0464965
0.0472493
0.048118
0.0490914
0.0501642
0.0513329
0.0525959
0.053946
0.0553757
0.0568624
0.0583649
0.0598174
0.061126
0.0621741
0.0628428
0.0630453
0.0627668
0.0620846
0.0611515
0.0601504
0.0592356
0.058496
0.0579512
0.0575593
0.0572498
0.0569553
0.056638
0.0562994
0.0559746
0.0557375
0.0556801
0.0559082
0.0565197
0.0575771
0.0590721
0.0608966
0.0628237
0.0645311
0.0656643
0.065935
0.0652129
0.063581
0.0613066
0.0587414
0.0562078
0.053932
0.0520313
0.0505399
0.049447
0.0487264
0.0483555
0.0483177
0.0486128
0.0492476
0.0502331
0.0515686
0.0532208
0.0551092
0.0570886
0.0589572
0.0604812
0.0614512
0.0617482
0.0613885
0.0605215
0.0593819
0.0582039
0.0571575
0.0563046
0.0556082
0.0549734
0.0542878
0.0534642
0.0524638
0.0513019
0.0500345
0.0487331
0.0474644
0.0462777
0.0452004
0.0442401
0.0433891
0.0426376
0.0419725
0.0413885
0.0408856
0.0404703
0.0401551
0.0399584
0.0398961
0.0399854
0.0402403
0.0406664
0.041263
0.0420162
0.0428943
0.0438481
0.0448127
0.0457092
0.0464554
0.0469795
0.0472361
0.0472102
0.0469246
0.0464314
0.0457998
0.0451028
0.0444075
0.043768
0.0432215
0.0427941
0.0425021
0.0423547
0.0423548
0.0425052
0.0428062
0.0432577
0.0438566
0.0445972
0.0454738
0.0464766
0.0475976
0.0488301
0.0501731
0.0516277
0.0531891
0.0548283
0.0564705
0.0579875
0.0592186
0.0600194
0.0603295
0.0601959
0.0597493
0.05915
0.0585206
0.0579301
0.057387
0.0568692
0.0563403
0.0557719
0.0551469
0.0544683
0.0537467
0.0529948
0.0522217
0.0514306
0.050619
0.0497847
0.0489345
0.0480844
0.0472564
0.0464757
0.045765
0.0451402
0.0446031
0.0441481
0.0437591
0.0434129
0.0430868
0.0427559
0.0424009
0.0420084
0.041572
0.0410899
0.0405693
0.0400218
0.0394598
0.0388974
0.0383499
0.0378299
0.0373485
0.0369146
0.0365365
0.0362201
0.035971
0.0357971
0.0357042
0.035699
0.035792
0.035993
0.036314
0.0367642
0.0373507
0.0380713
0.0389123
0.0398435
0.0408145
0.041759
0.0426006
0.0432727
0.0437326
0.0439814
0.0440537
0.0440179
0.0439526
0.0439296
0.0440022
0.0442002
0.0445239
0.0449568
0.0454671
0.0460134
0.046554
0.0470493
0.0474709
0.0478029
0.0480403
0.048195
0.0482835
0.048332
0.0483671
0.0484124
0.0484827
0.0485788
0.0486892
0.0487848
0.048831
0.0487908
0.0486366
0.0483579
0.0479659
0.0474913
0.046977
0.046472
0.0460243
0.045673
0.045453
0.0453885
0.045493
0.0457775
0.0462455
0.0468906
0.0477
0.0486488
0.0497009
0.0508055
0.0518979
0.0529015
0.0537355
0.054319
0.0545864
0.0544985
0.0540484
0.0532685
0.0522181
0.0509808
0.0496488
0.0483109
0.0470409
0.0458942
0.0449012
0.0440688
0.0433805
0.0428022
0.0422888
0.0417953
0.041289
0.0407521
0.0401925
0.0396337
0.039116
0.0386784
0.0383625
0.0381986
0.0382096
0.0384113
0.0388117
0.0394126
0.0402095
0.0411931
0.0423444
0.0436352
0.0450272
0.0464699
0.0479015
0.0492493
0.0504447
0.0514195
0.0521228
0.0525227
0.0526146
0.0524132
0.0519577
0.0512965
0.0504845
0.0495735
0.0486099
0.0476312
0.0466668
0.0457382
0.0448617
0.0440512
0.0433193
0.042677
0.0421359
0.0417084
0.0414021
0.0412262
0.0411807
0.0412625
0.0414579
0.0417417
0.0420768
0.0424151
0.0427049
0.0428961
0.0429547
0.0428644
0.0426359
0.0423005
0.0419049
0.0415006
0.0411341
0.0408479
0.0406712
0.0406273
0.0407288
0.0409815
0.0413856
0.0419348
0.0426171
0.0434155
0.0443044
0.0452535
0.0462253
0.0471782
0.0480726
0.0488631
0.0495114
0.0499852
0.050266
0.0503541
0.0502679
0.0500461
0.0497333
0.0493753
0.0490158
0.0486853
0.048403
0.0481785
0.0480134
0.0479048
0.0478467
0.0478312
0.0478499
0.0478949
0.0479651
0.0480671
0.0482178
0.0484552
0.0488417
0.0494633
0.0504255
0.0518324
0.0537512
0.0561462
0.0587852
0.0611666
0.0625922
0.0624639
0.0606601
0.057644
0.0541697
0.0508965
0.0481932
0.0461669
0.0447711
0.0438917
0.0434018
0.043185
0.0431454
0.0432037
0.0433073
0.043419
0.0435204
0.04361
0.0436951
0.0437908
0.043913
0.0440763
0.0442882
0.0445526
0.0448623
0.0452091
0.0455795
0.0459614
0.0463441
0.0467182
0.0470812
0.0474286
0.0477533
0.048047
0.0482896
0.0484587
0.0485281
0.0484706
0.0482664
0.0479068
0.047397
0.0467565
0.0460237
0.0452429
0.044467
0.0437516
0.0431517
0.0427191
0.0425023
0.0425421
0.0428724
0.0435158
0.0444836
0.0457627
0.0473249
0.0491189
0.0510659
0.0530692
0.0550092
0.0567499
0.0581642
0.0591583
0.0597094
0.0598819
0.0598112
0.0596645
0.0596038
0.0597487
0.0601625
0.0608461
0.0617395
0.0627331
0.0636851
0.0644445
0.0648743
0.0648789
0.0644147
0.0634922
0.0621815
0.0606
0.0588962
0.0572211
0.0557099
0.054459
0.0535114
0.0528579
0.0524434
0.0521804
0.0519696
0.0517237
0.0513867
0.0509394
0.0503948
0.0497812
0.0491237
0.0484366
0.0477253
0.0469923
0.0462463
0.0455078
0.0448074
0.0441842
0.0436798
0.0433367
0.0431925
0.0432774
0.0436182
0.0442261
0.0451058
0.0462368
0.0475787
0.0490624
0.0505843
0.0520134
0.0532074
0.054028
0.0543707
0.0541852
0.0534923
0.0523772
0.0509715
0.0494249
0.0478739
0.0464281
0.0451541
0.0440763
0.0431935
0.0424828
0.0419131
0.0414547
0.0410923
0.0408217
0.0406567
0.0406198
0.0407417
0.0410475
0.041559
0.0422854
0.0432231
0.0443527
0.045638
0.047029
0.0484605
0.0498627
0.0511673
0.0523204
0.053288
0.0540586
0.0546393
0.0550555
0.0553386
0.0555229
0.0556389
0.0557124
0.0557528
0.0557594
0.0557162
0.0555954
0.0553676
0.0550144
0.0545338
0.0539507
0.0533114
0.0526695
0.0520773
0.0515734
0.051183
0.050913
0.0507583
0.0507031
0.0507268
0.050802
0.0508948
0.050965
0.0509636
0.0508384
0.0505364
0.0500197
0.0492748
0.0483221
0.0472118
0.0460163
0.0448171
0.0436893
0.0426938
0.0418729
0.041252
0.0408422
0.0406432
0.0406492
0.0408483
0.041229
0.0417756
0.0424741
0.0433138
0.0442805
0.0453637
0.0465518
0.0478308
0.0491823
0.0505787
0.0519858
0.0533626
0.054665
0.0558504
0.0568876
0.0577612
0.058476
0.0590574
0.0595454
0.0599849
0.0604138
0.060858
0.0613153
0.0617579
0.0621249
0.0623298
0.062271
0.0618532
0.061015
0.0597493
0.0581149
0.0562282
0.0542422
0.0523195
0.0506156
0.0492606
0.0483703
0.0480504
0.0484046
0.0495323
0.0514956
0.0542518
0.0575308
0.0607369
0.0630296
0.0637089
0.0626783
0.060514
0.0580614
0.0559819
0.0545934
0.0539394
0.0539353
0.0544669
0.0554334
0.0567426
0.058271
0.0598072
0.0610477
0.0616669
0.0614758
0.0605496
0.0592139
0.0578969
0.0569611
0.05661
0.0568772
0.0576531
0.0587211
0.0597972
0.0605762
0.0608051
0.0603506
0.0592425
0.0576614
0.0558821
0.0542034
0.0528795
0.052104
0.0519909
0.052578
0.0538008
0.05546
0.0571874
0.0584774
0.0588371
0.0580117
0.0561148
0.0535606
0.0508361
0.0483142
0.0461879
0.044509
0.0432381
0.0423061
0.0416381
0.0411711
0.0408534
0.0406548
0.0405522
0.0405376
0.0406099
0.0407742
0.0410388
0.0414119
0.0419016
0.0425065
0.0432211
0.0440252
0.044888
0.0457627
0.0465918
0.0473117
0.0478635
0.0482042
0.0483167
0.0482148
0.0479385
0.0475485
0.0471124
0.046687
0.0463193
0.0460371
0.0458506
0.0457604
0.0457564
0.0458227
0.0459404
0.046088
0.0462361
0.046356
0.0464197
0.0464086
0.0463162
0.0461547
0.0459498
0.0457353
0.0455475
0.0454135
0.0453551
0.0453875
0.0455115
0.0457296
0.0460352
0.0464221
0.0468751
0.047371
0.0478691
0.0483129
0.0486306
0.0487458
0.0485965
0.04816
0.0474632
0.0465795
0.0456116
0.0446665
0.0438376
0.0431888
0.0427558
0.0425488
0.0425577
0.0427592
0.0431207
0.0436049
0.0441731
0.0447882
0.0454146
0.0460238
0.0465938
0.0471106
0.0475679
0.0479656
0.0483097
0.0486096
0.0488729
0.0491081
0.0493199
0.0495065
0.0496635
0.0497842
0.0498536
0.0498579
0.0497822
0.0496124
0.0493384
0.0489615
0.0484892
0.0478834
0.047275
0.0466403
0.0460123
0.0454197
0.0448932
0.0444563
0.0441298
0.0439272
0.0438545
0.0439067
0.0440713
0.0443236
0.044636
0.044974
0.0453117
0.0456314
0.0459304
0.0462226
0.0465303
0.0468854
0.0473101
0.047817
0.0484032
0.0490439
0.0496979
0.0503075
0.0508071
0.0511338
0.0512383
0.0510982
0.0507186
0.0501375
0.0494133
0.0486146
0.0478114
0.0470661
0.0464313
0.0459403
0.0456193
0.0454742
0.045504
0.0456894
0.0460038
0.0464054
0.0468423
0.0472577
0.0475949
0.0478019
0.0478503
0.0477424
0.0475133
0.0472306
0.0469764
0.0468371
0.0468859
0.0471693
0.0477118
0.0485091
0.0495345
0.0507369
0.0520376
0.0533316
0.0544894
0.0553828
0.0559144
0.0560547
0.0558534
0.0554202
0.0548914
0.0543849
0.05398
0.0537074
0.0535561
0.0534804
0.0534128
0.0532697
0.0529777
0.0524812
0.0517572
0.0508173
0.0496983
0.0484477
0.0471121
0.045737
0.0443684
0.0430531
0.0418411
0.0407788
0.0399076
0.0392583
0.0388506
0.038694
0.0387922
0.0391409
0.0397304
0.040545
0.0415617
0.0427452
0.0440478
0.0454083
0.0467539
0.0480147
0.0491337
0.0500732
0.0508275
0.0514112
0.0518486
0.0521535
0.0523183
0.0523068
0.0520642
0.0515411
0.0507108
0.049584
0.0482123
0.0466752
0.0450623
0.0434615
0.0419401
0.0405473
0.0393125
0.038246
0.0373489
0.0366139
0.0360296
0.0355825
0.0352593
0.0350441
0.0349261
0.034891
0.0349287
0.0350291
0.0351844
0.0353925
0.0356534
0.0359755
0.0363774
0.0368955
0.0375895
0.0385549
0.0399337
0.0419304
0.0448137
0.048866
0.0542251
0.0605347
0.0665673
0.0704321
0.0708261
0.0682057
0.0642726
0.0605172
0.0575584
0.0553778
0.0537358
0.0524086
0.0512625
0.0502523
0.0493889
0.0487038
0.0482321
0.0479966
0.048005
0.0482503
0.0487131
0.0493661
0.0501732
0.0510955
0.052097
0.053145
0.0542167
0.055301
0.0563993
0.0575216
0.0586873
0.0599124
0.0612065
0.0625612
0.063942
0.0652829
0.0664783
0.0673902
0.0678649
0.0677623
0.0669999
0.065573
0.0635577
0.061095
0.0583471
0.0554726
0.0526021
0.049836
0.0472464
0.044881
0.0427698
0.0409287
0.0393644
0.038078
0.0370652
0.03632
0.0358338
0.0355954
0.035589
0.0357938
0.0361795
0.0367082
0.0373297
0.037994
0.0386535
0.0392745
0.0398485
0.0403952
0.0409564
0.0415924
0.0423648
0.043325
0.0445069
0.0459194
0.0475456
0.0493421
0.0512372
0.0531435
0.0549579
0.0565807
0.0579286
0.0589403
0.0595871
0.059871
0.0598145
0.0594588
0.0588524
0.0580549
0.057129
0.0561417
0.0551607
0.0542463
0.0534548
0.0528282
0.0524048
0.0522168
0.0522869
0.0526313
0.0532487
0.0541185
0.0551905
0.0563899
0.0576117
0.0587375
0.0596423
0.0602121
0.0603571
0.0600285
0.0592258
0.0580003
0.0564444
0.0546761
0.0528223
0.0510014
0.0493095
0.0478176
0.0465656
0.0455742
0.044847
0.0443769
0.0441627
0.0442085
0.0445316
0.0451599
0.0461206
0.0474365
0.049115
0.0511226
0.0533813
0.0557508
0.0580426
0.060044
0.0615615
0.0624554
0.0626754
0.0622555
0.0612966
0.059935
0.0583233
0.0566095
0.0549253
0.0533704
0.0520019
0.0508338
0.0498383
0.0489625
0.0481437
0.0473311
0.0464954
0.0456463
0.0448196
0.0440766
0.0434948
0.0431486
0.0431128
0.0434508
0.0442144
0.0454321
0.0470922
0.049122
0.0513598
0.0535633
0.0554498
0.056788
0.057487
0.0576267
0.057397
0.0570123
0.0566298
0.0563241
0.0560877
0.0558607
0.0555546
0.0550787
0.0543668
0.0533866
0.0521497
0.0506997
0.0491034
0.0474293
0.0457406
0.0440917
0.0425283
0.0410909
0.0398207
0.0387576
0.0379446
0.0374209
0.0372232
0.0373848
0.0379307
0.0388645
0.0401573
0.0417159
0.0433642
0.0448472
0.0458753
0.0462322
0.0458692
0.0449297
0.0436736
0.0423714
0.0412186
0.0403123
0.0396672
0.0392437
0.0389796
0.0388054
0.0386559
0.0384803
0.0382443
0.0379292
0.0375354
0.0370785
0.0365824
0.0360827
0.0356144
0.0352136
0.034915
0.0347584
0.0347825
0.0350331
0.0355525
0.0363783
0.0375295
0.038996
0.0407302
0.0426531
0.0446764
0.0467377
0.0488325
0.0510205
0.0533991
0.0560504
0.059004
0.0622087
0.0655349
0.0687921
0.0717523
0.0741861
0.075904
0.0767926
0.0768497
0.0761972
0.0750632
0.073746
0.0725531
0.0717529
0.0715403
0.0720203
0.0731977
0.0749738
0.0771417
0.079388
0.0813278
0.0825708
0.0828215
0.0819571
0.0800533
0.0773301
0.0740637
0.0705045
0.0668407
0.063197
0.0596682
0.0563447
0.053315
0.0506576
0.0484213
0.0466141
0.0452075
0.0441421
0.0433451
0.0427372
0.042247
0.0418143
0.0413976
0.0409668
0.0405019
0.0399932
0.0394366
0.0388321
0.0381843
0.0375032
0.0368058
0.0361134
0.0354501
0.0348404
0.0343084
0.0338728
0.0335428
0.0333232
0.0332097
0.033187
0.0332334
0.0333193
0.0334129
0.0334839
0.0335051
0.0334564
0.0333321
0.033138
0.0328883
0.0326082
0.0323243
0.0320624
0.031849
0.0317073
0.0316585
0.0317185
0.0319037
0.032227
0.0327009
0.0333397
0.0341572
0.0351715
0.0364022
0.0378759
0.0396225
0.0416822
0.0440967
0.0468937
0.0500563
0.0534635
0.0568249
0.0596612
0.061412
0.0616793
0.0604659
0.0581762
0.0553888
0.0526024
0.0501186
0.0480569
0.0464232
0.0451699
0.0442312
0.0435463
0.0430599
0.0427322
0.0425368
0.0424573
0.042489
0.0426324
0.0428894
0.043255
0.0437191
0.04426
0.0448469
0.0454464
0.0460283
0.0465653
0.047046
0.0474723
0.0478556
0.0482121
0.0485633
0.0489275
0.0493167
0.049734
0.0501733
0.0506167
0.0510352
0.0513933
0.0516502
0.0517599
0.0516803
0.0513807
0.0508471
0.0500971
0.0491756
0.0481552
0.0471248
0.046174
0.0453852
0.0448293
0.0445605
0.0446207
0.045042
0.0458414
0.0470173
0.0485434
0.0503541
0.0523435
0.0543649
0.0562525
0.0578473
0.0590298
0.0597323
0.0599461
0.0597045
0.0590694
0.0581087
0.0568898
0.0554753
0.053928
0.0523165
0.0507163
0.0492055
0.047855
0.046719
0.045828
0.0451927
0.0448037
0.0446328
0.0446408
0.0447785
0.0449874
0.0452058
0.0453692
0.0454227
0.0453209
0.0450358
0.0445597
0.0439055
0.043101
0.0421867
0.0412071
0.0402047
0.0392231
0.0382995
0.0374669
0.0367575
0.0362036
0.0358404
0.03571
0.0358599
0.0363491
0.0372424
0.0386007
0.0404632
0.0428121
0.0455328
0.0483764
0.0509839
0.0529583
0.0540082
0.0540442
0.0531842
0.0516751
0.0497973
0.0478046
0.0458875
0.0441648
0.0426864
0.0414607
0.0404762
0.0397228
0.0392059
0.0389467
0.0389794
0.039349
0.0401004
0.0412746
0.0428978
0.0449714
0.0474554
0.050263
0.05326
0.0562761
0.0591391
0.0617002
0.0638479
0.0655113
0.0666509
0.0672625
0.0673773
0.0670664
0.0664375
0.0656127
0.0647002
0.0637469
0.0627223
0.0615478
0.0601408
0.058485
0.0566389
0.0547244
0.0528776
0.051215
0.0498146
0.0487119
0.0479149
0.0474117
0.0471765
0.0471734
0.0473621
0.0476978
0.0481372
0.0486406
0.0491785
0.0497342
0.0503057
0.0509085
0.051563
0.0522936
0.0531135
0.0540215
0.0549904
0.0559655
0.0568759
0.0576481
0.0582253
0.0585817
0.0587265
0.0586906
0.0585064
0.0581885
0.0577228
0.0570689
0.0561839
0.0550543
0.0537073
0.0522213
0.0507046
0.0492586
0.0479607
0.0468421
0.045902
0.0451108
0.0444315
0.0438359
0.043311
0.0428619
0.0425121
0.04229
0.042223
0.0423358
0.0426377
0.0431247
0.043782
0.0445788
0.0454715
0.0464099
0.0473373
0.048199
0.0489434
0.0495365
0.0499556
0.0502011
0.0502827
0.0502267
0.0500615
0.0498193
0.0495296
0.0492198
0.0489152
0.0486388
0.0484125
0.0482588
0.0481963
0.0482396
0.0483991
0.0486747
0.0490599
0.0495341
0.0500772
0.0506698
0.0513113
0.052024
0.0528535
0.0538461
0.0550249
0.0563415
0.0576544
0.0587301
0.0593051
0.05918
0.0583072
0.0568022
0.0548858
0.0528018
0.0507563
0.0488969
0.0473186
0.0460719
0.0451779
0.0446355
0.0444209
0.0444893
0.0447742
0.0451963
0.0456636
0.0460893
0.0463957
0.0465292
0.0464719
0.046232
0.0458492
0.0453837
0.0449036
0.0444781
0.0441631
0.044002
0.0440128
0.0441962
0.044527
0.0449615
0.0454524
0.045955
0.0464474
0.0469455
0.0475066
0.0482207
0.0491973
0.0505348
0.0522981
0.0544732
0.0569104
0.0592748
0.0610694
0.0617935
0.0612053
0.0594684
0.0570653
0.05454
0.0522913
0.050528
0.0493048
0.0485836
0.0482629
0.0481881
0.0481599
0.0479559
0.0473791
0.0463176
0.044786
0.0429097
0.0408748
0.0388691
0.0370378
0.03547
0.0342036
0.0332399
0.0325599
0.0321322
0.0319246
0.0319027
0.0320339
0.0322886
0.0326405
0.0330641
0.0335403
0.0340506
0.0345803
0.035118
0.0356588
0.0361971
0.0367365
0.0372811
0.0378397
0.0384153
0.0390161
0.0396442
0.0402977
0.0409673
0.041636
0.0422837
0.0428808
0.0434046
0.0438377
0.0441721
0.044411
0.0445689
0.0446573
0.0446839
0.0446473
0.0445399
0.0443481
0.0440638
0.0436871
0.0432307
0.0427199
0.0421876
0.0416628
0.0411724
0.0407332
0.0403526
0.0400319
0.039764
0.0395409
0.0393529
0.0391939
0.0390587
0.0389477
0.0388645
0.0388146
0.0388087
0.0388569
0.0389657
0.0391423
0.0393849
0.0396868
0.0400309
0.0403988
0.0407643
0.0411057
0.0414052
0.0416591
0.0418777
0.0420925
0.0423475
0.0427041
0.0432255
0.0439662
0.0449638
0.046223
0.0477074
0.0493335
0.0509886
0.0525524
0.0539206
0.0550339
0.0558675
0.0564146
0.0566645
0.0565907
0.0561591
0.0553557
0.0541969
0.0527425
0.0510851
0.0493308
0.0475863
0.0459398
0.0444542
0.043169
0.042098
0.0412377
0.0405719
0.0400739
0.0397168
0.0394733
0.0393162
0.0392233
0.0391796
0.039175
0.0392045
0.0392713
0.0393831
0.0395518
0.0397925
0.0401219
0.0405494
0.0410783
0.041697
0.042374
0.0430514
0.0436513
0.0440894
0.0442944
0.0442261
0.0439015
0.0433782
0.0427459
0.0420939
0.0415016
0.0410201
0.040674
0.0404731
0.0404162
0.0404973
0.0407113
0.0410583
0.0415366
0.0421389
0.0428486
0.0436259
0.0443997
0.0450617
0.0454808
0.0455278
0.0451263
0.0442875
0.0431209
0.041798
0.0405008
0.0393847
0.0385491
0.0380451
0.0378845
0.0380531
0.038523
0.0392574
0.040213
0.0413395
0.0425859
0.0438915
0.0452003
0.0464571
0.0476226
0.0486776
0.049624
0.0504885
0.0513172
0.0521692
0.0531063
0.0541812
0.0554228
0.0568169
0.0582869
0.0596732
0.0607607
0.0613317
0.0612554
0.0605542
0.0594055
0.0580659
0.0567865
0.0557562
0.0550902
0.0548371
0.0550096
0.055593
0.0565601
0.0578664
0.0594322
0.0611173
0.0626915
0.0638296
0.0641805
0.0634883
0.0617304
0.0591362
0.0560879
0.0529653
0.0500467
0.047485
0.0453312
0.0435767
0.0421843
0.0411059
0.0402972
0.0397209
0.0393528
0.0391839
0.0392204
0.039482
0.0400029
0.0408266
0.041995
0.0435399
0.0454601
0.0476997
0.0501204
0.0524866
0.0544932
0.055834
0.0563044
0.055886
0.0547482
0.0531643
0.0514085
0.049687
0.0481091
0.0465737
0.0453276
0.0441735
0.0430674
0.041985
0.0409214
0.0398882
0.038904
0.0379905
0.0371632
0.0364358
0.0358092
0.0352856
0.0348625
0.0345402
0.034317
0.0341977
0.0341883
0.0343016
0.0345521
0.034958
0.0355411
0.0363219
0.0373168
0.0385296
0.0399442
0.0415124
0.04315
0.0447379
0.0461419
0.0472482
0.047993
0.0483912
0.0485298
0.0485394
0.0485654
0.0487322
0.0491276
0.0497969
0.0507477
0.0519541
0.053368
0.0549321
0.0565962
0.0583254
0.0601146
0.0619803
0.063953
0.0660531
0.0682631
0.0705078
0.0726225
0.0743641
0.0754459
0.0756172
0.0747388
0.072825
0.0700214
0.0665623
0.0627316
0.0588269
0.0551279
0.0518666
0.0492072
0.0472533
0.0460561
0.0456337
0.0459725
0.0470303
0.0487168
0.050877
0.0532794
0.0556325
0.0576344
0.0590503
0.0597667
0.0598031
0.0592688
0.0583019
0.0570306
0.0555586
0.0539764
0.0523688
0.0508145
0.0493855
0.0481349
0.0470862
0.0462415
0.0455797
0.0450677
0.0446726
0.0443701
0.0441471
0.044006
0.0439564
0.0440109
0.0441764
0.0444534
0.0448319
0.0452942
0.0458155
0.0463719
0.0469404
0.047505
0.0480592
0.0486067
0.0491647
0.0497594
0.0504262
0.051206
0.0521373
0.0532502
0.0545565
0.0560408
0.0576613
0.0593405
0.0609823
0.0624851
0.063751
0.0646877
0.0652031
0.0651944
0.064561
0.0632432
0.0612584
0.0587194
0.0558184
0.0527782
0.0498064
0.0470641
0.0446557
0.0426371
0.0410284
0.0398231
0.0390034
0.038547
0.0384277
0.0386224
0.0391055
0.0398438
0.0407966
0.0419099
0.043116
0.0443355
0.0454841
0.0464878
0.0472931
0.047874
0.0482321
0.0483864
0.0483653
0.0481953
0.0478959
0.0474819
0.0469715
0.0463862
0.0457572
0.0451226
0.0445244
0.0440026
0.0435879
0.043303
0.0431559
0.0431429
0.0432504
0.0434582
0.0437407
0.0440705
0.0444211
0.0447655
0.0450804
0.045346
0.0455458
0.0456641
0.0456949
0.0456314
0.0454696
0.0452129
0.0448668
0.04444
0.0439481
0.0434065
0.0428338
0.042247
0.0416658
0.0411081
0.0405891
0.0401243
0.0397264
0.0394079
0.0391784
0.039049
0.0390261
0.0391149
0.0393183
0.0396359
0.0400661
0.0406002
0.041231
0.0419452
0.0427256
0.0435587
0.044429
0.0453199
0.0462158
0.0471014
0.0479589
0.0487636
0.0494886
0.050099
0.0505589
0.0508306
0.0508871
0.0507153
0.0503179
0.049718
0.0489591
0.0480917
0.0471746
0.0462615
0.0454032
0.0446384
0.0439967
0.0434985
0.0431554
0.0429683
0.0429306
0.0430274
0.0432352
0.0435237
0.043857
0.0441967
0.044501
0.0447332
0.0448654
0.0448725
0.0447458
0.0444805
0.0440803
0.0435536
0.0429149
0.0421832
0.0413807
0.0405348
0.0396721
0.0388231
0.0380147
0.0372723
0.0366206
0.0360804
0.0356683
0.0353998
0.0352895
0.0353486
0.03559
0.0360256
0.0366688
0.0375311
0.0386203
0.0399461
0.0415065
0.043291
0.0452769
0.0474183
0.0496495
0.0518827
0.0540079
0.0559067
0.0574651
0.0585898
0.0592197
0.0593404
0.0589813
0.0582114
0.0571222
0.0558168
0.0543967
0.0529485
0.0515417
0.0502247
0.0490288
0.0479695
0.0470511
0.0462714
0.0456231
0.045099
0.0446913
0.044393
0.0442008
0.0441185
0.044151
0.0443131
0.0446255
0.0451146
0.045811
0.0467561
0.0479917
0.0495568
0.0514774
0.0537472
0.0563071
0.0590257
0.0617009
0.0640982
0.0660075
0.0672977
0.0679353
0.0679563
0.0674444
0.0665267
0.0653889
0.0642523
0.0633379
0.0628003
0.0626899
0.0629523
0.0634483
0.0639955
0.0644197
0.0645943
0.0644647
0.0640466
0.0634059
0.0626199
0.0617544
0.0608479
0.0599174
0.0589818
0.0580624
0.0571874
0.0563823
0.0556585
0.05501
0.0543994
0.053746
0.0529214
0.0517806
0.0502377
0.0483237
0.0461943
0.0440773
0.0421986
0.0407306
0.0397765
0.0393852
0.0395596
0.0402769
0.0414792
0.0430683
0.0449021
0.0467945
0.0485405
0.0499637
0.0509536
0.051483
0.0515887
0.0513308
0.0507608
0.0499212
0.0488584
0.0476332
0.0463209
0.0449987
0.0437377
0.0425897
0.0415899
0.0407634
0.0401276
0.0396983
0.0394931
0.0395245
0.0397994
0.0403135
0.0410455
0.041958
0.0429946
0.0440925
0.045194
0.046252
0.0472418
0.0481619
0.049035
0.0499016
0.0508089
0.0518062
0.0529275
0.0541857
0.0555587
0.0569883
0.0583861
0.0596363
0.0606139
0.0612059
0.0613303
0.0609562
0.0601137
0.0588873
0.0574073
0.0558214
0.0542705
0.0528741
0.0517142
0.0508373
0.0502548
0.049946
0.0498665
0.049959
0.0501531
0.0503751
0.0505566
0.050642
0.0505957
0.0504069
0.0500858
0.0496629
0.0491791
0.0486779
0.0482033
0.0477927
0.0474892
0.0473364
0.047385
0.0476906
0.0483104
0.049289
0.0506428
0.0523429
0.0542977
0.0563491
0.058279
0.0598465
0.0608305
0.0610849
0.0605693
0.0593631
0.0576309
0.0555732
0.0533867
0.0512227
0.0491833
0.047319
0.0456416
0.044136
0.0427777
0.0415392
0.0403938
0.0393227
0.0383155
0.0373674
0.0364847
0.0356811
0.0349776
0.0343969
0.0339631
0.0336996
0.0336278
0.0337629
0.0341151
0.0346872
0.0354773
0.0364795
0.0376874
0.0391061
0.0407571
0.0426808
0.0449203
0.0474796
0.0502437
0.0529187
0.0550502
0.0561907
0.0561604
0.0551683
0.0536808
0.0521593
0.0508802
0.0499186
0.0492186
0.0486784
0.0482114
0.0477688
0.0473412
0.0469444
0.0466071
0.0463548
0.0462136
0.046204
0.0463451
0.0466563
0.0471533
0.0478477
0.0487478
0.0498489
0.0511372
0.052581
0.0541282
0.0557009
0.057189
0.0584641
0.0593891
0.0598471
0.059774
0.0591679
0.0580825
0.0566046
0.0548334
0.0528658
0.0507905
0.0486917
0.0466399
0.0446997
0.0429157
0.041323
0.0399371
0.0387675
0.037813
0.0370691
0.0365271
0.0361799
0.0360222
0.0360533
0.0362757
0.0366976
0.037332
0.0381987
0.0393193
0.0407188
0.0424186
0.044425
0.0467199
0.0492477
0.0518954
0.0544961
0.0568425
0.0587372
0.0600446
0.0607373
0.0608918
0.0606431
0.0601157
0.0593786
0.0584407
0.0572774
0.0558832
0.054298
0.0526105
0.050935
0.0493759
0.04801
0.0468796
0.0459931
0.0453398
0.0448982
0.0446415
0.0445488
0.044605
0.044804
0.0451524
0.0456613
0.0463496
0.0472311
0.0483072
0.0495504
0.050898
0.0522482
0.0534747
0.0544637
0.0551452
0.0555216
0.0556626
0.0556771
0.055667
0.0557043
0.0558187
0.0560032
0.0562213
0.0564124
0.0565067
0.0564246
0.0560955
0.0554693
0.0545304
0.0533068
0.0518586
0.0502678
0.0486201
0.0469871
0.0454239
0.043966
0.0426299
0.0414234
0.0403431
0.0393841
0.0385374
0.0377931
0.0371436
0.036581
0.0360988
0.0356928
0.0353584
0.035096
0.0349065
0.0347924
0.0347592
0.0348125
0.0349573
0.0351998
0.0355453
0.0359997
0.0365673
0.0372515
0.0380585
0.0389921
0.0400598
0.0412652
0.0426128
0.0441037
0.0457398
0.047523
0.049456
0.0515464
0.053798
0.056201
0.0587201
0.0612796
0.0637607
0.0660132
0.0678642
0.0691372
0.0696624
0.06932
0.0680976
0.0661406
0.0637481
0.0612954
0.0591351
0.0575182
0.0565789
0.0563419
0.0567481
0.0576727
0.0589342
0.0602923
0.0614783
0.0622187
0.0622992
0.061628
0.0602577
0.05837
0.05621
0.0540213
0.0519959
0.0502562
0.0488532
0.0477884
0.0470249
0.0465105
0.0461871
0.046002
0.0459148
0.0458998
0.0459539
0.0460899
0.0463321
0.0467089
0.0472464
0.0479583
0.0488369
0.0498507
0.0509463
0.0520481
0.0530789
0.0539694
0.0546701
0.0551582
0.0554353
0.0555139
0.0554171
0.0551675
0.0547859
0.0542867
0.0536841
0.0529868
0.0522015
0.0513331
0.0503909
0.0493842
0.0483284
0.0472421
0.0461441
0.0450537
0.0439875
0.0429565
0.0419704
0.0410384
0.0401692
0.0393742
0.0386673
0.0380649
0.0375871
0.0372535
0.0370865
0.0371073
0.0373359
0.0377944
0.0385029
0.0394773
0.0407252
0.0422448
0.0440172
0.0460013
0.0481311
0.0503165
0.0524536
0.0544322
0.0561492
0.0575134
0.0584403
0.0588585
0.0587081
0.0579633
0.0566561
0.054881
0.0527829
0.0505295
0.0482765
0.0461411
0.0442015
0.0424927
0.0410246
0.0397839
0.0387468
0.0378875
0.03718
0.0365994
0.0361286
0.0357551
0.0354744
0.0352872
0.0352048
0.0352452
0.0354308
0.0357916
0.0363619
0.037171
0.0382389
0.0395585
0.0410807
0.042697
0.0442345
0.0454898
0.0462804
0.0465192
0.0462468
0.0456091
0.0447989
0.0439854
0.0432833
0.0427446
0.0423774
0.0421637
0.0420764
0.0420869
0.0421735
0.0423211
0.042523
0.0427747
0.0430818
0.0434463
0.0438728
0.0443651
0.0449235
0.0455502
0.0462467
0.0470133
0.0478524
0.0487608
0.0497277
0.0507302
0.0517223
0.052643
0.0534118
0.0539429
0.0541582
0.0540058
0.0534703
0.0525872
0.0514277
0.0500895
0.0486759
0.0472841
0.0459905
0.0448518
0.0439035
0.0431685
0.0426571
0.0423762
0.0423303
0.0425224
0.0429556
0.0436301
0.0445382
0.0456656
0.0469831
0.0484463
0.049993
0.0515501
0.053035
0.0543698
0.0554917
0.0563584
0.0569552
0.0572906
0.0573964
0.0573186
0.0571162
0.0568489
0.0565657
0.0562865
0.0560012
0.0556776
0.0552764
0.0547674
0.0541409
0.053412
0.0526131
0.0517829
0.0509659
0.0502015
0.0495242
0.0489595
0.0485259
0.0482312
0.0480677
0.048012
0.0480146
0.0480112
0.0479258
0.0476913
0.0472704
0.0466627
0.0459063
0.045057
0.0441681
0.0432767
0.0423978
0.0415322
0.0406782
0.0398438
0.0390463
0.0383175
0.0376934
0.0372068
0.0368852
0.036745
0.0367941
0.0370334
0.037456
0.0380524
0.0388107
0.039718
0.0407621
0.0419318
0.0432203
0.0446264
0.0461502
0.0477889
0.0495364
0.0513671
0.0532284
0.0550348
0.0566709
0.0580097
0.0589476
0.0594374
0.0595079
0.0592625
0.0588391
0.0583733
0.0579487
0.0575647
0.0571321
0.0565002
0.0555216
0.0541302
0.0523768
0.0504128
0.0484257
0.0465781
0.0449754
0.0436611
0.0426358
0.0418704
0.0413223
0.0409454
0.0406902
0.0405143
0.0403807
0.040264
0.040153
0.0400499
0.039962
0.0399114
0.0399199
0.0400103
0.0402012
0.0405066
0.040938
0.0414995
0.0421941
0.0430197
0.0439755
0.0450592
0.0462696
0.0476043
0.0490564
0.0506122
0.0522381
0.0538723
0.0554172
0.0567475
0.0577262
0.0582426
0.0582465
0.0577727
0.0569295
0.0558783
0.054788
0.0537993
0.0529989
0.0524173
0.0520252
0.0517542
0.0515177
0.0512379
0.0508656
0.0503896
0.0498306
0.0492268
0.0486184
0.0480348
0.0474874
0.0469732
0.0464821
0.0459979
0.0455091
0.0450081
0.0444973
0.0439838
0.0434837
0.043012
0.0425841
0.0422136
0.0419077
0.0416709
0.041501
0.0413956
0.0413485
0.0413562
0.0414177
0.041535
0.0417155
0.0419663
0.0422944
0.0427028
0.043187
0.0437347
0.0443191
0.0449034
0.0454436
0.0458941
0.0462124
0.0463707
0.0463598
0.0461923
0.0458978
0.0455194
0.0451066
0.0446986
0.0443345
0.0440398
0.0438312
0.0437163
0.0436949
0.043761
0.0438992
0.0440972
0.0443305
0.0445759
0.0448099
0.0450098
0.0451581
0.0452452
0.045275
0.0452649
0.0452451
0.0452614
0.0453719
0.0456437
0.0461551
0.0470899
0.0483762
0.0501482
0.0524348
0.0551839
0.0582204
0.0612256
0.0637689
0.0654169
0.0658777
0.0651049
0.0633066
0.0608547
0.0581591
0.055557
0.0532674
0.051387
0.0499254
0.048836
0.0480524
0.047499
0.0470985
0.0467827
0.0464862
0.0461573
0.0457531
0.0452513
0.0446486
0.0439621
0.0432235
0.0424764
0.0417649
0.0411318
0.0406127
0.0402338
0.04002
0.0399884
0.0401519
0.0405217
0.041105
0.0419087
0.0429364
0.0441878
0.0456502
0.0472931
0.0490603
0.0508541
0.0525348
0.0539299
0.0548679
0.0552162
0.054929
0.054067
0.0527802
0.0512666
0.0497216
0.0483031
0.047111
0.0461892
0.0455411
0.0451388
0.0449363
0.0448837
0.0449246
0.0450117
0.0451026
0.0451642
0.0451719
0.0451131
0.0449836
0.0447866
0.0445303
0.0442264
0.0438891
0.0435281
0.0431548
0.0427805
0.042411
0.0420521
0.041705
0.0413722
0.0410534
0.0407482
0.0404559
0.0401743
0.039904
0.0396412
0.0393865
0.0391376
0.0388936
0.0386552
0.0384216
0.0381927
0.0379684
0.0377509
0.0375378
0.0373312
0.037132
0.0369415
0.036762
0.0365938
0.0364418
0.0363074
0.0361948
0.0361106
0.0360611
0.0360544
0.0361007
0.0362113
0.0364007
0.0366812
0.0370666
0.0375668
0.038184
0.0389084
0.0397135
0.0405517
0.0413558
0.0420424
0.0425367
0.0427863
0.0427794
0.0425534
0.0421828
0.0417608
0.0413792
0.0411138
0.0410198
0.0411278
0.0414505
0.0419836
0.0427085
0.0435908
0.0445813
0.0456176
0.0466283
0.0475428
0.048305
0.0488799
0.0492632
0.0494744
0.0495542
0.0495493
0.0495006
0.0494438
0.0494032
0.0493985
0.0494415
0.04954
0.0496969
0.0499094
0.0501662
0.0504517
0.0507376
0.0509909
0.0511758
0.0512515
0.0511805
0.0509269
0.0504632
0.0497784
0.0488827
0.0478053
0.0466034
0.045352
0.0441391
0.0430541
0.0421786
0.0415925
0.0413616
0.0415433
0.0421839
0.0433182
0.0449591
0.0470855
0.0496256
0.0524451
0.0553401
0.0580593
0.06034
0.0619628
0.0627897
0.0627834
0.0620038
0.0605897
0.058738
0.0566696
0.0546078
0.0527607
0.0513073
0.0503969
0.0501431
0.0506038
0.0517457
0.0533864
0.0551604
0.0565732
0.0571773
0.0568022
0.0556376
0.0541094
0.0526621
0.0516145
0.0511285
0.0512527
0.0519645
0.0531866
0.0547982
0.0566331
0.0584967
0.0601912
0.061543
0.062431
0.0627846
0.0625975
0.0619126
0.0608163
0.0594192
0.0578301
0.0561349
0.0543924
0.0526343
0.0508886
0.0491859
0.0475695
0.0460912
0.0448055
0.0437589
0.0429827
0.0424803
0.0422214
0.0421317
0.0420951
0.0419731
0.0416419
0.0410314
0.0401541
0.0391014
0.0380185
0.0370598
0.0363536
0.0359926
0.036023
0.0364524
0.0372497
0.0383416
0.0396191
0.0409491
0.0422032
0.0432958
0.0442146
0.045029
0.0458664
0.0468702
0.048158
0.0497921
0.0517588
0.0539661
0.0562452
0.0583674
0.0600798
0.0611596
0.0614759
0.0610285
0.059948
0.0584505
0.0567797
0.0551534
0.0537302
0.0525989
0.0517937
0.0512979
0.0510655
0.0510286
0.0511131
0.0512398
0.0513367
0.0513384
0.0511932
0.0508651
0.0503321
0.0495943
0.0486688
0.0475976
0.0464341
0.0452414
0.0440814
0.0430127
0.0420815
0.0413195
0.0407485
0.0403794
0.0402201
0.0402725
0.0405383
0.0410183
0.0417132
0.04262
0.043729
0.045021
0.0464636
0.0480075
0.0495865
0.0511252
0.0525415
0.0537602
0.0547257
0.0554111
0.0558211
0.0559892
0.0559686
0.0558167
0.0555802
0.055284
0.0549302
0.0545029
0.0539789
0.0533453
0.0526022
0.0517782
0.0509162
0.0500753
0.0493123
0.0486722
0.0481816
0.0478458
0.0476444
0.0475384
0.0474761
0.0473968
0.0472506
0.0469971
0.0466174
0.0461144
0.0455126
0.0448507
0.0441722
0.0435211
0.0429391
0.0424584
0.0421063
0.0419015
0.041856
0.0419766
0.0422648
0.0427205
0.0433377
0.0441038
0.0450053
0.0460165
0.0471042
0.0482198
0.0493026
0.0502787
0.0510655
0.0515897
0.051802
0.0516821
0.0512554
0.0505832
0.0497517
0.0488575
0.0479892
0.0472194
0.0465867
0.046105
0.0457561
0.0455027
0.0453017
0.0451168
0.0449295
0.0447509
0.0446078
0.0445404
0.0445798
0.0447426
0.045019
0.0453768
0.0457665
0.0461275
0.0463971
0.0465215
0.0464607
0.0461932
0.0457175
0.045052
0.0442314
0.0432977
0.0422974
0.0412735
0.0402657
0.0393029
0.038404
0.0375806
0.0368385
0.0361743
0.0355834
0.0350592
0.0345956
0.0341852
0.0338243
0.0335097
0.0332416
0.0330199
0.0328462
0.0327227
0.032652
0.0326372
0.0326781
0.0327773
0.0329361
0.0331536
0.0334306
0.0337657
0.0341605
0.0346118
0.0351207
0.0356879
0.0363182
0.0370169
0.0377911
0.0386473
0.0395963
0.0406428
0.0417835
0.0430095
0.0442877
0.0455733
0.0468036
0.0479083
0.048824
0.0495095
0.0499628
0.0502197
0.0503508
0.0504387
0.0505643
0.0507911
0.0511572
0.0516774
0.0523466
0.0531537
0.054083
0.0551153
0.0562222
0.0573646
0.0584952
0.0595681
0.0605666
0.0614957
0.062361
0.0631166
0.0636298
0.0637248
0.0632925
0.0624056
0.0613235
0.0603817
0.0598377
0.059796
0.0602128
0.0609724
0.0619956
0.063306
0.0650305
0.06728
0.0699625
0.0726191
0.074477
0.0748381
0.0735387
0.0710069
0.0678513
0.0644666
0.0609949
0.0575049
0.0541244
0.0510376
0.0484165
0.0463667
0.0449167
0.0440424
0.043697
0.04383
0.0443996
0.0453814
0.0467654
0.0485584
0.050775
0.0534359
0.0565425
0.0600581
0.0638606
0.067709
0.0712244
0.0739344
0.0754016
0.0753869
0.0739416
0.0713746
0.068119
0.0645811
0.0610588
0.0577275
0.0546671
0.051898
0.0494113
0.0471892
0.0452162
0.0434836
0.0419846
0.0407171
0.0396772
0.0388605
0.0382552
0.0378502
0.0376242
0.0375528
0.0376078
0.0377579
0.0379735
0.0382282
0.0385001
0.0387815
0.0390722
0.0393869
0.0397437
0.0401648
0.0406755
0.041295
0.0420354
0.0429002
0.0438807
0.0449599
0.046111
0.0472948
0.0484671
0.0495754
0.0505598
0.0513648
0.051941
0.0522505
0.0522776
0.0520329
0.0515562
0.0509061
0.0501558
0.0493789
0.0486405
0.0479908
0.0474611
0.0470699
0.046823
0.046719
0.0467514
0.0469134
0.0471938
0.0475807
0.0480587
0.0486078
0.0492004
0.0498064
0.0503928
0.0509302
0.0513931
0.0517653
0.0520367
0.052205
0.0522706
0.0522381
0.0521127
0.0519082
0.0516394
0.0513302
0.0510052
0.0506977
0.0504328
0.0502359
0.050118
0.0500837
0.050125
0.0502256
0.0503644
0.0505183
0.0506617
0.0507755
0.050847
0.0508678
0.0508379
0.0507629
0.0506502
0.0505062
0.0503309
0.0501167
0.0498477
0.0494963
0.0490328
0.0484306
0.0476742
0.0467687
0.0457394
0.0446262
0.0434807
0.0423507
0.041279
0.0402981
0.0394263
0.0386747
0.0380457
0.0375385
0.0371488
0.036871
0.0367001
0.036631
0.0366614
0.0367891
0.0370139
0.0373375
0.0377633
0.0382973
0.0389458
0.0397187
0.0406293
0.0416924
0.0429301
0.0443654
0.0460226
0.0479198
0.0500586
0.0524068
0.0548864
0.0573699
0.0596859
0.0616539
0.0631015
0.0638806
0.0638954
0.0631267
0.0616669
0.0597149
0.0575234
0.0553264
0.0532933
0.0515126
0.0500181
0.0488035
0.0478471
0.0471202
0.0465982
0.0462528
0.046057
0.0459785
0.0459819
0.046028
0.0460766
0.0460876
0.0460294
0.0458818
0.0456367
0.0453022
0.0449001
0.0444578
0.0440083
0.0435846
0.0432198
0.0429426
0.0427799
0.0427558
0.0428968
0.0432309
0.043789
0.0446033
0.0457043
0.0471148
0.0488325
0.0508139
0.0529496
0.0550568
0.0569
0.0582506
0.058965
0.0590465
0.0586347
0.0579418
0.0571802
0.0565054
0.0559988
0.0556799
0.0555164
0.0554442
0.055379
0.0552357
0.0549398
0.0544458
0.053748
0.0528794
0.051913
0.0509489
0.0501
0.0494797
0.0491843
0.0492785
0.0497759
0.0506329
0.0517341
0.0529031
0.0539269
0.0546117
0.0548255
0.0545372
0.0538087
0.0527688
0.0515767
0.0503785
0.0492794
0.0483332
0.0475512
0.0469091
0.0463734
0.0459125
0.0455067
0.0451594
0.044893
0.0447431
0.0447549
0.0449658
0.0453962
0.0460512
0.0469049
0.0479038
0.048967
0.0499863
0.0508455
0.0514432
0.0517193
0.0516794
0.0513926
0.0509747
0.0505506
0.0502311
0.0500893
0.0501593
0.0504369
0.0508863
0.051445
0.0520275
0.052539
0.0528869
0.0530031
0.052857
0.0524688
0.0519036
0.0512468
0.0505883
0.0500048
0.0495493
0.0492527
0.0491259
0.0491676
0.0493666
0.049707
0.0501763
0.050767
0.0514809
0.0523362
0.0533559
0.0545689
0.0559859
0.0575807
0.0592626
0.0608707
0.0621897
0.0629976
0.0631278
0.0625259
0.0612604
0.0594908
0.0574169
0.0552268
0.0530684
0.0510458
0.0492227
0.0476294
0.0462719
0.0451461
0.044234
0.043516
0.0429702
0.0425732
0.0423
0.0421272
0.0420282
0.041978
0.0419505
0.0419201
0.0418667
0.04177
0.0416199
0.0414089
0.0411381
0.0408181
0.0404631
0.0400933
0.0397287
0.0393943
0.0391131
0.0389092
0.0388083
0.0388325
0.0390073
0.039357
0.0399092
0.0406862
0.0417079
0.0429896
0.0445327
0.0463195
0.0483132
0.0504474
0.0526284
0.0547395
0.0566548
0.058259
0.0594724
0.0602609
0.0606403
0.0606676
0.0604249
0.0599976
0.0594688
0.0589115
0.0583871
0.0579452
0.0576202
0.057427
0.0573543
0.0573547
0.0573601
0.0572856
0.0570645
0.0566717
0.0561244
0.0554695
0.0547567
0.0540174
0.0532596
0.0524808
0.0516912
0.0509212
0.0502199
0.049644
0.0492384
0.0490318
0.0490292
0.0492113
0.0495408
0.0499729
0.0504513
0.0509193
0.0513151
0.051575
0.0516385
0.0514569
0.0509985
0.0502703
0.0493067
0.0481667
0.0469238
0.0456471
0.0443955
0.0432088
0.042113
0.0411225
0.0402431
0.0394768
0.0388243
0.03829
0.0378808
0.0376089
0.0374911
0.0375534
0.0378258
0.0383509
0.039174
0.0403433
0.0419026
0.0438737
0.0462337
0.0488947
0.0516886
0.0543875
0.0567489
0.058593
0.059848
0.0605462
0.0607837
0.0606703
0.0603103
0.059796
0.0592104
0.0586133
0.0580385
0.0574859
0.0569359
0.0563727
0.0557982
0.0552355
0.054719
0.0542816
0.0539433
0.0537102
0.0535821
0.0535567
0.0536306
0.0538006
0.0540587
0.0543858
0.0547484
0.0550988
0.0553794
0.0555303
0.055491
0.0552163
0.0546788
0.0538779
0.0528368
0.051601
0.0502338
0.0488042
0.0473808
0.0460263
0.0447954
0.0437298
0.0428589
0.0422041
0.0417754
0.0415728
0.0415853
0.041792
0.0421551
0.0426277
0.0431495
0.0436627
0.0441134
0.044469
0.0447264
0.0449136
0.0450808
0.04529
0.0455997
0.0460511
0.0466618
0.0474187
0.0482771
0.0491641
0.0499899
0.0506672
0.0511358
0.0513745
0.0514076
0.0512917
0.051092
0.0508659
0.0506507
0.0504615
0.0503001
0.0501629
0.0500449
0.0499466
0.0498663
0.0498014
0.0497396
0.0496605
0.049538
0.0493424
0.0490483
0.0486401
0.048116
0.0474905
0.0467916
0.0460614
0.0453479
0.0447038
0.0441766
0.0438167
0.0436607
0.0437408
0.0440713
0.0446477
0.0454272
0.0463316
0.0472379
0.0479901
0.0484431
0.0485023
0.0481616
0.0475007
0.0466631
0.0457975
0.045032
0.0444079
0.0440782
0.0439743
0.0440722
0.0443233
0.0446638
0.0450176
0.0453045
0.0454504
0.0454054
0.0451518
0.0447053
0.0441156
0.0434461
0.0427599
0.0421129
0.0415452
0.0410821
0.0407352
0.0405044
0.0403854
0.0403672
0.0404387
0.0405881
0.0407996
0.0410595
0.0413511
0.0416582
0.0419634
0.0422512
0.0425067
0.042721
0.0428887
0.0430105
0.0430927
0.0431448
0.043179
0.0432077
0.0432449
0.043304
0.0433972
0.0435401
0.0437559
0.0440679
0.0445087
0.0451136
0.0459227
0.0469717
0.0482914
0.0498968
0.0517834
0.053918
0.0562426
0.0586788
0.0611419
0.063555
0.065854
0.0679812
0.0698664
0.0714163
0.0725254
0.0731
0.073093
0.072529
0.0714993
0.0701329
0.0685586
0.0668694
0.0651121
0.0632999
0.0614451
0.0595848
0.0578005
0.0562084
0.0549301
0.0540616
0.053644
0.0536516
0.0539808
0.0544636
0.0548919
0.0550635
0.0548294
0.05413
0.0529967
0.0515289
0.0498539
0.0480996
0.046378
0.0447808
0.0433807
0.0422377
0.041397
0.040892
0.0407446
0.0409607
0.0415242
0.0423885
0.043466
0.0446253
0.0457054
0.0465504
0.0470497
0.0471834
0.0470173
0.0466774
0.0463002
0.0459961
0.0458309
0.0458259
0.0459667
0.0462189
0.0465395
0.0468857
0.0472255
0.0475383
0.0478196
0.0480746
0.048317
0.0485623
0.0488273
0.0491241
0.0494618
0.0498431
0.0502638
0.0507126
0.0511715
0.0516164
0.0520159
0.0523381
0.0525522
0.0526351
0.0525731
0.0523697
0.0520403
0.0516135
0.0511268
0.0506193
0.050128
0.0496804
0.0492991
0.0489931
0.0487574
0.0485778
0.0484302
0.048288
0.048121
0.0479012
0.0476046
0.04722
0.0467402
0.0461733
0.0455309
0.0448313
0.0440958
0.0433483
0.0426123
0.0419105
0.0412612
0.04068
0.0401811
0.039775
0.0394704
0.0392699
0.0391761
0.039186
0.0392972
0.0395031
0.0397931
0.040153
0.0405698
0.0410263
0.0415055
0.0419921
0.0424757
0.0429522
0.043425
0.0438998
0.0443905
0.0449101
0.0454696
0.0460705
0.0467021
0.0473416
0.0479546
0.0484957
0.0489162
0.0491718
0.0492333
0.0490941
0.04877
0.0483032
0.0477488
0.0471711
0.0466323
0.046186
0.0458719
0.0457179
0.0457371
0.0459254
0.0462657
0.0467236
0.0472476
0.0477705
0.0482177
0.0485142
0.0485998
0.0484455
0.0480589
0.0474788
0.0467726
0.0460132
0.0452754
0.0446172
0.0440865
0.0437135
0.0435142
0.0434977
0.0436598
0.0439994
0.0445097
0.0451872
0.0460331
0.0470574
0.0482817
0.0497337
0.051444
0.0534319
0.0556885
0.0581538
0.0606909
0.0630774
0.0650121
0.066161
0.0662497
0.0651612
0.0630055
0.0600907
0.0568143
0.0535467
0.0505519
0.0479803
0.045882
0.0442522
0.0430537
0.0422432
0.0417812
0.0416327
0.0417782
0.0422054
0.0429146
0.0439033
0.0451707
0.0467009
0.0484533
0.0503452
0.0522447
0.0539742
0.0553353
0.0561675
0.0563924
0.0560466
0.0552579
0.0541995
0.053035
0.0518863
0.0508283
0.0498931
0.0490872
0.048406
0.0478403
0.0473821
0.04703
0.0467854
0.0466521
0.0466336
0.0467328
0.0469465
0.0472692
0.0476862
0.048177
0.0487172
0.0492747
0.0498149
0.0503016
0.050698
0.0509697
0.0510857
0.0510299
0.0508002
0.0504184
0.0499273
0.0493884
0.0488735
0.0484556
0.0482001
0.0481585
0.0483671
0.0488378
0.0495663
0.0505172
0.0516281
0.0528034
0.0539271
0.0548812
0.0555668
0.0559357
0.0560013
0.0558291
0.0555219
0.0551855
0.0549112
0.0547617
0.0547715
0.0549472
0.0552792
0.0557488
0.0563389
0.0570266
0.0577835
0.0585555
0.0592705
0.0598279
0.0601179
0.0600405
0.0595241
0.0585379
0.0571024
0.0552798
0.0531732
0.0509038
0.0485948
0.046358
0.0442772
0.0424069
0.0407765
0.0393924
0.0382453
0.037319
0.0365916
0.0360445
0.0356554
0.0354063
0.0352835
0.0352728
0.0353649
0.0355509
0.0358262
0.0361862
0.0366301
0.0371565
0.037766
0.0384599
0.0392374
0.0400968
0.0410333
0.0420388
0.0431009
0.0441986
0.0453082
0.0463982
0.0474343
0.0483772
0.04919
0.0498377
0.0502944
0.0505413
0.0505728
0.0503946
0.0500257
0.0494935
0.048834
0.0480888
0.0473
0.0465095
0.0457522
0.0450569
0.0444417
0.0439127
0.0434696
0.0431
0.0427866
0.0425129
0.0422653
0.0420356
0.0418265
0.04165
0.0415227
0.0414682
0.0415029
0.0416436
0.0418936
0.0422523
0.0427052
0.0432347
0.0438143
0.0444182
0.0450202
0.0455949
0.0461207
0.0465764
0.046942
0.0472012
0.0473469
0.0473839
0.0473362
0.0472439
0.0471581
0.0471325
0.0472171
0.0474513
0.0478626
0.0484621
0.0492503
0.0502131
0.0513256
0.0525547
0.0538604
0.0551956
0.0565193
0.057801
0.0590282
0.0602168
0.0614121
0.0626743
0.0640591
0.0655791
0.0671714
0.0686899
0.0699413
0.070777
0.071167
0.071208
0.0710448
0.0707637
0.0703616
0.0697909
0.0690452
0.0681973
0.0673711
0.066668
0.0661183
0.0656729
0.06524
0.0647222
0.0640495
0.0631798
0.0620981
0.0607916
0.0592535
0.0574884
0.0555337
0.0534667
0.0513982
0.0494482
0.0477227
0.0462905
0.045178
0.0443759
0.0438451
0.0435315
0.043369
0.0433
0.043282
0.0433034
0.0433972
0.0436542
0.0442336
0.0453614
0.0472954
0.050229
0.0540783
0.0582052
0.061368
0.062305
0.0607205
0.0575505
0.054141
0.0513839
0.049521
0.0483852
0.0476686
0.0470893
0.0464626
0.0457086
0.044843
0.0439407
0.0431003
0.0424184
0.0419653
0.0417868
0.041898
0.0422821
0.0428999
0.0436879
0.0445679
0.0454577
0.0462846
0.0469962
0.0475686
0.0480092
0.0483454
0.0486174
0.0488645
0.0491213
0.0494105
0.0497485
0.0501497
0.050623
0.0511838
0.051846
0.0526231
0.0535176
0.0545133
0.0555651
0.0565985
0.0574918
0.0580771
0.0581669
0.0576285
0.056477
0.054911
0.0532484
0.0518115
0.0508298
0.0504057
0.0505328
0.0511357
0.0521013
0.0533091
0.0546485
0.0560334
0.0574029
0.0587241
0.0599786
0.0611583
0.0622519
0.0632269
0.0640276
0.0645776
0.0647934
0.0646149
0.0640287
0.0630773
0.0618444
0.0604321
0.0589403
0.0574431
0.0559961
0.0546386
0.0534032
0.0523254
0.0514433
0.0507959
0.0504235
0.0503573
0.0506149
0.0511911
0.0520527
0.0531249
0.0542983
0.0554334
0.0563814
0.0570138
0.0572558
0.0571002
0.0566049
0.0558687
0.0550003
0.0540891
0.0531891
0.0523172
0.0514628
0.0505975
0.0496956
0.0487459
0.0477525
0.0467378
0.0457324
0.0447692
0.0438747
0.043066
0.0423491
0.0417239
0.0411801
0.0407058
0.0402863
0.0399087
0.039562
0.0392369
0.0389289
0.0386336
0.0383516
0.0380839
0.0378324
0.0376016
0.0373937
0.037212
0.037061
0.0369445
0.0368633
0.0368214
0.0368197
0.0368614
0.0369486
0.037085
0.0372711
0.0375112
0.0378083
0.0381662
0.0385909
0.0390884
0.0396684
0.040339
0.0411118
0.0419986
0.0430094
0.0441525
0.0454271
0.0468231
0.0483104
0.0498382
0.0513326
0.0526976
0.0538313
0.0546342
0.0550271
0.0549713
0.0544748
0.0535933
0.0524249
0.0510924
0.0497185
0.0484119
0.0472543
0.0462924
0.0455422
0.0449933
0.0446136
0.0443573
0.0441771
0.0440299
0.0438892
0.0437477
0.0436263
0.0435685
0.0436332
0.0438896
0.0444063
0.0452344
0.0463941
0.0478467
0.0494762
0.0510783
0.0523997
0.0532118
0.0534039
0.0530285
0.052268
0.0513399
0.0504177
0.0495971
0.0489027
0.0483113
0.04779
0.047308
0.0468492
0.0464087
0.0459927
0.0456089
0.0452621
0.0449563
0.0446941
0.0444756
0.0443065
0.044195
0.0441569
0.0442093
0.0443713
0.044661
0.0450931
0.0456763
0.0464111
0.0472928
0.0483069
0.0494351
0.0506463
0.0519031
0.0531594
0.0543596
0.0554426
0.0563429
0.0569983
0.0573549
0.0573794
0.0570647
0.056434
0.0555391
0.0544552
0.0532694
0.0520699
0.0509382
0.0499418
0.0491318
0.0485408
0.0481862
0.0480683
0.0481769
0.0484875
0.048966
0.04957
0.0502467
0.050943
0.0515989
0.0521592
0.0525718
0.052794
0.0528023
0.0525929
0.0521905
0.0516485
0.0510419
0.0504579
0.0499846
0.0496972
0.0496563
0.0498934
0.0504148
0.0511959
0.0521863
0.053317
0.0545125
0.0556952
0.0567948
0.0577295
0.0583866
0.0586185
0.0582725
0.0572597
0.0556214
0.0535402
0.0512726
0.0490573
0.047054
0.0453316
0.0438845
0.0426733
0.0416465
0.0407592
0.0399788
0.0392875
0.0386784
0.0381516
0.0377106
0.0373597
0.0371009
0.0369359
0.0368619
0.0368778
0.0369775
0.0371556
0.037405
0.0377182
0.0380858
0.0385008
0.0389534
0.039436
0.03994
0.0404587
0.0409812
0.0414973
0.0419946
0.0424584
0.0428748
0.04323
0.043514
0.0437188
0.0438483
0.0439109
0.0439224
0.0439089
0.0438958
0.0439129
0.0439893
0.0441511
0.0444197
0.0448113
0.0453336
0.0459893
0.0467767
0.0476872
0.0487068
0.0498175
0.0509958
0.0522117
0.0534223
0.0545762
0.0556046
0.0564303
0.0569764
0.057184
0.0570205
0.0564959
0.0556662
0.0546199
0.0534703
0.0523277
0.051279
0.0503787
0.0496422
0.0490563
0.0485904
0.048209
0.0478862
0.0476035
0.0473523
0.0471295
0.0469347
0.04676
0.0465926
0.0464135
0.0462026
0.0459459
0.0456376
0.0452854
0.0449118
0.0445526
0.0442544
0.0440668
0.044041
0.0442221
0.0446419
0.0453155
0.0462289
0.0473318
0.0485324
0.0497065
0.0507155
0.0514344
0.0517887
0.0517671
0.0514156
0.0508167
0.0500582
0.0492157
0.0483446
0.0474793
0.0466419
0.0458536
0.0451378
0.0445239
0.0440438
0.0437263
0.0435955
0.0436605
0.0439192
0.0443543
0.0449308
0.045603
0.0463142
0.0470056
0.0476193
0.0481112
0.0484545
0.0486387
0.04867
0.0485669
0.0483492
0.0480416
0.0476634
0.0472385
0.046795
0.0463605
0.0459669
0.0456449
0.0454186
0.0453073
0.0453199
0.0454561
0.0457065
0.0460597
0.0464913
0.0469755
0.0474846
0.0479889
0.0484641
0.0488879
0.0492463
0.0495364
0.0497661
0.0499574
0.0501448
0.0503737
0.0507031
0.0511969
0.0519258
0.0529535
0.0543258
0.0560371
0.0579956
0.0599925
0.0617134
0.0628143
0.0630532
0.0623994
0.0610325
0.0592404
0.0572995
0.0554084
0.0536726
0.0521339
0.0507956
0.0496434
0.048656
0.0478102
0.0470795
0.0464397
0.0458599
0.0453071
0.0447488
0.0441581
0.0435126
0.0428013
0.0420265
0.0412029
0.0403543
0.0395097
0.0386953
0.0379366
0.0372518
0.0366544
0.0361499
0.0357421
0.0354299
0.0352099
0.0350774
0.035027
0.0350538
0.0351521
0.0353137
0.0355332
0.0358036
0.0361164
0.0364613
0.0368311
0.037217
0.0376112
0.0380087
0.0384025
0.0387897
0.0391673
0.0395317
0.0398768
0.0401919
0.0404628
0.0406704
0.040797
0.0408247
0.0407439
0.0405581
0.0402826
0.0399433
0.0395757
0.0392199
0.0389149
0.0386986
0.0386026
0.0386594
0.038896
0.0393398
0.0400161
0.0409484
0.042159
0.0436613
0.0454575
0.0475272
0.0498185
0.0522398
0.0546607
0.0569225
0.0588655
0.0603562
0.0613196
0.0617503
0.0616979
0.0612529
0.0605207
0.0596058
0.0586071
0.057602
0.0566596
0.0558309
0.0551513
0.0546438
0.0543215
0.0541859
0.054236
0.0544803
0.0549423
0.0556748
0.0568847
0.0583862
0.0601587
0.0618582
0.0629089
0.0627187
0.0610436
0.0581801
0.0547778
0.0514698
0.0486478
0.0464534
0.0448637
0.043791
0.043135
0.042811
0.0427561
0.0429254
0.0432892
0.0438284
0.0445309
0.0453886
0.0463971
0.0475496
0.0488358
0.0502471
0.0517682
0.0533759
0.055041
0.0567288
0.0584055
0.0600418
0.0616072
0.0630671
0.0643726
0.0654627
0.0662643
0.0667155
0.0667766
0.0664447
0.0657529
0.0647699
0.0635909
0.0623248
0.0610801
0.059951
0.0590095
0.0582982
0.0578322
0.0576054
0.0575973
0.0577809
0.0581266
0.0586044
0.0591842
0.0598282
0.0604803
0.0610591
0.0614541
0.0615465
0.0612269
0.060429
0.0591547
0.0574712
0.0554953
0.0533636
0.0511973
0.0490985
0.0471334
0.045344
0.0437499
0.0423596
0.0411727
0.0401832
0.0393851
0.0387754
0.0383544
0.03813
0.0381186
0.0383505
0.0388691
0.0397378
0.0410343
0.0428394
0.0452007
0.0480678
0.0511976
0.0540954
0.0561008
0.0566723
0.0557151
0.0536357
0.0510709
0.0485577
0.0463967
0.0446726
0.0433494
0.0423514
0.0415978
0.041023
0.0405777
0.0402285
0.0399541
0.0397403
0.0395799
0.0394686
0.039406
0.0393897
0.0394182
0.0394904
0.0396036
0.0397548
0.0399379
0.0401426
0.0403608
0.0405818
0.0407922
0.0409803
0.0411379
0.0412572
0.0413369
0.0413783
0.0413873
0.0413754
0.0413551
0.04134
0.0413451
0.0413823
0.0414631
0.0415993
0.0417934
0.0420531
0.0423796
0.042772
0.0432269
0.0437413
0.0443075
0.0449196
0.0455753
0.0462797
0.0470492
0.0479153
0.048933
0.0501775
0.0517356
0.0536707
0.0559552
0.0583823
0.0605064
0.0617307
0.061573
0.0599719
0.0573408
0.0543068
0.0514085
0.0489422
0.0469961
0.0455364
0.0444789
0.0437336
0.0432208
0.0428817
0.0426747
0.0425689
0.0425549
0.0426313
0.0428088
0.0431087
0.0435636
0.0442118
0.0451023
0.0462839
0.047803
0.0496896
0.0519354
0.0544696
0.0571398
0.0597001
0.0618402
0.063264
0.0637952
0.0634507
0.0624356
0.061062
0.0596457
0.0584307
0.0575658
0.0571178
0.0571018
0.0575059
0.0583115
0.0594997
0.0610309
0.0628243
0.0647169
0.0664352
0.06762
0.06793
0.0671868
0.0654773
0.0631218
0.0605277
0.0580464
0.0558944
0.0541624
0.0528476
0.0519
0.0512518
0.050834
0.0505845
0.0504513
0.0503882
0.0503584
0.0503282
0.0502758
0.0501907
0.050074
0.0499445
0.0498278
0.0497587
0.0497736
0.0499049
0.0501819
0.0506255
0.0512493
0.0520605
0.0530587
0.054228
0.0555416
0.0569399
0.0583291
0.059578
0.0605384
0.061071
0.0610932
0.0605951
0.0596526
0.0583881
0.056937
0.0554132
0.0539014
0.0524548
0.0511113
0.0498975
0.0488433
0.0479827
0.0473593
0.047026
0.0470438
0.0474776
0.0483839
0.0497892
0.0516533
0.0538316
0.0560432
0.057897
0.058996
0.0590874
0.0581595
0.0564219
0.0541921
0.0517787
0.0494227
0.0472817
0.045446
0.0439524
0.0428061
0.0419904
0.0414808
0.041249
0.0412641
0.041496
0.0419116
0.0424688
0.0431187
0.0438018
0.044452
0.0450019
0.0453906
0.04558
0.0455567
0.0453337
0.0449485
0.0444519
0.0438971
0.0433307
0.0427911
0.0423038
0.0418867
0.0415508
0.0413001
0.0411376
0.0410682
0.0410949
0.041221
0.041452
0.0417961
0.0422602
0.0428553
0.0435937
0.0444932
0.0455737
0.0468598
0.0483752
0.0501425
0.0521757
0.0544714
0.0570001
0.059693
0.0624359
0.0650692
0.0673983
0.0692206
0.0703609
0.0707139
0.0702724
0.069129
0.0674433
0.0654008
0.063177
0.060912
0.0587109
0.0566577
0.0548201
0.053265
0.0520522
0.0512279
0.0508185
0.0508217
0.0511963
0.0518648
0.0527113
0.0535998
0.0543974
0.0550025
0.0553637
0.0554909
0.0554407
0.0552907
0.055118
0.0549821
0.0549159
0.0549302
0.0550174
0.055162
0.0553438
0.0555436
0.0557451
0.0559277
0.0560609
0.0561014
0.0559929
0.0556841
0.0551423
0.0543739
0.0534298
0.0524011
0.0513963
0.0505188
0.0498568
0.0494538
0.0493136
0.0493936
0.0496163
0.0498807
0.0500919
0.0501857
0.0501515
0.0500387
0.0499422
0.0499768
0.050246
0.0508157
0.0516991
0.0528429
0.0541222
0.0553437
0.0562776
0.0567004
0.0564577
0.0555136
0.0539602
0.0519853
0.0498165
0.0476644
0.0456909
0.0439926
0.0426139
0.0415621
0.0408147
0.040336
0.0400823
0.0400064
0.0400626
0.0402087
0.0404083
0.0406344
0.0408732
0.0411186
0.0413773
0.0416671
0.0420082
0.042428
0.0429546
0.0436155
0.0444342
0.0454328
0.0466264
0.0480196
0.049603
0.0513448
0.0531819
0.0550198
0.0567409
0.0582192
0.0593606
0.0601238
0.0605379
0.0606859
0.0606742
0.0606037
0.0605547
0.0605748
0.0606855
0.0608829
0.061133
0.0613751
0.0615221
0.0614702
0.0611294
0.0604493
0.0594397
0.0581794
0.0567886
0.055403
0.0541486
0.053121
0.0523831
0.0519622
0.0518566
0.052036
0.0524407
0.0529853
0.0535616
0.0540581
0.0543816
0.054484
0.0543735
0.0541088
0.053781
0.0534905
0.0533329
0.0533928
0.0537379
0.0544051
0.0553713
0.0565086
0.0575587
0.0581757
0.0580524
0.0570812
0.055424
0.0534329
0.0514875
0.0498725
0.0487469
0.0481713
0.0481472
0.0486399
0.0495903
0.0508912
0.0523686
0.0537741
0.0548292
0.0553065
0.055138
0.054449
0.0535012
0.0525935
0.0519692
0.0517818
0.0520977
0.0529138
0.0541606
0.0557044
0.057343
0.0588169
0.059853
0.0602438
0.0599098
0.0589139
0.0574216
0.0556244
0.05369
0.0517414
0.0498619
0.0481053
0.0465089
0.0450954
0.0438742
0.042847
0.042003
0.0413266
0.0408007
0.040406
0.040125
0.0399412
0.039841
0.0398152
0.0398553
0.039956
0.0401161
0.0403311
0.040601
0.0409236
0.0412948
0.0417085
0.0421546
0.0426185
0.0430827
0.0435252
0.0439264
0.0442683
0.0445426
0.0447509
0.0449066
0.0450362
0.0451679
0.0453343
0.0455582
0.0458483
0.0461987
0.0465857
0.0469784
0.0473421
0.04765
0.0478871
0.0480481
0.0481396
0.0481732
0.0481616
0.0481228
0.0480792
0.0480664
0.048128
0.0483037
0.0486344
0.049139
0.0498058
0.0505927
0.0514257
0.0522111
0.0528583
0.0532879
0.0534673
0.0534076
0.0531631
0.0528123
0.0524396
0.0521104
0.0518623
0.0517036
0.0516125
0.0515541
0.0514925
0.0514023
0.0512709
0.0511058
0.0509194
0.0507314
0.0505557
0.0504029
0.0502753
0.0501701
0.050085
0.0500166
0.049962
0.049918
0.0498808
0.0498407
0.0497835
0.0496911
0.0495437
0.0493248
0.0490222
0.0486325
0.048162
0.0476228
0.0470332
0.0464155
0.0457927
0.0451915
0.0446376
0.0441499
0.0437512
0.0434597
0.0432875
0.0432407
0.0433214
0.0435236
0.0438329
0.0442274
0.0446808
0.0451643
0.0456456
0.0460988
0.0465008
0.0468427
0.0471243
0.0473559
0.0475529
0.0477357
0.0479214
0.0481314
0.0483777
0.0486712
0.0490252
0.0494511
0.0499641
0.0505772
0.0513005
0.0521367
0.0530758
0.0540867
0.0551176
0.0560932
0.0569287
0.0575391
0.057866
0.0578941
0.057662
0.0572679
0.0568495
0.0565696
0.0565859
0.0570213
0.0579492
0.0593608
0.0611512
0.0630991
0.0648864
0.0661534
0.066608
0.0661344
0.0648396
0.0630169
0.0610324
0.0592049
0.0577311
0.0566574
0.055901
0.0553115
0.0547417
0.0541037
0.053397
0.0527004
0.0521274
0.0517833
0.0517393
0.0520199
0.0526087
0.0534535
0.0544754
0.055575
0.0566413
0.057563
0.0582416
0.0586082
0.0586335
0.0583349
0.0577701
0.0570256
0.0562035
0.0554053
0.0547162
0.0542036
0.0539069
0.0538417
0.0539969
0.0543416
0.0548305
0.0554118
0.0560391
0.0566796
0.0573166
0.057951
0.0585966
0.0592723
0.0600017
0.0608057
0.0617023
0.0626956
0.0637729
0.0648911
0.0659837
0.066959
0.0676979
0.0680601
0.0679059
0.0671393
0.0657415
0.0637827
0.061391
0.0587175
0.0559173
0.0531361
0.0505005
0.0481037
0.0460036
0.0442236
0.0427646
0.0416139
0.0407551
0.0401807
0.0398902
0.0398995
0.0402269
0.0408958
0.0419091
0.0432258
0.0447303
0.0462136
0.0473952
0.0480063
0.0479044
0.0471449
0.0459585
0.0446472
0.0434761
0.0426269
0.0421844
0.0421701
0.0425653
0.0433322
0.0444214
0.0457719
0.0473152
0.0489645
0.0506259
0.0521992
0.0535951
0.05475
0.0556326
0.0562482
0.0566295
0.0568243
0.0568824
0.0568492
0.0567531
0.0566086
0.0564106
0.0561404
0.0557736
0.0552876
0.0546788
0.0539675
0.0532007
0.0524454
0.0517691
0.0512362
0.0508957
0.0507761
0.0508874
0.0512247
0.0517667
0.052483
0.053328
0.0542477
0.0551823
0.0560686
0.0568474
0.0574692
0.0578973
0.0581113
0.0581001
0.0578719
0.0574552
0.0569042
0.0563029
0.0557545
0.0553599
0.0551853
0.0552439
0.0554793
0.055782
0.0560266
0.0561259
0.0560823
0.0559875
0.0559982
0.0562829
0.0569789
0.058164
0.0598413
0.0619415
0.0643191
0.0667659
0.069032
0.070861
0.0720343
0.0724145
0.0719708
0.0707776
0.0689948
0.0668226
0.0644581
0.0620647
0.0597639
0.0576355
0.0557242
0.0540507
0.0526143
0.051404
0.0503965
0.0495633
0.0488752
0.0483033
0.0478231
0.0474139
0.0470636
0.0467639
0.0465047
0.0462816
0.0460824
0.0458965
0.0457076
0.0454989
0.0452571
0.0449743
0.0446508
0.0442978
0.0439378
0.0435988
0.0433138
0.043114
0.0430286
0.0430786
0.0432836
0.0436552
0.0441997
0.0449165
0.0457925
0.0467983
0.0478827
0.0489808
0.0500319
0.0509895
0.0518448
0.0526311
0.0534023
0.0542133
0.055092
0.0560238
0.0569569
0.0578094
0.0584925
0.058933
0.0590842
0.0589369
0.0585218
0.0579032
0.0571655
0.0564019
0.0557008
0.0551322
0.0547424
0.054546
0.0545234
0.0546245
0.0547762
0.0548928
0.0548914
0.0547086
0.0543062
0.0536828
0.0528672
0.0519126
0.0508908
0.0498781
0.0489566
0.0481999
0.0476681
0.0473988
0.0474071
0.0476773
0.0481664
0.0488108
0.0495331
0.0502665
0.0509614
0.0515978
0.052185
0.0527408
0.0532778
0.0537919
0.0542552
0.0546289
0.0548864
0.0550275
0.0550863
0.0551208
0.0551854
0.0553076
0.0554751
0.0556415
0.0557391
0.0557069
0.055505
0.0551288
0.0546032
0.0539733
0.0532945
0.0526211
0.0519968
0.0514543
0.0510102
0.0506705
0.0504281
0.0502702
0.050178
0.05014
0.0501492
0.0502136
0.0503525
0.0505866
0.0509232
0.0513443
0.051798
0.0522062
0.0524869
0.052593
0.0525326
0.0523684
0.0521863
0.0520434
0.0519332
0.0517756
0.051444
0.0508211
0.0498549
0.0485871
0.0471323
0.0456424
0.0442552
0.0430665
0.0421261
0.0414418
0.0409912
0.0407346
0.0406192
0.0405896
0.0405946
0.0405957
0.0405694
0.0405143
0.040455
0.0404319
0.0404983
0.0407165
0.0411485
0.0418518
0.0428741
0.0442447
0.0459743
0.048044
0.0503981
0.0529186
0.0553847
0.0574284
0.0585638
0.0583666
0.0567489
0.0540733
0.0509779
0.0480671
0.0457226
0.0440894
0.0431481
0.0428015
0.0429187
0.0433642
0.044003
0.0447034
0.0453402
0.0458074
0.0460294
0.0459742
0.0456599
0.0451488
0.0445319
0.043912
0.0433832
0.0430217
0.0428775
0.0429785
0.043331
0.0439309
0.0447675
0.0458314
0.0471181
0.0487479
0.0504173
0.0522333
0.0541156
0.0559433
0.0575714
0.0588724
0.0597889
0.0603741
0.0608049
0.0613491
0.0623012
0.0638893
0.066169
0.0689311
0.071692
0.0738437
0.0749406
0.0749146
0.0740192
0.072596
0.0708825
0.068982
0.0669446
0.0648439
0.0628051
0.0609874
0.0595516
0.05863
0.0583035
0.0585668
0.0592995
0.0602406
0.0610069
0.0612146
0.0606485
0.0593748
0.0577006
0.056005
0.0545761
0.0535364
0.0528449
0.052356
0.0518797
0.0512471
0.0503596
0.0492076
0.0478529
0.046395
0.0449388
0.0435716
0.0423555
0.0413282
0.0405128
0.0399174
0.0395446
0.0393932
0.0394599
0.0397436
0.0402421
0.040956
0.0418844
0.0430273
0.0443831
0.0459483
0.0477186
0.049684
0.0518352
0.0541527
0.0566061
0.0591462
0.0616994
0.0641632
0.0664096
0.0682995
0.0697002
0.0705182
0.070721
0.0703495
0.0695108
0.0683534
0.0670264
0.0656434
0.0642532
0.062839
0.0613417
0.059705
0.0579226
0.0560498
0.0541962
0.0524863
0.051024
0.0498712
0.0490478
0.0485286
0.0482713
0.0482193
0.0483131
0.0484999
0.0487267
0.0489486
0.0491151
0.0491747
0.0490776
0.0487837
0.0482702
0.0475396
0.0466207
0.0455643
0.0444272
0.0432674
0.042132
0.0410625
0.0400841
0.0392159
0.038469
0.0378523
0.0373718
0.0370312
0.0368405
0.0368044
0.036936
0.0372471
0.0377536
0.0384729
0.0394226
0.0406196
0.042069
0.0437657
0.0456757
0.0477336
0.0498285
0.0518112
0.0535069
0.0547475
0.0554155
0.0554713
0.0549702
0.0540445
0.0528679
0.0516178
0.0504432
0.049451
0.048701
0.0482131
0.0479764
0.0479548
0.0480954
0.0483341
0.0486002
0.0488307
0.0489782
0.0490213
0.0489654
0.0488433
0.0486956
0.0485703
0.0485078
0.0485423
0.0487057
0.0490344
0.0495777
0.0503881
0.0514904
0.052843
0.0542839
0.0555182
0.0561844
0.0560144
0.0549785
0.0532968
0.0512981
0.0492567
0.047317
0.0455116
0.0438227
0.0422439
0.0407941
0.0395169
0.0384633
0.0376738
0.037171
0.0369613
0.0370316
0.0373576
0.0379026
0.038622
0.0394606
0.0403604
0.0412665
0.0421348
0.0429371
0.0436651
0.0443299
0.0449511
0.045547
0.0461203
0.0466537
0.0471153
0.0474632
0.047668
0.0477215
0.0476531
0.0475236
0.0474134
0.047405
0.0475665
0.0479382
0.0485261
0.0492959
0.0501764
0.0510656
0.0518564
0.0524564
0.0528187
0.0529487
0.0528976
0.0527404
0.0525545
0.0523947
0.0522969
0.0522685
0.052298
0.0523623
0.0524351
0.0524863
0.0524901
0.0524284
0.0522865
0.0520604
0.0517535
0.0513746
0.0509402
0.0504714
0.0499923
0.0495304
0.0491134
0.0487699
0.0485309
0.0484277
0.0484933
0.048767
0.0492885
0.0500967
0.0512142
0.0526267
0.0542476
0.0558891
0.057264
0.0580415
0.0579633
0.0569645
0.0552008
0.0529727
0.0506055
0.04836
0.0464009
0.0448174
0.0436413
0.0428783
0.04252
0.0425487
0.0429353
0.0436394
0.0445996
0.0457339
0.0469344
0.0480772
0.0490265
0.0496556
0.0498666
0.0496171
0.0489382
0.0479361
0.0467669
0.0456093
0.0446179
0.0439054
0.0435374
0.0435294
0.0438568
0.0444552
0.0452235
0.046031
0.0467279
0.0471742
0.0472664
0.0469669
0.046312
0.0453981
0.0443568
0.043324
0.0424207
0.0417419
0.0413523
0.0412878
0.0415556
0.0421372
0.0429877
0.0440361
0.045185
0.0463212
0.0473296
0.0481049
0.0485797
0.0487416
0.0486376
0.0483669
0.0480587
0.0478515
0.0478694
0.0482069
0.0489191
0.050013
0.0514294
0.0530389
0.0546401
0.0559889
0.0568645
0.0571337
0.0567861
0.0559097
0.0546356
0.0530965
0.0514003
0.049642
0.0479093
0.0462846
0.0448433
0.0436438
0.0427334
0.0421451
0.0419052
0.0420354
0.0425579
0.043488
0.044826
0.0465376
0.0485247
0.0505997
0.0524829
0.0538469
0.0544133
0.0540611
0.0528756
0.0510984
0.0490318
0.0469433
0.0450249
0.0433871
0.0420779
0.0411068
0.0404568
0.0401037
0.0400164
0.0401633
0.0405124
0.0410311
0.041684
0.042431
0.0432239
0.0440086
0.0447247
0.0453117
0.0457187
0.0459103
0.0458741
0.0456237
0.0451935
0.044631
0.0439878
0.0433091
0.0426306
0.0419757
0.0413577
0.0407866
0.0402654
0.0398031
0.03941
0.039102
0.0388942
0.0388095
0.0388706
0.0391029
0.0395285
0.0401697
0.0410341
0.0421105
0.0433566
0.0446902
0.0459857
0.0470915
0.0478614
0.0481931
0.0480561
0.0475015
0.0466448
0.0456421
0.0446493
0.0437995
0.0431826
0.0428356
0.0427476
0.0428597
0.0430904
0.0433517
0.0435652
0.0436786
0.0436743
0.0435609
0.0433731
0.0431591
0.0429698
0.0428576
0.0428667
0.0430305
0.0433649
0.0438748
0.0445481
0.0453578
0.0462589
0.0471932
0.0480925
0.0488854
0.0495066
0.0499036
0.0500468
0.0499399
0.0496145
0.0491338
0.0485816
0.0480548
0.0476537
0.0474808
0.047626
0.0481639
0.0491446
0.0505692
0.0523759
0.0544193
0.0564767
0.0582885
0.0596368
0.060417
0.0606524
0.0604343
0.0598433
0.0589228
0.057702
0.0562475
0.0546783
0.0531378
0.051751
0.0505924
0.0496945
0.0490605
0.0486842
0.0485542
0.0486531
0.0489531
0.0494201
0.0500135
0.0506977
0.0514456
0.0522351
0.0530497
0.0538759
0.0547002
0.055506
0.0562824
0.0570151
0.0576855
0.0582675
0.0587242
0.0590082
0.0590757
0.0589029
0.0584962
0.0579004
0.0571955
0.0564778
0.0558451
0.0553704
0.0550913
0.0550003
0.0550522
0.0551701
0.0552601
0.0552356
0.055035
0.0546316
0.0540395
0.0533102
0.0525159
0.0517335
0.0510277
0.0504424
0.0499936
0.0496743
0.049455
0.0492947
0.0491509
0.0489908
0.0487997
0.0485875
0.0483838
0.0482308
0.0481681
0.0482158
0.0483702
0.0485984
0.0488532
0.049085
0.0492614
0.0493725
0.0494292
0.0494556
0.0494753
0.0495013
0.0495313
0.049562
0.0495908
0.0496277
0.0496985
0.0498437
0.0501088
0.0505282
0.051111
0.0518227
0.0525734
0.0532264
0.0536233
0.0536285
0.0531734
0.0522847
0.0510783
0.0497233
0.0484001
0.0472636
0.046415
0.0458975
0.0456986
0.0457603
0.0460016
0.0463387
0.0467045
0.0470663
0.0474201
0.0477806
0.0481588
0.0485499
0.0489237
0.049231
0.0494187
0.0494459
0.0492948
0.0489788
0.048539
0.0480387
0.0475498
0.0471422
0.0468806
0.0468173
0.0469896
0.0474204
0.048116
0.0490665
0.0502419
0.0515936
0.0530578
0.0545553
0.0559979
0.0572979
0.0583756
0.0591625
0.0596071
0.0596849
0.059399
0.0587898
0.0579366
0.0569638
0.0560397
0.0553783
0.0552413
0.0559369
0.0577999
0.0610899
0.0657483
0.0710151
0.0752859
0.0768519
0.0752818
0.0717745
0.0679688
0.0648232
0.0624828
0.0606634
0.0590095
0.0572586
0.055299
0.0531388
0.050867
0.0486019
0.0464522
0.0445026
0.0428107
0.0414049
0.0402974
0.0394851
0.038955
0.038686
0.038647
0.038801
0.0391013
0.0395017
0.0399605
0.0404536
0.0409841
0.0415833
0.0423066
0.0432103
0.0443159
0.0455702
0.0468125
0.0477904
0.0482314
0.04796
0.0469961
0.0455383
0.0438705
0.0422521
0.0408511
0.0397391
0.03892
0.0383594
0.0380077
0.0378156
0.0377392
0.0377444
0.0378068
0.0379073
0.0380352
0.0381842
0.0383479
0.0385226
0.0387072
0.0388971
0.0390888
0.0392768
0.0394565
0.0396226
0.039772
0.0399053
0.0400225
0.0401309
0.0402383
0.0403574
0.0405029
0.0406869
0.0409268
0.0412366
0.0416269
0.0421073
0.0426859
0.043363
0.0441334
0.0449865
0.0459042
0.0468576
0.0478075
0.0487004
0.0494714
0.0500543
0.0503851
0.0504162
0.0501293
0.0495369
0.0486873
0.0476506
0.0465055
0.0453296
0.0441898
0.0431309
0.0421837
0.0413627
0.040669
0.0400999
0.039648
0.0393053
0.0390688
0.0389361
0.038909
0.0389927
0.0391946
0.0395242
0.0399921
0.0406072
0.0413756
0.0422989
0.0433745
0.0445918
0.0459346
0.0473801
0.0489012
0.0504661
0.0520404
0.053588
0.0550693
0.0564497
0.0576846
0.0587144
0.0594429
0.0597323
0.0594249
0.0584073
0.0566775
0.0543655
0.0516955
0.0489142
0.0462225
0.0437516
0.0415604
0.0396645
0.0380474
0.0366805
0.0355287
0.0345624
0.0337509
0.0330702
0.0325003
0.0320232
0.0316271
0.0313017
0.0310381
0.0308322
0.0306807
0.0305801
0.0305337
0.0305416
0.0306101
0.030744
0.0309518
0.0312433
0.0316308
0.032131
0.0327624
0.0335433
0.034499
0.0356573
0.0370452
0.0386913
0.0406249
0.0428642
0.0454158
0.0482671
0.0513759
0.0546591
0.057994
0.0612145
0.0641363
0.0665869
0.0684449
0.069685
0.0703868
0.0707112
0.0708562
0.0709973
0.0712483
0.0716434
0.0721383
0.0726337
0.0730045
0.0731411
0.0729892
0.0725623
0.071937
0.0712264
0.0705395
0.0699517
0.0694888
0.069136
0.0688528
0.0686022
0.0683583
0.0681126
0.067865
0.0676154
0.0673537
0.0670516
0.0666633
0.0661302
0.0653908
0.0644043
0.0631585
0.0616771
0.060013
0.0582368
0.0564209
0.0546286
0.0529088
0.0512992
0.0498217
0.0484901
0.0473082
0.0462753
0.0453831
0.0446167
0.0439615
0.0433972
0.0429075
0.042471
0.0420731
0.0417029
0.0413516
0.0410183
0.0407054
0.0404195
0.0401672
0.0399578
0.0398002
0.0397008
0.0396646
0.0396979
0.0398019
0.0399758
0.0402146
0.0405094
0.0408471
0.041206
0.0415611
0.0418788
0.0421278
0.0422777
0.0423072
0.0422077
0.0419896
0.0416766
0.0413076
0.0409253
0.0405724
0.0402843
0.0400867
0.0399951
0.0400144
0.0401375
0.0403443
0.0406084
0.0408975
0.0411788
0.0414216
0.0416009
0.0417044
0.0417318
0.0416943
0.0416113
0.0415099
0.0414164
0.0413588
0.0413616
0.0414433
0.041622
0.0419074
0.0423045
0.0428146
0.0434296
0.0441342
0.0449104
0.0457256
0.0465492
0.047346
0.0480824
0.0487334
0.0492849
0.0497275
0.0500623
0.050293
0.0504205
0.0504432
0.0503536
0.0501423
0.049808
0.0493544
0.0488027
0.0481907
0.0475603
0.0469572
0.0464248
0.0459964
0.0456973
0.0455415
0.045533
0.0456683
0.0459347
0.0463118
0.0467728
0.0472851
0.0478148
0.048333
0.0488155
0.0492496
0.0496341
0.0499757
0.0502847
0.0505703
0.0508365
0.0510777
0.0512831
0.0514386
0.0515299
0.0515497
0.0514984
0.0513821
0.0512144
0.0510084
0.0507718
0.0505079
0.0502128
0.0498733
0.0494761
0.0490087
0.0484628
0.0478372
0.0471385
0.0463769
0.0455671
0.0447253
0.0438685
0.0430132
0.0421771
0.0413759
0.0406255
0.0399375
0.0393228
0.0387907
0.0383458
0.0379909
0.0377285
0.0375555
0.0374689
0.0374637
0.0375306
0.0376591
0.0378363
0.0380469
0.0382788
0.0385241
0.038779
0.0390536
0.0393674
0.0397513
0.0402474
0.0409031
0.0417661
0.0428803
0.0442791
0.0459722
0.0479204
0.0500134
0.0520362
0.0536784
0.0545957
0.0545439
0.0535018
0.0516841
0.0494454
0.0471326
0.0449956
0.0431716
0.0417067
0.0405934
0.0398009
0.039287
0.0390115
0.0389364
0.0390279
0.0392564
0.0395963
0.0400274
0.0405358
0.0411117
0.0417485
0.0424434
0.04319
0.0439795
0.0448023
0.0456413
0.0464809
0.0472996
0.0480775
0.0487985
0.0494472
0.0500126
0.0504854
0.0508609
0.0511361
0.0513079
0.0513746
0.0513356
0.0511962
0.0509641
0.0506223
0.0502474
0.049832
0.0493994
0.0489686
0.048557
0.0481732
0.0478248
0.0475097
0.0472239
0.0469591
0.0467023
0.0464462
0.0461776
0.0458894
0.045578
0.0452433
0.0448933
0.0445419
0.044208
0.0439158
0.0436935
0.0435692
0.0435674
0.0437054
0.0439943
0.0444296
0.0449911
0.0456393
0.0463146
0.0469403
0.0474321
0.0477136
0.047736
0.0474857
0.0469896
0.046308
0.0455153
0.0446867
0.0438845
0.0431539
0.0425222
0.0420037
0.0415986
0.0412961
0.04108
0.0409285
0.0408184
0.0407283
0.0406399
0.0405422
0.0404314
0.0403079
0.0401815
0.0400626
0.0399648
0.0398996
0.0398781
0.0399084
0.0399967
0.04015
0.0403751
0.0406779
0.041064
0.0415465
0.0421354
0.0428461
0.0436958
0.0447007
0.0458772
0.047229
0.0487459
0.0503836
0.0520507
0.0535991
0.0548357
0.0555673
0.0556734
0.0551516
0.0541304
0.0528005
0.0513464
0.0498892
0.0484857
0.047147
0.0458808
0.0447063
0.0436698
0.0428339
0.0422622
0.0420106
0.0421158
0.0425886
0.0434076
0.0445158
0.0458177
0.0471905
0.0485096
0.0496838
0.0506845
0.05155
0.0523653
0.0532164
0.0541576
0.0551797
0.0562205
0.0571794
0.0579517
0.0584653
0.0587038
0.058708
0.0585601
0.0583553
0.0581823
0.0581064
0.0581638
0.0583663
0.0587058
0.0591562
0.0596769
0.0602095
0.0606893
0.0610391
0.0611855
0.0610604
0.0606258
0.0598737
0.0588372
0.057588
0.0562225
0.0548495
0.0535754
0.0524854
0.0516411
0.0510629
0.0507317
0.0505799
0.0505038
0.0503797
0.0500923
0.0495667
0.0487908
0.0478127
0.0467222
0.0456136
0.0445674
0.0436391
0.0428523
0.0422111
0.0417049
0.0413178
0.041028
0.0408164
0.0406695
0.040573
0.040521
0.0405087
0.0405348
0.0406019
0.0407155
0.0408844
0.0411216
0.0414407
0.0418624
0.0424089
0.0431047
0.0439741
0.0450387
0.0463117
0.0477873
0.0494406
0.0512163
0.0530253
0.0547489
0.0562482
0.0573833
0.0580452
0.058173
0.0577692
0.0569066
0.055708
0.0543216
0.052899
0.051575
0.0504546
0.0496146
0.0491003
0.0489331
0.0491141
0.0496219
0.0504104
0.0514101
0.0525219
0.0536233
0.0545771
0.0552499
0.0555442
0.055417
0.0548934
0.0540554
0.0530184
0.0519048
0.0508236
0.049854
0.049046
0.0484232
0.047988
0.0477306
0.0476235
0.0476314
0.0477084
0.0477948
0.047826
0.0477352
0.0474679
0.0469906
0.0463021
0.0454324
0.0444374
0.0433813
0.0423289
0.0413342
0.0404371
0.0396636
0.0390278
0.0385369
0.0381913
0.0379912
0.0379355
0.0380242
0.0382553
0.0386268
0.0391345
0.0397738
0.0405333
0.0413973
0.042349
0.0433631
0.0444143
0.0454761
0.0465192
0.0475225
0.048467
0.0493405
0.0501363
0.0508474
0.0514801
0.0520456
0.0525659
0.0530702
0.0535986
0.0541893
0.0548807
0.0557058
0.0566926
0.0578633
0.0592263
0.0607606
0.0623874
0.0639427
0.0651846
0.065856
0.0657924
0.0650319
0.0638195
0.0625113
0.0614436
0.0608432
0.0607796
0.0611654
0.0617953
0.0623913
0.0626814
0.0624774
0.0617215
0.060493
0.0589597
0.0573186
0.055737
0.0543174
0.0530979
0.0520596
0.0511565
0.0503455
0.049601
0.0489225
0.048337
0.0478847
0.0476052
0.0475366
0.0476985
0.0480975
0.0487237
0.049554
0.0505514
0.0516687
0.0528485
0.054028
0.0551447
0.0561438
0.0569854
0.0576424
0.0581034
0.0583669
0.0584379
0.0583282
0.0580561
0.0576446
0.057115
0.0564816
0.0557398
0.0548702
0.0538461
0.0526514
0.0512895
0.0497899
0.0482073
0.0466111
0.0450731
0.0436567
0.0424116
0.041374
0.0405685
0.0400071
0.0396954
0.0396341
0.0398195
0.0402474
0.0409107
0.0418052
0.042925
0.044264
0.0458135
0.0475534
0.0494415
0.0513971
0.0532852
0.0549128
0.0560646
0.0565603
0.0563221
0.0554042
0.0539748
0.052242
0.0503979
0.0485852
0.0468969
0.0453833
0.0440677
0.0429609
0.0420601
0.0413573
0.0408384
0.0404862
0.0402778
0.0401884
0.0401901
0.0402562
0.040364
0.0404905
0.040621
0.0407442
0.040852
0.0409433
0.0410165
0.0410756
0.0411156
0.0411355
0.0411338
0.0411029
0.0410379
0.0409357
0.0407967
0.0406244
0.0404301
0.0402269
0.0400307
0.0398579
0.0397192
0.0396245
0.0395763
0.039571
0.0395973
0.0396401
0.0396774
0.0396889
0.0396558
0.0395674
0.0394279
0.0392477
0.0390586
0.0388998
0.0388203
0.0388689
0.0390966
0.0395489
0.040265
0.0412772
0.042607
0.0442608
0.046227
0.0484622
0.0508881
0.0533801
0.0557824
0.057925
0.0596564
0.060888
0.0616152
0.0619099
0.0618926
0.0616988
0.0614481
0.061232
0.0611136
0.0611294
0.0613
0.0616302
0.0621021
0.0626697
0.06325
0.0637239
0.0639585
0.0638426
0.0633254
0.0624356
0.0612713
0.0599608
0.0586232
0.0573396
0.0561458
0.0550423
0.0540053
0.0530088
0.0520296
0.0510579
0.0500958
0.0491565
0.0482593
0.0474311
0.0467048
0.0461242
0.0457491
0.04566
0.0459531
0.0467337
0.0480731
0.0499321
0.0520643
0.0539506
0.0549123
0.0544313
0.0524969
0.049609
0.0464627
0.0436098
0.0413284
0.0396825
0.0386158
0.0380306
0.0378283
0.037922
0.0382471
0.0387519
0.039399
0.0401652
0.0410402
0.0420209
0.0431102
0.0443102
0.0456147
0.0469989
0.0484137
0.0497877
0.0510279
0.0520401
0.0527478
0.0531108
0.0531423
0.0529056
0.0525064
0.0520636
0.051694
0.0514834
0.0514803
0.0516875
0.0520652
0.0525421
0.0530307
0.0534455
0.0537225
0.053832
0.0537782
0.0535952
0.053332
0.0530374
0.052752
0.0524998
0.0522851
0.0521
0.0519309
0.0517541
0.0515537
0.0513215
0.0510603
0.0507827
0.0505136
0.05028
0.0501061
0.0500122
0.0500059
0.0500839
0.0502314
0.0504245
0.0506332
0.0508276
0.050982
0.0510822
0.0511311
0.0511554
0.0512063
0.0513525
0.0516662
0.0522076
0.0530017
0.0540172
0.0551582
0.0562794
0.0572156
0.0578319
0.0580626
0.0579154
0.0574536
0.0567588
0.0559203
0.0550233
0.0541553
0.0534054
0.0528583
0.0525793
0.0526087
0.0529382
0.0535028
0.0541811
0.0548059
0.0552032
0.0552403
0.0548595
0.0540936
0.0530299
0.0517742
0.0504265
0.0490636
0.0477444
0.0465081
0.0453813
0.0443761
0.043489
0.0427088
0.0420171
0.0413955
0.0408317
0.0403172
0.0398504
0.0394336
0.0390705
0.0387645
0.0385172
0.0383257
0.0381869
0.0380957
0.0380488
0.0380429
0.0380832
0.0381731
0.038323
0.038546
0.0388546
0.039266
0.0397889
0.0404304
0.0411882
0.0420523
0.0430019
0.0440071
0.0450265
0.046016
0.046929
0.0477302
0.0483943
0.0489201
0.0493317
0.0496757
0.0500196
0.050436
0.0509947
0.0517483
0.0527259
0.0539197
0.0552822
0.0567115
0.0580604
0.0591437
0.0597929
0.0599036
0.0594886
0.0586756
0.0576543
0.0566129
0.0556771
0.0548931
0.0542314
0.053614
0.0529453
0.0521394
0.0511446
0.0499603
0.0486327
0.0472486
0.0459061
0.0447046
0.0437256
0.0430267
0.0426382
0.0425654
0.0427872
0.0432585
0.0439091
0.044648
0.0453796
0.0460122
0.0464809
0.046754
0.0468382
0.0467659
0.0465851
0.0463449
0.0460912
0.0458617
0.0456852
0.0455774
0.0455455
0.0455774
0.0456548
0.045743
0.0458125
0.0458348
0.045789
0.0456691
0.0454787
0.045227
0.0449265
0.04459
0.0442325
0.0438706
0.0435144
0.0431751
0.0428587
0.0425659
0.0422938
0.0420355
0.0417884
0.0415532
0.0413354
0.0411455
0.0410035
0.040928
0.040934
0.0410367
0.0412456
0.0415569
0.0419626
0.0424444
0.0429766
0.0435295
0.0440674
0.0445623
0.0449875
0.0453247
0.045566
0.0457115
0.045773
0.0457644
0.0457107
0.0456324
0.0455564
0.0455067
0.0455048
0.0455703
0.0457177
0.0459614
0.0463067
0.0467599
0.0473216
0.0479914
0.0487621
0.0496231
0.050555
0.0515323
0.05252
0.0534789
0.0543636
0.055134
0.0557653
0.0562458
0.0565815
0.0568024
0.0569459
0.0570539
0.0571591
0.0572763
0.0574027
0.0575136
0.0575714
0.0575316
0.0573541
0.0570136
0.0565006
0.0558254
0.0550129
0.054096
0.0531113
0.0520914
0.0510666
0.0500638
0.0491107
0.0482346
0.0474605
0.0468133
0.0463151
0.0459852
0.0458354
0.0458725
0.0460975
0.0465029
0.0470768
0.0478051
0.048672
0.0496629
0.0507669
0.0519802
0.0533039
0.054748
0.0563269
0.0580534
0.0599281
0.0619301
0.063994
0.0660113
0.0678281
0.0692736
0.0701917
0.070476
0.0700933
0.0690867
0.0675709
0.0657091
0.063688
0.0616744
0.0598015
0.0581528
0.0567655
0.0556414
0.0547552
0.0540688
0.0535366
0.0531143
0.052759
0.0524378
0.0521235
0.0517908
0.0514214
0.0509965
0.0505025
0.0499318
0.0492847
0.0485676
0.047803
0.047018
0.0462459
0.0455172
0.04486
0.044298
0.0438478
0.0435179
0.0433164
0.0432471
0.0433143
0.0435217
0.0438751
0.0443758
0.0450159
0.0457686
0.0465872
0.0473941
0.0480954
0.0485944
0.0488206
0.0487539
0.0484272
0.0479147
0.0473129
0.0467083
0.0461676
0.0457288
0.0454038
0.0451866
0.0450555
0.0449844
0.0449533
0.044949
0.0449726
0.0450359
0.045159
0.0453656
0.0456692
0.046075
0.0465769
0.0471526
0.0477744
0.0484091
0.0490261
0.0496047
0.0501359
0.0506295
0.0511078
0.0516043
0.0521543
0.0527923
0.0535405
0.0544044
0.0553707
0.0563989
0.0574251
0.0583642
0.0591225
0.0596268
0.059848
0.0598339
0.0596972
0.0595799
0.0595943
0.059763
0.0599888
0.0600813
0.0598343
0.0591298
0.0580025
0.0566258
0.0552284
0.0540087
0.0530817
0.0524736
0.0521324
0.051954
0.0518084
0.0515643
0.0511175
0.0504063
0.0494247
0.0482201
0.0468763
0.0455022
0.0442084
0.0431002
0.0422657
0.041777
0.0416936
0.0420616
0.0429119
0.0442593
0.046085
0.0483207
0.0508166
0.0533331
0.0555478
0.057122
0.0578094
0.0575579
0.0565499
0.0551331
0.053714
0.0526408
0.0521395
0.0522601
0.0528397
0.0535027
0.0537441
0.0531424
0.051579
0.0492942
0.0467264
0.0442928
0.0422506
0.0406986
0.0396286
0.0389866
0.0387046
0.0387289
0.0390254
0.039577
0.040387
0.0414697
0.0428547
0.0445772
0.0466729
0.0491656
0.0520355
0.0551925
0.0584422
0.0614858
0.0639776
0.0656185
0.066255
0.0659045
0.064733
0.0629886
0.0609398
0.0588276
0.0568388
0.0550952
0.0536629
0.0525648
0.0517951
0.051326
0.0511192
0.0511294
0.0513063
0.0516025
0.0519736
0.0523818
0.0527965
0.0531967
0.0535687
0.0539061
0.0542057
0.0544658
0.0546832
0.0548509
0.0549573
0.0549883
0.0549275
0.0547607
0.0544824
0.0540919
0.053601
0.0530291
0.0524061
0.0517688
0.0511599
0.0506277
0.0502245
0.0500096
0.0500398
0.0503649
0.0510035
0.0519053
0.0529121
0.0537401
0.0540328
0.0534864
0.0520081
0.0497699
0.0471203
0.0444238
0.0419476
0.0398289
0.0381059
0.0367547
0.0357286
0.0349749
0.0344467
0.0341063
0.0339257
0.0338829
0.0339647
0.0341664
0.0344818
0.0349143
0.0354687
0.036153
0.0369764
0.0379492
0.0390805
0.0403738
0.0418281
0.0434299
0.0451469
0.0469288
0.048704
0.0503793
0.0518607
0.0530597
0.0539131
0.0543976
0.0545285
0.0543574
0.0539529
0.0533925
0.052748
0.0519908
0.0513433
0.0507741
0.050311
0.0499696
0.0497593
0.04968
0.0497222
0.0498687
0.0500924
0.0503581
0.0506227
0.0508399
0.0509669
0.0509707
0.0508372
0.050575
0.0502151
0.0498054
0.0494006
0.0490517
0.0487953
0.0486514
0.0486158
0.0486626
0.0487454
0.0488032
0.048774
0.0485956
0.0482263
0.0476505
0.0468771
0.0459427
0.044901
0.0438136
0.0427426
0.0417378
0.0408425
0.040087
0.0394919
0.0390695
0.0388238
0.0387572
0.038864
0.0391403
0.0395759
0.0401559
0.0408655
0.0416804
0.0425772
0.0435272
0.0445031
0.0454789
0.0464353
0.0473615
0.0482574
0.0491302
0.0499933
0.0508504
0.0516961
0.0525014
0.0532158
0.0537746
0.0541086
0.0541674
0.0539326
0.0534238
0.052698
0.0518347
0.0509158
0.0500116
0.0491716
0.0484189
0.047758
0.047176
0.0466533
0.0461704
0.0457145
0.0452778
0.0448657
0.0444924
0.0441784
0.0439503
0.0438336
0.0438532
0.0440277
0.0443658
0.0448679
0.0455166
0.0462762
0.0470893
0.0478756
0.0485444
0.0490045
0.0491866
0.0490631
0.0486566
0.0480306
0.0472753
0.0464829
0.0457326
0.0450755
0.0445385
0.0441282
0.0438355
0.0436457
0.0435409
0.0435079
0.0435402
0.0436357
0.0438008
0.0440445
0.0443805
0.0448225
0.0453854
0.0460827
0.0469267
0.0479232
0.0490657
0.0503304
0.0516709
0.0530175
0.0542764
0.0553576
0.0561935
0.0567591
0.0570801
0.0572216
0.0572664
0.0572911
0.0573508
0.0574831
0.0577014
0.0580048
0.0583815
0.05881
0.0592597
0.0596959
0.0600866
0.060412
0.0606746
0.060912
0.061199
0.0616438
0.0623693
0.0634836
0.0650436
0.0669961
0.0691199
0.0710104
0.0721295
0.0719895
0.0703869
0.0675355
0.0639679
0.0602956
0.0570107
0.0544193
0.052678
0.0518579
0.0519871
0.0530481
0.0549155
0.0572625
0.0594799
0.0607715
0.060509
0.0586229
0.0556538
0.0523853
0.049445
0.047149
0.0455569
0.0445859
0.0441019
0.0439629
0.0440412
0.0442313
0.0444491
0.0446353
0.0447507
0.0447741
0.0447061
0.0445632
0.0443716
0.044165
0.0439762
0.0438284
0.0437328
0.0436879
0.0436803
0.0436915
0.0436991
0.043687
0.0436479
0.0435847
0.0435118
0.0434498
0.0434242
0.0434624
0.0435843
0.0438053
0.0441269
0.0445417
0.0450296
0.045561
0.0461067
0.0466436
0.0471618
0.0476694
0.0481874
0.0487499
0.049396
0.0501572
0.0510518
0.0520646
0.0531382
0.0541584
0.0549643
0.0553808
0.0552769
0.0546085
0.0534421
0.0519285
0.0502426
0.0485472
0.0469617
0.0455639
0.0443951
0.0434733
0.042804
0.0423891
0.0422216
0.0422982
0.042606
0.0431338
0.043861
0.0447616
0.0458053
0.0469619
0.0482036
0.0495225
0.0509303
0.052474
0.0542241
0.0562666
0.058668
0.0614322
0.06446
0.0675111
0.0702058
0.0720832
0.0727186
0.0718753
0.0696075
0.0662405
0.0622515
0.0581197
0.0542197
0.0507916
0.0479578
0.0457584
0.0441882
0.0432164
0.0428055
0.0429096
0.0434749
0.0444393
0.0457306
0.0472478
0.0488706
0.0504631
0.0518792
0.0529852
0.0536797
0.0539049
0.0536556
0.0529798
0.0519649
0.0507207
0.0493699
0.0480229
0.0467759
0.0456951
0.0448232
0.0441775
0.0437511
0.0435235
0.0434617
0.0435269
0.0436806
0.0438882
0.0441259
0.0443741
0.0446227
0.0448684
0.0451127
0.0453672
0.0456495
0.045984
0.0463981
0.0469249
0.0475972
0.0484424
0.049476
0.0506955
0.0520697
0.0535391
0.0550113
0.0563691
0.0574831
0.0582361
0.0585452
0.0583757
0.0577472
0.0567301
0.0554238
0.053939
0.0523729
0.0508004
0.0492683
0.0478002
0.0464047
0.0450819
0.0438339
0.0426681
0.0415965
0.0406369
0.0398093
0.0391401
0.0386515
0.0383681
0.0383065
0.0384818
0.0389024
0.0395659
0.0404579
0.0415496
0.0427994
0.044149
0.0455324
0.0468837
0.0481408
0.0492489
0.050165
0.0508522
0.0512826
0.0514373
0.0513166
0.0509367
0.0503282
0.0495295
0.0485879
0.0475418
0.0464272
0.0452758
0.044113
0.0429616
0.041843
0.0407772
0.0397821
0.0388713
0.0380587
0.0373535
0.0367586
0.0362777
0.0359106
0.0356528
0.035502
0.0354549
0.0355064
0.035656
0.0358987
0.0362323
0.0366558
0.0371674
0.0377615
0.0384288
0.0391531
0.0399119
0.0406744
0.041404
0.0420651
0.0426234
0.0430594
0.0433726
0.043579
0.043713
0.0438217
0.0439543
0.0441573
0.0444689
0.0449173
0.0455174
0.0462696
0.0471579
0.0481459
0.0491728
0.0501582
0.051007
0.0516226
0.0519206
0.051848
0.0513896
0.050575
0.049468
0.0481563
0.046734
0.045288
0.0438958
0.0426136
0.0414761
0.0405075
0.0397132
0.0390924
0.0386378
0.0383393
0.0381881
0.0381742
0.0382925
0.0385364
0.0389052
0.0393961
0.0400126
0.0407569
0.0416299
0.0426341
0.0437694
0.0450316
0.0464092
0.0478866
0.0494384
0.0510271
0.0526057
0.0541181
0.0555045
0.05671
0.0576962
0.0584447
0.0589635
0.0592818
0.0594474
0.0595131
0.0595182
0.059474
0.0593487
0.0590629
0.0584971
0.0575236
0.0560501
0.0540646
0.0516598
0.0490091
0.0463172
0.0437724
0.0415054
0.0395932
0.0380605
0.0369096
0.0361218
0.0356833
0.0355828
0.0358219
0.0364174
0.0373988
0.0388025
0.0406589
0.0429647
0.0456526
0.0485473
0.0513667
0.0537847
0.0555585
0.0566591
0.0572826
0.0577412
0.0583033
0.059089
0.0600581
0.0610572
0.0619014
0.0624504
0.0626379
0.0624574
0.0619363
0.0611055
0.0600084
0.0587117
0.0573111
0.0559214
0.0546525
0.0535926
0.0527936
0.0522672
0.05199
0.0519061
0.0519401
0.0520106
0.0520381
0.0519697
0.0517726
0.0514452
0.051007
0.0504903
0.0499328
0.0493662
0.0488233
0.0483291
0.0479068
0.0475681
0.047319
0.0471564
0.0470611
0.0470016
0.0469368
0.046818
0.0465996
0.0462548
0.0457829
0.0452164
0.0446202
0.0440903
0.0437406
0.0436999
0.0441098
0.0451113
0.0468295
0.0493281
0.0525356
0.0561589
0.059664
0.0624273
0.0640292
0.0644868
0.064177
0.0635648
0.0629817
0.0625848
0.0624093
0.0624212
0.0625319
0.0626059
0.062473
0.0619745
0.0610005
0.0595299
0.0576352
0.055454
0.0531477
0.0508734
0.0487582
0.0468939
0.0453439
0.0441417
0.0433095
0.0428469
0.0427422
0.0429664
0.0434752
0.0442062
0.0450837
0.0460341
0.0469861
0.0478873
0.0487032
0.0494207
0.0500349
0.050541
0.0509262
0.0511658
0.0512304
0.051096
0.0507562
0.0502348
0.0495803
0.0488576
0.0481335
0.0474683
0.0469067
0.0464711
0.046165
0.0459755
0.0458772
0.0458358
0.0458129
0.0457669
0.045661
0.0454629
0.0451507
0.0447166
0.0441574
0.0434817
0.0427096
0.0418628
0.0409691
0.0400592
0.0391626
0.0383065
0.037516
0.0368126
0.0362135
0.0357325
0.0353777
0.0351592
0.0350812
0.0351463
0.0353541
0.0357027
0.0361849
0.0367883
0.0374947
0.0382782
0.0391098
0.039955
0.0407859
0.0415827
0.0423454
0.0430989
0.0438875
0.0447825
0.0458611
0.0472001
0.0488564
0.0508471
0.0531331
0.0556054
0.0580839
0.0603388
0.0621321
0.0632662
0.0636091
0.0631182
0.0618388
0.0599015
0.0575084
0.0548972
0.0522954
0.0498805
0.0477626
0.0459886
0.0445567
0.0434362
0.0425827
0.0419446
0.0414777
0.0411432
0.0409119
0.040764
0.0406879
0.0406791
0.0407383
0.0408685
0.0410728
0.0413527
0.0417051
0.0421199
0.0425797
0.043059
0.043527
0.0439508
0.0443009
0.0445637
0.044738
0.0448427
0.0449156
0.045009
0.0451904
0.0455351
0.0461194
0.0470218
0.0483019
0.0499797
0.0520017
0.0541985
0.0562829
0.0579066
0.0587963
0.0588885
0.0583538
0.0574929
0.0565927
0.0558316
0.0552631
0.0548566
0.0545463
0.054266
0.0539682
0.0536322
0.0532547
0.0528455
0.0524166
0.0519791
0.0515434
0.0511214
0.050726
0.0503801
0.0501076
0.0499345
0.0498853
0.0499701
0.0501907
0.0505283
0.0509481
0.0513992
0.051827
0.0521727
0.0523904
0.0524478
0.0523383
0.0520738
0.051687
0.0512236
0.0507376
0.0502861
0.049918
0.0496767
0.0495938
0.0496838
0.0499497
0.0503794
0.0509505
0.0516351
0.0523937
0.0531807
0.053941
0.0546106
0.0551239
0.0554243
0.0554768
0.0552712
0.0548176
0.0541386
0.0532618
0.0522064
0.0509925
0.0496383
0.04817
0.0466217
0.0450324
0.0434478
0.041914
0.0404759
0.0391693
0.0380256
0.0370681
0.0363086
0.0357549
0.0354033
0.0352482
0.0352752
0.0354658
0.0357936
0.0362287
0.036734
0.0372737
0.0378105
0.0383136
0.0387608
0.0391404
0.0394528
0.0397092
0.039925
0.0401185
0.0403053
0.0404923
0.0406854
0.0408825
0.0410781
0.041267
0.0414417
0.0415956
0.0417238
0.0418235
0.0418922
0.0419333
0.0419532
0.0419649
0.0419868
0.0420407
0.0421529
0.0423494
0.0426543
0.0430841
0.0436501
0.0443558
0.0451983
0.0461638
0.0472308
0.0483671
0.0495368
0.0506961
0.0518061
0.0528291
0.0537409
0.054534
0.0552162
0.0558043
0.0563189
0.0567729
0.0571608
0.0574591
0.0576161
0.057564
0.0572403
0.0566069
0.0556829
0.0545511
0.0533543
0.0522762
0.0515052
0.0512106
0.0515128
0.0524561
0.0539768
0.0558652
0.0577713
0.0592677
0.0600139
0.0598902
0.0590316
0.0577173
0.0562271
0.0547633
0.0534381
0.0523066
0.0513965
0.0507195
0.0502794
0.0500729
0.0500838
0.050284
0.0506362
0.0510899
0.0515851
0.0520483
0.0524019
0.0525622
0.0524475
0.0519916
0.0511623
0.0499656
0.0484541
0.0467208
0.0448752
0.0430311
0.0412884
0.0397241
0.0383958
0.0373409
0.0365848
0.0361471
0.036044
0.0362935
0.0369122
0.0379203
0.039333
0.0411546
0.0433678
0.0459179
0.048703
0.0515704
0.0543254
0.0567601
0.058697
0.0600177
0.0606793
0.0607069
0.0601627
0.0591314
0.0577064
0.0559907
0.0540973
0.0521464
0.0502601
0.0485553
0.0471371
0.0460889
0.045472
0.0453277
0.0456744
0.0465159
0.0478409
0.0496242
0.0518298
0.0544061
0.0572771
0.0603262
0.0633743
0.0661798
0.0684665
0.0699987
0.0706604
0.0704873
0.0696258
0.0682553
0.0665257
0.064535
0.0623443
0.0600103
0.0576012
0.0552021
0.0529069
0.0508072
0.0489715
0.0474491
0.0462644
0.0454193
0.0449023
0.0446899
0.0447499
0.0450452
0.0455354
0.0461758
0.0469245
0.0477388
0.0485845
0.0494324
0.0502683
0.0510928
0.0519235
0.0527874
0.0537133
0.0547205
0.0558043
0.0569224
0.0579895
0.0588851
0.0594765
0.0596544
0.059364
0.0586276
0.0575301
0.056192
0.0547352
0.0532622
0.0518463
0.050532
0.049345
0.0482974
0.0473959
0.046644
0.0460427
0.0455918
0.0452934
0.0451414
0.0451254
0.0452245
0.0454041
0.0456169
0.0458081
0.0459276
0.0459326
0.0458047
0.045556
0.0452244
0.0448623
0.0445283
0.0442693
0.0441101
0.0440536
0.044087
0.0441895
0.0443417
0.044539
0.0447825
0.0450638
0.0453519
0.0455738
0.0456231
0.045392
0.0448164
0.0439061
0.0427491
0.0414807
0.0402393
0.0391335
0.0382324
0.0375604
0.0371177
0.0368844
0.0368359
0.036943
0.0371782
0.0375138
0.0379289
0.0384017
0.0389128
0.0394499
0.0400019
0.0405688
0.0411553
0.041778
0.042461
0.0432388
0.0441496
0.0452348
0.0465267
0.0480428
0.0497629
0.0516204
