        5000           0           0           0
        5000           0           0           0
        5000           0           0           0
        5000           0           0           0
        5000           0           0           0
        5000           0           0           0
        5000           0           0           0
        5000           0           0           0
        5000           0           0           0
        5000           0           0           0
        5000           0           0           0
        5000           0           0           0
        5000           0           0           0
        5000           0           0           0
        5000           0           0           0
        5000           0           0           0
        5000           0           0           0
        5000           0           0           0
        5000           0           0           0
        5000           0           0           0
        5000           0           0           0
        5000           0           0           0
        5000           0           0           0
        5000           0           0           0
        5000           0           0           0
        5000           0           0           0
        5000           0           0           0
        5000           0           0           0
        5000           0           0           0
        5000           0           0           0
        5000           0           0           0
        5000           0           0           0
        5000           0           0           0
        5000           0           0           0
        5000           0           0           0
        5000           0           0           0
        5000           0           0           0
        5000           0 6.20961e-07 4.90883e-07
        5000 0.000736405 8.39502e-05 5.69526e-06
        5000  0.00629633  0.00338631 3.64369e-05
        5000   0.0292808   0.0474426 0.000154362
        5000    0.266826    0.293827 0.000453774
        5000    0.997123     1.00855 0.000875098
        5000     2.18339     2.24118  0.00109925
        5000     3.67718     3.62656 0.000991621
        5000     4.64408     4.61908  0.00105643
        5000     4.96545      4.8953   0.0014771
        5000     4.52733     4.48792   0.0015856
        5000     3.68501     3.65736  0.00132599
        5000     2.60478     2.69228 0.000899777
        5000      1.8208     1.81611 0.000627765
        5000     1.13797     1.13094 0.000563711
        5000    0.691077    0.654987 0.000538229
        5000    0.355052    0.353875 0.000466683
        5000    0.151043    0.180175 0.000365135
        5000   0.0708753   0.0893501 0.000267367
        5000   0.0451365   0.0497995  0.00020256
        5000     0.04292   0.0425821  0.00018197
        5000    0.043379   0.0608469 0.000200015
        5000   0.0915746    0.106306 0.000243748
        5000    0.165216    0.184084 0.000283859
        5000    0.264073    0.300087 0.000299581
        5000    0.459404    0.453394 0.000279936
        5000    0.647541    0.627952  0.00028766
        5000    0.832277    0.796908 0.000390755
        5000    0.941144    0.921578 0.000539826
        5000    0.993274    0.970249 0.000593227
        5000    0.906803    0.928937 0.000542131
        5000    0.821897    0.808562 0.000403693
        5000    0.649716    0.640892 0.000278866
        5000    0.470871    0.465609 0.000245281
        5000    0.324768    0.317227 0.000287453
        5000    0.198328    0.219703 0.000337137
        5000    0.177813      0.1927 0.000397595
        5000    0.233254    0.255768 0.000480471
        5000     0.40291    0.434447 0.000560146
        5000    0.732105    0.750357 0.000583916
        5000     1.15951     1.19843 0.000508103
        5000     1.75263     1.72778 0.000404054
        5000     2.27496     2.23495  0.00060903
        5000     2.59393     2.59522 0.000931766
        5000     2.75104     2.71142  0.00110507
        5000      2.6089     2.55596  0.00101403
        5000     2.20188     2.17927 0.000721456
        5000      1.7026     1.69041 0.000413769
        5000      1.1783      1.2008 0.000376945
        5000     0.79014    0.802474  0.00051343
        5000    0.527953    0.543686 0.000578528
        5000    0.404593    0.435279 0.000574359
        5000    0.452292     0.46233 0.000489295
        5000    0.571633    0.587204 0.000355585
        5000    0.746434    0.758344  0.00023275
        5000    0.908226    0.917355 0.000282405
        5000     1.02113     1.01385 0.000404268
        5000     1.03435     1.02116 0.000445919
        5000    0.966124    0.918736 0.000354394
        5000    0.782096    0.780097 0.000236856
        5000    0.640628    0.653632 0.000302223
        5000    0.554668    0.572412 0.000465466
        5000     0.54126    0.573897 0.000557514
