0.5 -0.973762 0.00973834
0.5483870967741935 -0.955731 0.00955806
0.5967741935483871 -0.935768 0.00935819
0.6451612903225806 -0.913898 0.00913929
0.6935483870967742 -0.894589 0.00894633
0.7419354838709677 -0.873266 0.00873298
0.7903225806451613 -0.852798 0.00852824
0.8387096774193548 -0.83144 0.00831464
0.8870967741935484 -0.810603 0.00810621
0.935483870967742 -0.788904 0.00788919
0.9838709677419355 -0.767616 0.00767637
1.032258064516129 -0.748771 0.00748794
1.0806451612903225 -0.7283 0.00728316
1.129032258064516 -0.709303 0.00709322
1.1774193548387095 -0.690894 0.0069091
1.2258064516129032 -0.672645 0.00672662
1.2741935483870968 -0.655804 0.00655817
1.3225806451612903 -0.638682 0.00638702
1.370967741935484 -0.622381 0.00622398
1.4193548387096775 -0.607303 0.00607323
1.467741935483871 -0.591752 0.00591767
1.5161290322580645 -0.577796 0.00577812
1.564516129032258 -0.564224 0.00564241
1.6129032258064515 -0.551213 0.00551231
1.661290322580645 -0.538222 0.00538235
1.7096774193548387 -0.526219 0.00526232
1.7580645161290323 -0.515087 0.00515103
1.8064516129032258 -0.503532 0.00503545
1.8548387096774193 -0.492496 0.00492513
1.9032258064516128 -0.48198 0.00481995
1.9516129032258065 -0.471744 0.00471762
2.0 -0.462148 0.00462165
