0.5 0.883153 0.00896303
0.5483870967741935 0.831694 0.00842644
0.5967741935483871 0.660335 0.00680639
0.6451612903225806 0.575719 0.00593643
0.6935483870967742 0.447592 0.00467101
0.7419354838709677 0.398612 0.00412915
0.7903225806451613 0.302477 0.00312481
0.8387096774193548 0.237232 0.00251089
0.8870967741935484 0.201387 0.0021328
0.935483870967742 0.17311 0.00182964
0.9838709677419355 0.150742 0.00157714
1.032258064516129 0.14169 0.00147684
1.0806451612903225 0.110218 0.00117876
1.129032258064516 0.107469 0.0011215
1.1774193548387095 0.0940126 0.00099442
1.2258064516129032 0.080698 0.000869029
1.2741935483870968 0.074913 0.000794126
1.3225806451612903 0.0666782 0.000712399
1.370967741935484 0.059676 0.000639448
1.4193548387096775 0.0596338 0.000634493
1.467741935483871 0.0510412 0.000539447
1.5161290322580645 0.0510618 0.000538593
1.564516129032258 0.0447942 0.000489465
1.6129032258064515 0.0417716 0.000450344
1.661290322580645 0.0382696 0.000415085
1.7096774193548387 0.0381178 0.000410476
1.7580645161290323 0.0359908 0.000395763
1.8064516129032258 0.0354644 0.000379023
1.8548387096774193 0.0328678 0.000351588
1.9032258064516128 0.027747 0.000306212
1.9516129032258065 0.0273238 0.00030057
2.0 0.026458 0.00028593
