0.5 78.6515 0.795011
0.5483870967741935 59.9263 0.608534
0.5967741935483871 44.5541 0.452494
0.6451612903225806 32.5497 0.330025
0.6935483870967742 25.6336 0.260618
0.7419354838709677 19.5009 0.197554
0.7903225806451613 16.2401 0.164416
0.8387096774193548 12.8336 0.12979
0.8870967741935484 10.7985 0.109043
0.935483870967742 9.10374 0.0916069
0.9838709677419355 7.65382 0.0769936
1.032258064516129 6.84772 0.0688154
1.0806451612903225 5.8641 0.0588672
1.129032258064516 5.20895 0.0523234
1.1774193548387095 4.58777 0.0460006
1.2258064516129032 4.105 0.0411663
1.2741935483870968 3.80101 0.0381318
1.3225806451612903 3.44733 0.0345862
1.370967741935484 3.09357 0.0310129
1.4193548387096775 2.87656 0.0288278
1.467741935483871 2.65724 0.0266264
1.5161290322580645 2.44203 0.0244726
1.564516129032258 2.31524 0.0231993
1.6129032258064515 2.14395 0.0214792
1.661290322580645 2.01117 0.0201412
1.7096774193548387 1.89977 0.0190318
1.7580645161290323 1.77381 0.0177696
1.8064516129032258 1.68754 0.0169039
1.8548387096774193 1.57679 0.0157924
1.9032258064516128 1.51417 0.0151626
1.9516129032258065 1.41442 0.0141599
2.0 1.35978 0.0136187
