0.5 0.303226 0.00315286
0.5483870967741935 0.381207 0.0038576
0.5967741935483871 0.413361 0.00418208
0.6451612903225806 0.421166 0.00424278
0.6935483870967742 0.438671 0.00441287
0.7419354838709677 0.430067 0.00432776
0.7903225806451613 0.441328 0.00443018
0.8387096774193548 0.429473 0.00430485
0.8870967741935484 0.433208 0.00434206
0.935483870967742 0.430134 0.00431176
0.9838709677419355 0.423425 0.00424251
1.032258064516129 0.413147 0.00413581
1.0806451612903225 0.401188 0.00401747
1.129032258064516 0.390424 0.00390969
1.1774193548387095 0.373773 0.00374235
1.2258064516129032 0.361342 0.0036166
1.2741935483870968 0.353209 0.00353553
1.3225806451612903 0.338644 0.00339008
1.370967741935484 0.324211 0.00324492
1.4193548387096775 0.312404 0.00312649
1.467741935483871 0.303157 0.00303466
1.5161290322580645 0.290155 0.00290365
1.564516129032258 0.278511 0.00278709
1.6129032258064515 0.266989 0.0026715
1.661290322580645 0.256587 0.00256824
1.7096774193548387 0.246928 0.00247125
1.7580645161290323 0.237472 0.00237613
1.8064516129032258 0.22892 0.00229054
1.8548387096774193 0.219622 0.00219734
1.9032258064516128 0.211494 0.00211617
1.9516129032258065 0.202408 0.00202521
2.0 0.198204 0.00198309
