-0.34816   -0.0872689   0.069954
-0.100186   -0.156329   -0.0327394
-0.411656   0.360604   0.258387
-0.302069   -0.499768   -0.0400046
-0.311409   0.257773   -0.167061
-0.0243485   0.181491   0.458474
0.241219   -0.0743747   -0.231502
0.340583   -0.494742   0.424363
0.0882284   -0.126763   0.0107067
-0.354744   -0.432845   0.0233165
-0.168501   -0.374788   -0.0742797
-0.0141617   0.0556105   -0.178322
-0.322715   0.0563097   -0.000341208
-0.336737   0.170926   -0.0935901
-0.499178   0.394537   0.498469
-0.226346   0.310745   -0.0660044
0.342238   0.414793   0.273734
-0.155812   -0.267878   -0.465027
-0.310623   0.02089   -0.104875
-0.147822   0.165937   0.224832
0.170663   0.205951   -0.0236495
-0.3651   -0.45299   0.18146
0.130108   -0.0767719   0.2633
0.0691958   0.229763   0.0329789
-0.0809188   -0.334462   -0.187302
0.0653586   -0.0529616   0.429413
0.213745   -0.251596   0.349735
0.0473446   -0.368745   -0.325588
0.193645   0.0705092   -0.246666
0.081775   0.382913   0.361039
0.189861   -0.351118   0.351931
0.310841   0.0840202   0.0579281
-0.0501812   -0.299487   -0.292323
-0.456159   0.013209   -0.417009
-0.147715   0.0879044   -0.461527
-0.330952   -0.495422   -0.282112
0.346201   0.0803107   0.349372
-0.095459   -0.0778525   -0.441356
0.261831   0.321041   0.392736
-0.1089   0.296334   -0.0542825
0.374997   0.44032   -0.000353353
0.170296   -0.343567   -0.0543969
0.132494   0.479181   0.139822
0.293786   0.315966   0.320952
-0.447723   -0.33749   0.0202164
-0.414405   -0.499415   -0.0150616
0.386424   0.0635484   0.221595
0.132581   0.069227   0.408543
0.150588   -0.0710339   -0.263374
-0.276581   0.335882   -0.00623824
0.251223   0.0149061   -0.34741
0.0613306   -0.0453241   -0.281367
0.287871   0.32613   -0.488422
-0.38616   -0.464337   0.471317
-0.299495   -0.217307   0.382338
-0.0807298   0.427918   -0.303489
-0.328074   0.272857   0.320546
0.392327   0.146725   0.403272
-0.318895   0.488412   -0.206643
-0.430289   -0.0916592   0.264625
0.0834304   -0.41903   0.499895
-0.38955   -0.428262   -0.208299
-0.384538   -0.393054   0.120995
-0.110256   -0.486516   0.238898
-0.0516618   -0.384597   -0.133506
0.223004   -0.346238   0.235925
-0.127519   -0.128224   0.349247
-0.0722436   0.180197   0.239939
0.297996   -0.142427   -0.136635
0.132465   0.237114   0.454482
-0.214421   0.115946   -0.316849
0.333222   0.0773132   -0.238883
0.386914   -0.182625   0.329554
0.133562   0.226879   -0.356062
0.497719   -0.208345   -0.312648
-0.314787   -0.0878529   0.313067
-0.445403   -0.00702304   -0.335797
0.0357584   0.496319   -0.24641
0.174384   -0.16242   0.121339
0.0578287   0.234316   0.289366
-0.245259   0.291374   0.07754
0.268788   0.456956   0.418283
0.0748647   -0.268438   -0.455722
-0.489092   0.458055   -0.167727
0.199484   -0.360458   -0.136132
0.137534   0.36898   -0.118065
-0.494025   -0.201033   -0.430279
0.101267   0.393365   -0.00581586
0.239734   -0.292757   0.423709
0.454033   -0.457474   0.03428
0.352572   0.155017   0.240242
0.204407   0.385511   0.382745
0.392203   -0.20358   -0.365807
-0.191276   -0.47384   -0.121953
-0.302882   0.41664   -0.0761645
0.125871   0.0726515   -0.0785675
0.155874   -0.493686   0.339932
0.392366   -0.205731   0.197394
0.0497357   0.135169   -0.25765
0.0612647   0.139619   0.476675
-0.364255   -0.438669   0.359944
0.257923   0.214303   -0.23762
0.288282   0.19788   0.2743
0.299557   -0.0637541   -0.147289
0.441164   0.0405562   -0.158029
0.0965802   -0.316867   0.0190558
-0.025766   0.237473   -0.101075
-0.388551   -0.0294946   -0.0194006
