-0.348208   -0.0872524   0.0699396
-0.100138   -0.156308   -0.0328221
-0.411702   0.360601   0.258404
-0.302092   -0.499694   -0.0400112
-0.311369   0.257704   -0.166986
-0.0243133   0.181534   0.458425
0.241264   -0.0743939   -0.231516
0.340597   -0.494725   0.424417
0.0881486   -0.126716   0.0107681
-0.354743   -0.432849   0.0233076
-0.168508   -0.374855   -0.0742228
-0.0141471   0.0556244   -0.178253
-0.32274   0.0562424   -0.000347382
-0.336726   0.170942   -0.0935066
-0.499226   0.39451   0.498411
-0.226412   0.310716   -0.0660107
0.34224   0.414866   0.273733
-0.155774   -0.267852   -0.464986
-0.310644   0.0208547   -0.104871
-0.147825   0.165963   0.224828
0.170666   0.205989   -0.0236871
-0.365068   -0.452993   0.181478
0.130058   -0.0768124   0.263287
0.0691919   0.229803   0.0329739
-0.0809119   -0.334421   -0.187311
0.0653687   -0.0529375   0.42935
0.213789   -0.251514   0.349675
0.0473729   -0.368686   -0.325619
0.19368   0.0704865   -0.246672
0.0818777   0.382908   0.361136
0.189864   -0.351131   0.351946
0.31082   0.0839551   0.0578861
-0.0502156   -0.299535   -0.292378
-0.456237   0.013217   -0.416988
-0.147609   0.0879039   -0.461576
-0.330926   -0.495361   -0.282097
0.346148   0.0802674   0.349403
-0.0954424   -0.0778415   -0.441338
0.261828   0.32106   0.392719
-0.108981   0.29629   -0.0542602
0.374998   0.440302   -0.00035618
0.170284   -0.343611   -0.0543885
0.132464   0.479159   0.139808
0.293757   0.315977   0.320957
-0.447787   -0.337564   0.020192
-0.414372   -0.499418   -0.0151313
0.386434   0.0634884   0.221668
0.132571   0.0692202   0.408445
0.15057   -0.071146   -0.263456
-0.276668   0.335962   -0.0062319
0.251277   0.0149362   -0.347337
0.0613633   -0.0453176   -0.28142
0.287856   0.326196   -0.48838
-0.386124   -0.464299   0.471344
-0.299539   -0.217271   0.382399
-0.080747   0.427944   -0.303474
-0.328101   0.272858   0.320545
0.392308   0.146747   0.403326
-0.318927   0.488469   -0.206714
-0.430299   -0.0916312   0.264563
0.0833247   -0.419029   0.499918
-0.38957   -0.428263   -0.208262
-0.384557   -0.393077   0.120981
-0.110248   -0.486495   0.23888
-0.0516626   -0.384569   -0.133507
0.223076   -0.346214   0.235961
-0.127519   -0.128227   0.349253
-0.072277   0.180271   0.23997
0.29809   -0.142425   -0.136594
0.132517   0.237064   0.454461
-0.214432   0.115915   -0.3168
0.333223   0.0773285   -0.238874
0.386835   -0.182613   0.329516
0.133593   0.226897   -0.356089
0.497742   -0.208383   -0.312666
-0.314802   -0.0878181   0.31306
-0.44544   -0.00707757   -0.335717
0.0357824   0.496332   -0.246428
0.174367   -0.162471   0.121331
0.0578369   0.234324   0.289399
-0.245248   0.291321   0.0774748
0.268801   0.456979   0.418251
0.0749287   -0.268433   -0.455743
-0.489024   0.458066   -0.167818
0.199517   -0.360439   -0.136136
0.137499   0.368901   -0.118115
-0.494064   -0.201051   -0.430252
0.101304   0.393351   -0.00579832
0.239756   -0.29282   0.423711
0.454   -0.45751   0.0343058
0.352564   0.155008   0.240212
0.204393   0.385523   0.382706
0.392289   -0.203617   -0.36587
-0.191265   -0.473878   -0.121889
-0.302854   0.416637   -0.0761373
0.125852   0.0727461   -0.0785261
0.15585   -0.4936   0.339944
0.3924   -0.20576   0.197446
0.0497276   0.135253   -0.257607
0.0612527   0.139633   0.476657
-0.36425   -0.438736   0.359873
0.257984   0.214346   -0.237553
0.288308   0.19787   0.274282
0.299536   -0.0638028   -0.147275
0.441248   0.0405222   -0.15801
0.0965348   -0.316859   0.0190038
-0.0257723   0.237431   -0.101075
-0.388576   -0.0295111   -0.0193725
