          5000             0             0             0
          5000             0             0             0
          5000             0             0             0
          5000             0             0             0
          5000             0             0             0
          5000             0             0             0
          5000             0             0             0
          5000             0             0             0
          5000             0    0.00251447   0.000542131
          5000             0       0.18725    0.00433038
          5000       1.80318       1.04993    0.00970693
          5000        2.7978       1.83589     0.0122653
          5000       1.08685        2.0276     0.0119537
          5000       2.22252        1.8506     0.0106438
          5000      0.866773       1.68011    0.00997184
          5000       1.30628       1.49239      0.008777
          5000       2.35398       1.34793    0.00786006
          5000       1.29353       1.26413    0.00743506
          5000      0.790535       1.19743    0.00695147
          5000       1.08917       1.16074    0.00646772
          5000      0.683158       1.11078    0.00609059
          5000       1.54336       1.09307    0.00586272
          5000      0.868852        1.0766     0.0056126
          5000      0.808956       1.06331    0.00523883
          5000       1.74714       1.05471    0.00515612
          5000      0.942192       1.05085    0.00498171
          5000       1.20783       1.03918     0.0047309
          5000       1.04062       1.03454    0.00464252
          5000      0.782955       1.03411    0.00451728
          5000         2.189       1.02525    0.00432982
          5000      0.695493       1.03591    0.00427141
          5000      0.497323       1.02188    0.00405032
          5000      0.855374       1.02032      0.004005
          5000      0.659819       1.02137    0.00394931
          5000       1.18861       1.01269    0.00372847
          5000       1.06675       1.00436    0.00362688
          5000      0.946249      0.999184    0.00355055
          5000       1.21045      0.992775    0.00340757
          5000       1.26446       1.00546    0.00333519
          5000      0.996053       1.00675    0.00336291
          5000      0.898446       1.01082    0.00342337
          5000       1.11011       1.01164    0.00366897
          5000       1.25544       1.00788    0.00381376
          5000       1.25293        0.9982    0.00332189
          5000      0.580918        1.0033    0.00304272
          5000         1.112       0.99897    0.00294329
          5000      0.862632      0.993107    0.00285365
          5000      0.991665      0.992919    0.00278332
          5000       1.06821      0.983905    0.00278173
          5000        1.2473      0.989489    0.00266861
          5000       1.09715      0.984786    0.00269071
          5000      0.754327      0.984697    0.00255467
          5000       0.79501      0.984256    0.00256337
          5000      0.828028      0.986713     0.0025036
          5000      0.834038      0.982532    0.00255458
          5000       1.04229      0.986824    0.00250209
          5000      0.923534      0.990451    0.00239424
          5000       1.00544      0.988079     0.0023645
          5000       1.10802      0.987345    0.00233568
          5000      0.788721      0.987068    0.00227927
          5000      0.968113      0.990185    0.00221339
          5000       1.06017      0.984676    0.00221977
          5000       0.76665      0.992281    0.00215551
          5000      0.700462        0.9829    0.00211134
          5000       1.06011      0.983601    0.00210358
          5000      0.901331      0.986591    0.00208789
          5000      0.983057      0.985382    0.00205673
          5000       1.16048       0.98602    0.00199795
          5000      0.930084       0.98634     0.0020043
          5000       1.17807      0.982574    0.00196829
          5000      0.977976      0.985956    0.00195213
          5000      0.841967      0.985313    0.00193729
          5000       0.99794      0.987714    0.00189778
          5000      0.975512      0.988718    0.00186017
          5000       1.12228      0.992406     0.0018629
          5000         1.009      0.991317    0.00199679
          5000       1.03435      0.992234    0.00214945
          5000      0.884173      0.989038    0.00205897
          5000      0.953928      0.990208     0.0018251
          5000       1.17685      0.988705    0.00174553
          5000       0.95656       0.99145    0.00174145
          5000       1.09403      0.990881    0.00168808
          5000      0.856445      0.987379    0.00170791
          5000       0.94786      0.986401    0.00166842
          5000      0.994934      0.989357    0.00168004
          5000       1.10488      0.989594    0.00161002
          5000      0.952176      0.987932    0.00159375
          5000       0.91907      0.987676     0.0015711
          5000      0.861807      0.986503     0.0015721
          5000      0.878502      0.987884     0.0015788
          5000      0.887968      0.985171    0.00150767
          5000      0.995789      0.983992    0.00149717
          5000      0.964444      0.984589    0.00153451
          5000       1.03384      0.987005    0.00151118
          5000      0.937419      0.985419    0.00149397
          5000             0             0             0
          5000             0             0             0
          5000             0             0             0
          5000             0             0             0
          5000             0             0             0
