           1      7.5408      7.5408           0
           2     7.62981     7.58531   0.0445062
           3     7.60548     7.59203   0.0265607
           4     7.47035     7.56161   0.0357518
           5     7.59212     7.56771   0.0283574
           6     7.59166      7.5717   0.0234952
           7     7.64912     7.58276   0.0227293
           8     7.64762     7.59087   0.0212886
           9     7.58689     7.59043     0.01878
          10     7.57886     7.58927   0.0168371
          11     7.50141     7.58128   0.0171972
          12     7.57076     7.58041   0.0157233
          13     7.62294     7.58368   0.0148288
          14     7.59389     7.58441   0.0137481
          15     7.47439     7.57707   0.0147513
          16     7.43852     7.56841   0.0162906
          17     7.59948     7.57024   0.0154111
          18     7.58956     7.57131   0.0145693
          19     7.65411     7.57567   0.0144537
          20     7.62821      7.5783   0.0139614
          21     7.66729     7.58254   0.0139396
          22     7.55615     7.58134   0.0133449
          23     7.49504     7.57759    0.013292
          24     7.62851     7.57971   0.0129018
          25     7.58337     7.57985   0.0123758
          26     7.67235     7.58341   0.0124112
          27      7.5781     7.58321   0.0119443
          28     7.59409      7.5836   0.0115163
          29     7.53614     7.58197    0.011232
          30     7.55214     7.58097   0.0108966
          31     7.61128     7.58195   0.0105845
          32     7.58952     7.58219   0.0102511
          33      7.6079     7.58297  0.00996613
          34     7.64187      7.5847  0.00982255
          35     7.57843     7.58452  0.00953946
          36     7.63314     7.58587  0.00936854
          37     7.60309     7.58634   0.0091237
          38     7.57857     7.58613  0.00888271
          39     7.64993     7.58777  0.00880522
          40     7.52513      7.5862  0.00872396
          41     7.61359     7.58687   0.0085347
          42     7.58824      7.5869  0.00832908
          43     7.60703     7.58737  0.00814654
          44      7.6336     7.58842   0.0080283
          45     7.61139     7.58893  0.00786445
          46     7.60122      7.5892  0.00769622
          47      7.6351     7.59017  0.00759376
          48      7.5771      7.5899  0.00743886
          49     7.50197     7.58811  0.00750321
          50     7.60506     7.58845  0.00735942
          51     7.64966     7.58965  0.00731284
          52     7.57333     7.58933  0.00717769
          53     7.66822     7.59082  0.00719656
          54     7.57574     7.59054  0.00706755
          55     7.57064     7.59018  0.00694729
          56     7.65542     7.59135  0.00692086
          57     7.59997      7.5915  0.00680004
          58     7.68311     7.59308  0.00686594
          59     7.57219     7.59272  0.00675784
          60     7.53586     7.59177   0.0067115
          61     7.56484     7.59133  0.00661531
          62     7.55144     7.59069  0.00653947
          63     7.75941     7.59337  0.00696987
          64     7.58168     7.59318  0.00686253
          65     7.66516     7.59429  0.00684626
          66     7.58114     7.59409  0.00674467
          67     7.57393     7.59379  0.00665006
          68     7.59415      7.5938  0.00655154
          69     7.60138     7.59391  0.00645682
          70     7.55168      7.5933  0.00639244
          71     7.65808     7.59422  0.00636746
          72     7.68809     7.59552  0.00641235
          73     7.50977     7.59435  0.00643208
          74      7.6139     7.59461  0.00635007
          75     7.65114     7.59536  0.00631001
          76     7.48821     7.59395  0.00638407
          77     7.55564     7.59346  0.00632024
          78     7.67437     7.59449  0.00632434
          79     7.58007     7.59431  0.00624644
          80     7.62991     7.59476  0.00618389
          81     7.60085     7.59483  0.00610753
          82     7.61008     7.59502  0.00603546
          83      7.6571     7.59576  0.00600903
          84     7.63079     7.59618  0.00595169
          85      7.6244     7.59651  0.00589061
          86     7.64358     7.59706  0.00584738
          87     7.63458     7.59749  0.00579585
          88     7.64315     7.59801  0.00575305
          89     7.55418     7.59752  0.00570933
          90     7.50354     7.59647  0.00574129
          91       7.652     7.59708  0.00571054
          92     7.57113      7.5968  0.00565517
          93     7.64537     7.59732  0.00561836
          94     7.59944     7.59735  0.00555831
          95     7.63477     7.59774  0.00551358
          96     7.57304     7.59748  0.00546191
          97       7.586     7.59737  0.00540661
          98     7.52268      7.5966  0.00540515
          99      7.5823     7.59646  0.00535222
         100     7.52462     7.59574   0.0053469
