           0           0           0
           1           0           0
           2           0           0
           3           0           0
           4           0           0
           5           0           0
           6           0           0
           7           0           0
           8           0           0
           9           0           0
          10           0           0
          11           0           0
          12           0           0
          13           0           0
          14           0           0
          15           0           0
          16           0           0
          17           0           0
          18           0           0
          19           0           0
          20           0           0
          21           0           0
          22           0           0
          23           0           0
          24           0           0
          25           0           0
          26           0           0
          27           0           0
          28           0           0
          29           0           0
          30           0           0
          31           0           0
          32           0           0
          33           0           0
          34           0           0
          35           0           0
          36           0           0
          37           0           0
          38 7.76907e-05  7.8657e-06
          39  0.00343605 5.86879e-05
          40   0.0476622 0.000227555
          41    0.294522 0.000765268
          42     1.00553  0.00151378
          43     2.24124  0.00180646
          44     3.62405  0.00164966
          45     4.61798  0.00156056
          46     4.89724  0.00271796
          47     4.49155  0.00286906
          48     3.65843  0.00230022
          49      2.6932  0.00155302
          50      1.8176  0.00090609
          51     1.13034 0.000954756
          52    0.653237 0.000907809
          53    0.354109 0.000817976
          54    0.179983 0.000648383
          55   0.0891794 0.000513021
          56   0.0491414 0.000371138
          57   0.0420979 0.000333266
          58   0.0603451 0.000349033
          59    0.105833 0.000467669
          60    0.184386 0.000526378
          61    0.300782 0.000523549
          62    0.453603 0.000486306
          63    0.628148 0.000409916
          64     0.79621 0.000666362
          65    0.921465 0.000896297
          66    0.971081  0.00108704
          67    0.928622  0.00101582
          68    0.809422 0.000710936
          69    0.640713 0.000482136
          70    0.465514 0.000434686
          71    0.316578 0.000520854
          72    0.219806 0.000629488
          73    0.192223 0.000762663
          74    0.255007 0.000898277
          75    0.433445  0.00105748
          76    0.749264  0.00108326
          77     1.19807  0.00093873
          78     1.72772 0.000627569
          79      2.2346  0.00096904
          80     2.59659  0.00163712
          81     2.71333  0.00211062
          82      2.5584  0.00200485
          83     2.18087  0.00136041
          84     1.69041 0.000637678
          85     1.20158 0.000566351
          86    0.802476 0.000974022
          87    0.542426  0.00114246
          88    0.433672  0.00111978
          89    0.460672 0.000886978
          90    0.586063  0.00068016
          91    0.758258 0.000327163
          92    0.917297 0.000492453
          93     1.01447 0.000693905
          94     1.02177 0.000774819
          95    0.920011 0.000631405
          96    0.780735 0.000415195
          97    0.653695 0.000576852
          98    0.571815 0.000877185
          99    0.572924   0.0010522
