           1    -7.55645    -7.55645           0
           2    -7.53977    -7.54811  0.00834131
           3    -7.54395    -7.54672  0.00501204
           4    -7.56947    -7.55241  0.00670188
           5     -7.5466    -7.55125  0.00531981
           6    -7.54682    -7.55051  0.00440583
           7    -7.53735    -7.54863  0.00417133
           8    -7.53669    -7.54714  0.00390881
           9    -7.54755    -7.54718  0.00344756
          10    -7.54983    -7.54745  0.00309491
          11    -7.56304    -7.54886  0.00313785
          12    -7.54975    -7.54894  0.00286541
          13     -7.5414    -7.54836  0.00269892
          14    -7.54683    -7.54825   0.0025011
          15    -7.56797    -7.54956  0.00267396
          16    -7.57436    -7.55111   0.0029423
          17    -7.54565    -7.55079  0.00278241
          18    -7.54689    -7.55058   0.0026322
          19    -7.53603    -7.54981  0.00260492
          20    -7.54042    -7.54934  0.00251546
          21    -7.53426    -7.54862  0.00249812
          22    -7.55355    -7.54885  0.00239239
          23    -7.56445    -7.54953  0.00238456
          24     -7.5404    -7.54914  0.00231452
          25    -7.54854    -7.54912  0.00222015
          26    -7.53217    -7.54847  0.00223042
          27    -7.54978    -7.54852  0.00214678
          28     -7.5464    -7.54844  0.00207006
          29    -7.55605     -7.5487  0.00201457
          30    -7.55488    -7.54891  0.00195712
          31    -7.54325    -7.54873  0.00190171
          32    -7.54656    -7.54866  0.00184257
          33    -7.54402    -7.54852  0.00179139
          34    -7.53788    -7.54821  0.00176585
          35    -7.54941    -7.54824  0.00171501
          36     -7.5393    -7.54799   0.0016851
          37    -7.54495    -7.54791  0.00164098
          38    -7.54944    -7.54795  0.00159772
          39    -7.53591    -7.54764  0.00158656
          40    -7.55875    -7.54792  0.00157111
          41    -7.54251    -7.54779  0.00153798
          42    -7.54754    -7.54778  0.00150092
          43    -7.54358    -7.54768  0.00146886
          44    -7.53945     -7.5475  0.00144723
          45     -7.5439    -7.54742  0.00141696
          46    -7.54476    -7.54736  0.00138701
          47    -7.53866    -7.54717  0.00136973
          48     -7.5495    -7.54722  0.00134177
          49    -7.56315    -7.54755  0.00135371
          50    -7.54459    -7.54749  0.00132768
          51    -7.53574    -7.54726  0.00132161
          52    -7.55041    -7.54732  0.00129736
          53    -7.53283    -7.54705  0.00130166
          54    -7.54996     -7.5471  0.00127847
          55       -7.55    -7.54715  0.00125611
          56    -7.53484    -7.54693  0.00125293
          57    -7.54528     -7.5469   0.0012311
          58    -7.53009    -7.54661  0.00124394
          59    -7.55021    -7.54667  0.00122419
          60    -7.55688    -7.54684  0.00121558
          61    -7.55138    -7.54692  0.00119779
          62    -7.55351    -7.54702   0.0011831
          63    -7.51593    -7.54653  0.00126446
          64    -7.54895    -7.54657  0.00124512
          65    -7.53275    -7.54636  0.00124412
          66     -7.5498    -7.54641  0.00122623
          67    -7.54994    -7.54646  0.00120894
          68    -7.54641    -7.54646  0.00119103
          69    -7.54454    -7.54643  0.00117398
          70    -7.55462    -7.54655  0.00116299
          71    -7.53493    -7.54639  0.00115812
          72    -7.52908    -7.54615  0.00116695
          73    -7.56193    -7.54636  0.00117099
          74    -7.54212     -7.5463  0.00115648
          75    -7.53588    -7.54617  0.00114939
          76    -7.56486    -7.54641  0.00116054
          77    -7.55262    -7.54649  0.00114821
          78     -7.5318     -7.5463  0.00114893
          79    -7.54907    -7.54634  0.00113484
          80    -7.54051    -7.54627  0.00112293
          81     -7.5457    -7.54626    0.001109
          82    -7.54357    -7.54623  0.00109588
          83    -7.53406    -7.54608  0.00109247
          84    -7.54075    -7.54602  0.00108125
          85    -7.54149    -7.54596  0.00106978
          86    -7.53713    -7.54586  0.00106225
          87    -7.53871    -7.54578  0.00105319
          88    -7.53794    -7.54569  0.00104495
          89    -7.55363    -7.54578  0.00103699
          90    -7.56413    -7.54598  0.00104547
          91    -7.53658    -7.54588  0.00103907
          92    -7.55127    -7.54594  0.00102938
          93     -7.5374    -7.54585  0.00102239
          94    -7.54587    -7.54585  0.00101145
          95    -7.53905    -7.54577   0.0010033
          96    -7.55014    -7.54582 0.000993838
          97    -7.54782    -7.54584 0.000983756
          98    -7.55874    -7.54597 0.000982529
          99    -7.54832      -7.546 0.000972844
         100    -7.55929    -7.54613 0.000972201
