36.8541 25.5997
29.1235 20.8073
25.9412 18.5737
23.8164 17.3702
22.1783 16.7822
21.4539 15.6701
20.3191 15.1588
19.2373 14.3836
18.6936 13.8088
17.8924 13.4476
17.3952 13.1196
17.054 12.7337
16.7789 12.6065
16.3555 12.4021
16.278 12.3205
16.084 11.9925
15.8921 11.4944
16.2441 11.3777
16.0267 10.9191
15.3434 10.5877
14.6376 10.3066
14.0746 10.1158
13.5316 10.1067
13.4924 10.0868
13.6746 9.93526
13.6948 9.93526
13.5153 9.82652
13.4482 9.82401
13.2893 9.82401
13.2444 9.82401
13.0858 9.82401
13.0356 9.82401
13.0191 9.82401
13.1248 9.82401
12.9958 9.82401
12.9952 9.80903
13.1817 9.80903
13.1348 9.79937
12.9888 9.79937
12.9456 9.79937
13.0194 9.79937
12.9988 9.79937
12.9883 9.79937
12.908 9.79937
12.8239 9.77868
12.9251 9.77868
13.1027 9.77868
13.1363 9.77868
12.9862 9.77868
12.7975 9.77868
12.8811 9.77868
12.9849 9.77868
12.8864 9.77868
12.9603 9.77868
13.0113 9.77868
12.9524 9.73177
12.871 9.73177
12.8482 9.73177
12.9964 9.73177
12.9763 9.73177
13.0601 9.73177
13.037 9.73177
12.96 9.73177
12.8117 9.73177
12.9449 9.73177
12.8397 9.73177
12.7364 9.73177
12.9282 9.73177
13.0309 9.73177
12.8873 9.73177
12.9068 9.73177
12.742 9.61093
12.7377 9.61093
12.6852 9.35427
12.6009 9.35427
12.681 9.35427
12.6094 9.35427
12.5283 9.35427
12.4342 9.35427
12.4614 9.35427
12.5063 9.35427
12.476 9.35427
12.4953 9.35427
12.4521 9.35427
12.3878 9.35427
12.4417 9.35427
12.3923 9.35427
12.5572 9.35427
12.4082 9.35427
12.3435 9.35427
12.5333 9.35427
12.6104 9.35427
12.4995 9.35427
12.4279 9.35427
12.4808 9.35427
12.5123 9.35427
12.4762 9.27331
12.3794 9.27331
12.2277 9.27331
12.3668 9.27331
12.2485 9.27331
