          5000             0             0             0
          5000             0             0             0
          5000             0             0             0
          5000             0             0             0
          5000             0             0             0
          5000             0             0             0
          5000             0             0             0
          5000             0             0             0
          5000             0             0             0
          5000             0             0             0
          5000             0             0             0
          5000             0             0             0
          5000             0             0             0
          5000             0             0             0
          5000             0             0             0
          5000             0             0             0
          5000             0             0             0
          5000             0             0             0
          5000             0             0             0
          5000             0             0             0
          5000             0             0             0
          5000             0             0             0
          5000             0             0             0
          5000             0             0             0
          5000             0             0             0
          5000             0             0             0
          5000             0             0             0
          5000             0             0             0
          5000             0             0             0
          5000             0             0             0
          5000             0   0.000155901   5.14079e-05
          5000             0    0.00809481   0.000349952
          5000   0.000776201      0.097817    0.00118339
          5000        0.8071      0.461153    0.00241309
          5000       1.32993       1.19243    0.00374651
          5000       2.26261       2.05359    0.00482891
          5000       2.66192       2.70696    0.00540156
          5000       3.32556       2.99054    0.00555202
          5000       2.93618       2.95498    0.00536745
          5000       2.48269       2.72858    0.00516833
          5000       2.21764       2.40742    0.00480932
          5000       2.11976       2.08331    0.00435711
          5000       1.69037         1.794    0.00407799
          5000       1.44319       1.54099    0.00376642
          5000       1.51288       1.33867    0.00336211
          5000      0.726353       1.16636    0.00306691
          5000       1.02931        1.0304    0.00287046
          5000      0.636424      0.928635    0.00265937
          5000      0.763877      0.835888    0.00241675
          5000       0.66003      0.764747    0.00227782
          5000      0.814003      0.707578    0.00217947
          5000      0.378873      0.669233    0.00208233
          5000      0.757702      0.633064    0.00197575
          5000      0.670141      0.608608    0.00191862
          5000      0.892929      0.594891    0.00187972
          5000      0.625375      0.585497    0.00182207
          5000      0.780386      0.582948    0.00180089
          5000      0.557768      0.591688    0.00180638
          5000      0.704932       0.60215    0.00179466
          5000      0.810236      0.619643    0.00177116
          5000      0.687475      0.644345    0.00176788
          5000      0.692132      0.676124    0.00176117
          5000       0.62482      0.715722    0.00180963
          5000      0.721632       0.75449    0.00182478
          5000       1.03661      0.810255    0.00188575
          5000      0.769997      0.865495    0.00193121
          5000      0.897221      0.920745      0.001961
          5000      0.915214      0.972547     0.0019761
          5000       1.23075       1.02708    0.00199953
          5000        1.0992       1.07261    0.00199575
          5000      0.996168       1.11751    0.00203546
          5000       1.24971       1.15379    0.00201629
          5000       1.14751       1.18673    0.00198928
          5000       1.04601       1.21546    0.00204682
          5000       1.19033       1.24206    0.00200636
          5000       1.17863       1.25768    0.00201548
          5000       1.16845       1.27696    0.00206159
          5000       1.40958       1.28114     0.0019822
          5000       1.33155       1.27427    0.00194063
          5000       1.22302       1.25961    0.00189756
          5000       1.13396       1.22862     0.0018646
          5000       1.10891       1.19409     0.0017978
          5000        1.3556       1.15791     0.0017807
          5000       1.13058       1.11804    0.00172922
          5000       1.08883       1.07435    0.00165873
          5000       1.15819       1.03338    0.00161752
          5000      0.886594      0.995916    0.00157542
          5000       1.04448      0.962839    0.00154788
          5000      0.813111      0.924653    0.00151454
          5000      0.696983      0.900166    0.00144836
          5000      0.849189      0.875723    0.00142359
          5000      0.623848      0.859365    0.00138804
          5000      0.848927      0.844774    0.00136343
          5000      0.944511      0.837153    0.00134489
          5000      0.849984      0.832148    0.00132653
          5000             0             0             0
          5000             0             0             0
          5000             0             0             0
          5000             0             0             0
          5000             0             0             0
