           1   0.0489464   0.0489464           0
           2   0.0490524   0.0489994 5.30427e-05
           3   0.0491353   0.0490447 5.46801e-05
           4   0.0490275   0.0490404 3.89033e-05
           5   0.0491059   0.0490535 3.28594e-05
           6   0.0487687    0.049006  5.4531e-05
           7    0.049573    0.049087 9.31913e-05
           8   0.0488689   0.0490598 8.51873e-05
           9    0.049872     0.04915 0.000117424
          10   0.0485379   0.0490888 0.000121564
          11   0.0493885    0.049116 0.000113285
          12   0.0491227   0.0491166 0.000103416
          13   0.0494438   0.0491418 9.84015e-05
          14   0.0488735   0.0491226 9.30948e-05
          15   0.0489875   0.0491136 8.71336e-05
          16   0.0486113   0.0490822 8.73426e-05
          17    0.048595   0.0490535 8.69054e-05
          18   0.0488345   0.0490414 8.28339e-05
          19   0.0487824   0.0490277 7.95298e-05
          20   0.0491384   0.0490333 7.56514e-05
          21   0.0491091   0.0490369 7.20495e-05
          22   0.0490527   0.0490376 6.87003e-05
          23   0.0491703   0.0490434 6.58984e-05
          24   0.0486493    0.049027 6.51947e-05
          25   0.0487786    0.049017 6.33164e-05
          26   0.0490169    0.049017 6.08325e-05
          27    0.049164   0.0490225 5.87887e-05
          28   0.0489003   0.0490181 5.68179e-05
          29   0.0488744   0.0490131  5.5047e-05
          30   0.0487046   0.0490029  5.4166e-05
          31   0.0495906   0.0490218 5.57146e-05
          32   0.0488637   0.0490169 5.41714e-05
          33   0.0489957   0.0490162 5.25081e-05
          34   0.0491736   0.0490209 5.11503e-05
          35   0.0486881   0.0490114 5.05692e-05
          36   0.0491295   0.0490146 4.92539e-05
          37   0.0491697   0.0490188 4.80871e-05
          38   0.0487156   0.0490108 4.74798e-05
          39   0.0489896   0.0490103 4.62496e-05
          40   0.0488957   0.0490074 4.51694e-05
          41   0.0488519   0.0490036 4.42171e-05
          42   0.0489605   0.0490026 4.31637e-05
          43   0.0494993   0.0490142 4.37018e-05
          44    0.049218   0.0490188 4.29477e-05
          45   0.0491898   0.0490226  4.2154e-05
          46   0.0488193   0.0490182 4.14635e-05
          47    0.048986   0.0490175 4.05775e-05
          48   0.0490475   0.0490181 3.97281e-05
          49   0.0485655   0.0490089 3.99903e-05
          50    0.049302   0.0490147 3.96184e-05
          51   0.0489511   0.0490135 3.88539e-05
          52   0.0491652   0.0490164 3.82109e-05
          53      0.0491    0.049018 3.75162e-05
          54   0.0491022   0.0490196  3.6848e-05
          55   0.0483527   0.0490074 3.81499e-05
          56   0.0492387   0.0490116 3.76893e-05
          57   0.0490441   0.0490121 3.70266e-05
          58   0.0489824   0.0490116 3.63862e-05
          59    0.048994   0.0490113 3.57655e-05
          60   0.0492705   0.0490156 3.54285e-05
          61   0.0490407    0.049016 3.48453e-05
          62   0.0490189   0.0490161 3.42787e-05
          63   0.0490938   0.0490173 3.37528e-05
          64     0.04933   0.0490222 3.35785e-05
          65   0.0494878   0.0490294  3.3825e-05
          66   0.0490223   0.0490293 3.33087e-05
          67   0.0488128    0.049026 3.29665e-05
          68   0.0484643   0.0490178 3.35123e-05
          69   0.0488003   0.0490146 3.31731e-05
          70   0.0489229   0.0490133  3.2722e-05
          71   0.0488923   0.0490116 3.23028e-05
          72   0.0488539   0.0490094 3.19263e-05
          73   0.0489974   0.0490093 3.14863e-05
          74   0.0491546   0.0490112 3.11199e-05
          75   0.0488768   0.0490094 3.07544e-05
          76   0.0491503   0.0490113 3.04036e-05
          77   0.0488245   0.0490089 3.01041e-05
          78    0.049259   0.0490121 2.98882e-05
          79   0.0491866   0.0490143   2.959e-05
          80   0.0492284   0.0490169 2.93401e-05
          81   0.0489164   0.0490157 2.90022e-05
          82   0.0493553   0.0490198 2.89442e-05
          83   0.0492578   0.0490227 2.87367e-05
          84   0.0492333   0.0490252  2.8503e-05
          85   0.0491407   0.0490266 2.81984e-05
          86   0.0488311   0.0490243 2.79612e-05
          87   0.0488734   0.0490226 2.76923e-05
          88   0.0485402   0.0490171 2.79192e-05
          89   0.0489588   0.0490164 2.76115e-05
          90   0.0490212   0.0490165  2.7303e-05
          91    0.048783   0.0490139  2.7123e-05
          92   0.0486433   0.0490099 2.71273e-05
          93   0.0487091   0.0490067 2.70283e-05
          94    0.049249   0.0490092 2.68632e-05
          95   0.0491614   0.0490108 2.66272e-05
          96   0.0491824   0.0490126 2.64089e-05
          97   0.0490385   0.0490129 2.61366e-05
          98   0.0490956   0.0490137 2.58823e-05
          99   0.0486764   0.0490103 2.58451e-05
         100   0.0489503   0.0490097 2.55923e-05
