           0           0           0
           1           0           0
           2           0           0
           3           0           0
           4           0           0
           5           0           0
           6           0           0
           7           0           0
           8           0           0
           9           0           0
          10           0           0
          11           0           0
          12           0           0
          13 0.000948912 6.84794e-05
          14    0.149429 0.000754233
          15     1.05868  0.00226619
          16     2.04003  0.00386068
          17     2.27294  0.00413363
          18     2.07885  0.00356466
          19     1.82991  0.00269741
          20     1.61531  0.00262448
          21      1.4534  0.00230134
          22     1.33423  0.00217897
          23     1.25032  0.00172039
          24     1.19025  0.00152253
          25     1.14361  0.00154768
          26     1.11299  0.00142491
          27     1.09135  0.00125007
          28     1.07804  0.00129787
          29     1.06466  0.00109215
          30     1.06141  0.00127495
          31     1.05722  0.00109598
          32     1.05522  0.00123142
          33     1.05136  0.00109171
          34     1.04833  0.00102489
          35     1.04324 0.000989878
          36     1.03674 0.000954691
          37     1.03185 0.000923312
          38     1.02659 0.000998685
          39     1.02115 0.000886421
          40     1.01608 0.000968514
          41     1.01193 0.000839203
          42     1.01145 0.000864682
          43     1.00806 0.000802781
          44     1.00537 0.000792966
          45     1.00334 0.000735837
          46     1.00241 0.000733424
          47     1.00032 0.000769118
          48     0.99914 0.000661794
          49    0.997892  0.00069486
          50    0.996526 0.000675023
          51    0.995953 0.000666417
          52    0.995335 0.000592061
          53    0.994492 0.000606078
          54    0.992838  0.00055688
          55    0.993381 0.000585427
          56    0.991869 0.000572988
          57    0.991852 0.000638785
          58    0.991129 0.000565419
          59    0.990325 0.000544133
          60    0.990431 0.000551647
          61    0.990301 0.000533306
          62    0.988881 0.000453175
          63    0.989292  0.00054121
          64     0.98894 0.000468469
          65    0.987513 0.000572419
          66    0.988086 0.000501665
          67    0.988186 0.000436868
          68    0.986994 0.000430717
          69    0.987502 0.000384629
          70    0.987035 0.000517029
          71    0.987645  0.00049279
          72    0.987477 0.000462897
          73    0.987663 0.000490605
          74    0.987124  0.00049112
          75    0.986785 0.000459395
          76    0.987522 0.000401865
          77    0.987146 0.000419558
          78    0.985719 0.000400346
          79    0.986341 0.000410368
          80    0.986993 0.000385941
          81    0.985847 0.000383064
          82      0.9865 0.000355572
          83    0.986893 0.000451135
          84    0.986186 0.000418619
          85    0.986111 0.000371594
          86    0.985239 0.000407078
          87    0.986242  0.00039481
          88    0.986333 0.000355262
          89    0.986419 0.000375682
          90    0.985699 0.000369979
          91    0.986284 0.000325681
          92    0.985285 0.000331972
          93    0.985371 0.000285903
          94     0.98668 0.000331272
          95    0.986003 0.000311203
          96    0.985625 0.000340907
          97    0.986677 0.000320967
          98    0.986055 0.000347034
          99       0.985 0.000327673
