           1   -0.414892   -0.414892           0
           2   -0.415499   -0.415196 0.000303314
           3   -0.416205   -0.415532 0.000379364
           4   -0.416079   -0.415669 0.000301052
           5   -0.412702   -0.415075  0.00063759
           6   -0.413674   -0.414842 0.000570563
           7   -0.409738   -0.414113 0.000874163
           8   -0.413518   -0.414038  0.00076069
           9      -0.414   -0.414034 0.000670879
          10   -0.414676   -0.414098 0.000603479
          11    -0.41108   -0.413824 0.000610964
          12   -0.408179   -0.413354 0.000729644
          13   -0.408976   -0.413017   0.0007509
          14    -0.41463   -0.413132 0.000704688
          15   -0.414706   -0.413237  0.00066437
          16    -0.41683   -0.413462 0.000660796
          17   -0.417188   -0.413681 0.000658279
          18   -0.414546   -0.413729 0.000622489
          19   -0.416842   -0.413893 0.000611182
          20   -0.415021   -0.413949 0.000582554
          21   -0.412397   -0.413875 0.000559026
          22   -0.416848    -0.41401 0.000549868
          23   -0.412523   -0.413946  0.00052938
          24   -0.416465   -0.414051 0.000517596
          25   -0.420914   -0.414325  0.00056732
          26   -0.415744    -0.41438  0.00054779
          27   -0.411258   -0.414264 0.000539643
          28   -0.412784   -0.414211 0.000522693
          29   -0.412048   -0.414137 0.000509832
          30   -0.417501   -0.414249 0.000505147
          31   -0.408646   -0.414068 0.000520943
          32    -0.41842   -0.414204  0.00052241
          33   -0.410307   -0.414086  0.00051992
          34   -0.415271   -0.414121 0.000505599
          35   -0.417158   -0.414208 0.000498553
          36   -0.417151   -0.414289 0.000491358
          37   -0.419278   -0.414424 0.000496551
          38   -0.418551   -0.414533 0.000495357
          39   -0.413914   -0.414517 0.000482749
          40   -0.414457   -0.414515 0.000470528
          41   -0.416709   -0.414569 0.000462015
          42   -0.413426   -0.414542 0.000451702
          43   -0.412032   -0.414483 0.000444917
          44   -0.410195   -0.414386  0.00044548
          45   -0.413502   -0.414366 0.000435911
          46   -0.416912   -0.414422 0.000429905
          47   -0.413477   -0.414401 0.000421138
          48   -0.413712   -0.414387 0.000412521
          49   -0.417648   -0.414454  0.00040946
          50      -0.411   -0.414385  0.00040709
          51   -0.418015   -0.414456 0.000405327
          52   -0.414951   -0.414465  0.00039757
          53   -0.413347   -0.414444 0.000390567
          54   -0.415092   -0.414456 0.000383454
          55   -0.417801   -0.414517 0.000381299
          56   -0.410581   -0.414447 0.000380969
          57    -0.41374   -0.414434 0.000374431
          58   -0.416989   -0.414478 0.000370545
          59   -0.410449    -0.41441 0.000370559
          60   -0.416691   -0.414448 0.000366308
          61   -0.417771   -0.414503 0.000364348
          62   -0.417838   -0.414556 0.000362439
          63   -0.407501   -0.414444 0.000373807
          64   -0.410837   -0.414388 0.000372213
          65   -0.415448   -0.414404 0.000366805
          66   -0.413905   -0.414397 0.000361284
          67   -0.416291   -0.414425 0.000356973
          68   -0.416515   -0.414456 0.000353024
          69   -0.412395   -0.414426  0.00034915
          70   -0.411565   -0.414385 0.000346544
          71   -0.415936   -0.414407 0.000342326
          72   -0.414426   -0.414407 0.000337538
          73   -0.417312   -0.414447 0.000335252
          74   -0.416659   -0.414477 0.000332039
          75   -0.412609   -0.414452 0.000328527
          76   -0.412355   -0.414424 0.000325347
          77   -0.414753   -0.414429 0.000321122
          78     -0.4148   -0.414433 0.000317014
          79   -0.410376   -0.414382 0.000317162
          80   -0.407743   -0.414299 0.000323982
          81   -0.411959    -0.41427 0.000321259
          82   -0.417566    -0.41431 0.000319853
          83   -0.411898   -0.414281  0.00031731
          84   -0.415451   -0.414295 0.000313819
          85   -0.403316   -0.414166 0.000335932
          86   -0.416003   -0.414187 0.000332689
          87   -0.414795   -0.414194 0.000328917
          88   -0.413025   -0.414181  0.00032543
          89   -0.416565   -0.414208 0.000322865
          90   -0.412869   -0.414193 0.000319604
          91   -0.413537   -0.414186 0.000316155
          92   -0.411819    -0.41416 0.000313755
          93   -0.408083   -0.414095 0.000317168
          94   -0.411982   -0.414072 0.000314579
          95    -0.41318   -0.414063 0.000311392
          96   -0.418805   -0.414112 0.000312066
          97   -0.414217   -0.414113 0.000308834
          98   -0.413628   -0.414108 0.000305706
          99   -0.413317     -0.4141 0.000302708
         100   -0.412674   -0.414086 0.000300005
