0.5 75.3195 0.771954
0.5483870967741935 58.1363 0.598437
0.5967741935483871 43.7945 0.454344
0.6451612903225806 33.2858 0.343365
0.6935483870967742 25.8156 0.265574
0.7419354838709677 20.1986 0.206459
0.7903225806451613 15.8525 0.161823
0.8387096774193548 12.6547 0.128665
0.8870967741935484 10.5757 0.107211
0.935483870967742 8.9075 0.0900931
0.9838709677419355 7.64454 0.0772078
1.032258064516129 6.71435 0.0676439
1.0806451612903225 5.85661 0.0589463
1.129032258064516 5.18262 0.0521906
1.1774193548387095 4.63929 0.0466698
1.2258064516129032 4.21028 0.0422997
1.2741935483870968 3.80509 0.0382177
1.3225806451612903 3.43922 0.0345204
1.370967741935484 3.14596 0.0315691
1.4193548387096775 2.89682 0.0290727
1.467741935483871 2.67901 0.0268854
1.5161290322580645 2.46354 0.0247084
1.564516129032258 2.30681 0.0231437
1.6129032258064515 2.14449 0.0214951
1.661290322580645 2.00912 0.0201317
1.7096774193548387 1.87369 0.0187789
1.7580645161290323 1.76359 0.0176744
1.8064516129032258 1.66675 0.0167025
1.8548387096774193 1.57562 0.015786
1.9032258064516128 1.4925 0.0149513
1.9516129032258065 1.41948 0.0142218
2.0 1.34827 0.0135048
