0.5 0.306049 0.00323434
0.5483870967741935 0.361394 0.00369208
0.5967741935483871 0.383916 0.00390441
0.6451612903225806 0.405436 0.00410989
0.6935483870967742 0.421916 0.00425883
0.7419354838709677 0.432609 0.0043645
0.7903225806451613 0.434759 0.00437084
0.8387096774193548 0.438834 0.00440672
0.8870967741935484 0.434952 0.00436072
0.935483870967742 0.426198 0.00427115
0.9838709677419355 0.418975 0.00419529
1.032258064516129 0.411786 0.00412334
1.0806451612903225 0.400374 0.0040084
1.129032258064516 0.390271 0.00390733
1.1774193548387095 0.379183 0.00379702
1.2258064516129032 0.364691 0.00365119
1.2741935483870968 0.350252 0.00350625
1.3225806451612903 0.337901 0.00338286
1.370967741935484 0.325046 0.00325407
1.4193548387096775 0.31281 0.00313063
1.467741935483871 0.301661 0.00301923
1.5161290322580645 0.290994 0.00291273
1.564516129032258 0.280029 0.00280285
1.6129032258064515 0.269521 0.00269747
1.661290322580645 0.259544 0.00259744
1.7096774193548387 0.248422 0.00248633
1.7580645161290323 0.238698 0.00238913
1.8064516129032258 0.22927 0.00229498
1.8548387096774193 0.221017 0.00221195
1.9032258064516128 0.212837 0.00213018
1.9516129032258065 0.204894 0.00205053
2.0 0.197477 0.00197625
