0.5 -0.970362 0.00970496
0.5483870967741935 -0.953537 0.00953671
0.5967741935483871 -0.93475 0.00934882
0.6451612903225806 -0.914906 0.00914994
0.6935483870967742 -0.89501 0.00895075
0.7419354838709677 -0.874169 0.00874202
0.7903225806451613 -0.852023 0.0085206
0.8387096774193548 -0.830313 0.00830342
0.8870967741935484 -0.809473 0.00809502
0.935483870967742 -0.789092 0.00789112
0.9838709677419355 -0.768146 0.00768165
1.032258064516129 -0.74869 0.00748715
1.0806451612903225 -0.729054 0.00729077
1.129032258064516 -0.709915 0.00709936
1.1774193548387095 -0.691367 0.00691386
1.2258064516129032 -0.673756 0.00673777
1.2741935483870968 -0.656098 0.00656118
1.3225806451612903 -0.638861 0.0063888
1.370967741935484 -0.622862 0.00622879
1.4193548387096775 -0.607689 0.00607706
1.467741935483871 -0.592785 0.00592803
1.5161290322580645 -0.578263 0.00578277
1.564516129032258 -0.564672 0.00564686
1.6129032258064515 -0.551165 0.00551177
1.661290322580645 -0.538459 0.00538472
1.7096774193548387 -0.525965 0.00525979
1.7580645161290323 -0.514108 0.00514121
1.8064516129032258 -0.50308 0.00503096
1.8548387096774193 -0.492385 0.004924
1.9032258064516128 -0.481946 0.00481961
1.9516129032258065 -0.471944 0.0047196
2.0 -0.462205 0.0046222
