           1    -5.47178    -5.47178           0
           2    -5.45524    -5.46351   0.0082738
           3    -5.44098      -5.456  0.00890109
           4    -5.46992    -5.45948  0.00719147
           5    -5.45922    -5.45943  0.00557072
           6    -5.45923    -5.45939  0.00454859
           7    -5.45176     -5.4583  0.00399586
           8    -5.48887    -5.46212  0.00515493
           9    -5.47052    -5.46306  0.00464083
          10    -5.48857    -5.46561  0.00487215
          11    -5.44901     -5.4641  0.00465816
          12    -5.46506    -5.46418  0.00425305
          13    -5.45367    -5.46337  0.00399494
          14    -5.45556    -5.46281  0.00374048
          15    -5.44851    -5.46186  0.00361045
          16    -5.48861    -5.46353  0.00376859
          17    -5.46543    -5.46364  0.00354172
          18    -5.45282    -5.46304  0.00339288
          19    -5.46366    -5.46307  0.00320951
          20    -5.47387    -5.46361  0.00309233
          21    -5.46032    -5.46346  0.00294557
          22    -5.45872    -5.46324  0.00281674
          23    -5.46729    -5.46342  0.00269725
          24    -5.45653    -5.46313  0.00259833
          25    -5.45645    -5.46286  0.00250651
          26    -5.47784    -5.46344  0.00247608
          27    -5.45985    -5.46331  0.00238632
          28    -5.48283      -5.464  0.00240292
          29    -5.47869    -5.46451  0.00237327
          30    -5.47504    -5.46486  0.00231952
          31    -5.44541    -5.46423  0.00232954
          32    -5.47049    -5.46443  0.00226403
          33    -5.47297    -5.46469  0.00220955
          34    -5.46509     -5.4647  0.00214361
          35    -5.45296    -5.46436  0.00210831
          36    -5.47031    -5.46453  0.00205555
          37    -5.46345     -5.4645  0.00199944
          38    -5.48613    -5.46507  0.00202765
          39    -5.46814    -5.46515  0.00197654
          40    -5.48679    -5.46569  0.00200102
          41    -5.47609    -5.46594  0.00196804
          42    -5.46733    -5.46598  0.00192089
          43     -5.4717    -5.46611   0.0018804
          44    -5.47222    -5.46625  0.00184242
          45    -5.47729    -5.46649  0.00181765
          46    -5.45188    -5.46618  0.00180585
          47    -5.45158    -5.46587  0.00179409
          48    -5.47726     -5.4661  0.00177229
          49    -5.48288    -5.46645   0.0017692
          50    -5.46995    -5.46652  0.00173487
          51    -5.44919    -5.46618   0.0017341
          52    -5.48149    -5.46647  0.00172573
          53    -5.45531    -5.46626  0.00170591
          54    -5.45809    -5.46611  0.00168085
          55    -5.45969    -5.46599  0.00165412
          56    -5.45992    -5.46588  0.00162794
          57     -5.4513    -5.46563  0.00161945
          58    -5.43903    -5.46517  0.00165603
          59    -5.46503    -5.46517  0.00162772
          60    -5.48662    -5.46552  0.00163983
          61    -5.45788     -5.4654  0.00161759
          62    -5.46455    -5.46538  0.00159134
          63     -5.4648    -5.46538  0.00156591
          64    -5.46027     -5.4653  0.00154331
          65    -5.46569     -5.4653  0.00151939
          66    -5.44917    -5.46506  0.00151602
          67    -5.43238    -5.46457  0.00157084
          68    -5.45037    -5.46436  0.00156159
          69    -5.43899    -5.46399   0.0015821
          70    -5.44781    -5.46376  0.00157638
          71    -5.48158    -5.46401  0.00157414
          72    -5.46685    -5.46405  0.00155263
          73    -5.50455    -5.46461  0.00162859
          74    -5.45603    -5.46449  0.00161061
          75    -5.46489     -5.4645    0.001589
          76    -5.46981    -5.46457  0.00156952
          77    -5.48657    -5.46485  0.00157513
          78    -5.46389    -5.46484  0.00155485
          79    -5.47732      -5.465  0.00154315
          80    -5.44295    -5.46472  0.00154845
          81    -5.45497     -5.4646  0.00153395
          82    -5.47242     -5.4647  0.00151812
          83    -5.45929    -5.46463  0.00150114
          84    -5.47945    -5.46481  0.00149361
          85    -5.44774    -5.46461  0.00148954
          86      -5.479    -5.46478  0.00148159
          87    -5.47502    -5.46489  0.00146919
          88    -5.47638    -5.46502  0.00145825
          89    -5.45813    -5.46495  0.00144385
          90    -5.43939    -5.46466  0.00145568
          91    -5.45389    -5.46454  0.00144445
          92    -5.47054    -5.46461  0.00143014
          93    -5.46661    -5.46463  0.00141485
          94    -5.49234    -5.46493  0.00143041
          95    -5.46503    -5.46493  0.00141527
          96    -5.46249     -5.4649  0.00140068
          97    -5.43289    -5.46457   0.0014249
          98    -5.45192    -5.46444  0.00141619
          99    -5.46851    -5.46448  0.00140241
         100    -5.45479    -5.46439  0.00139169
