           1     1.34975     1.34975           0
           2     1.43488     1.39232    0.042568
           3     1.50695     1.43053    0.045432
           4     1.36521      1.4142   0.0360365
           5     1.43277     1.41791   0.0281597
           6     1.42157     1.41852   0.0230004
           7     1.46222     1.42476   0.0204169
           8     1.29226      1.4082   0.0242277
           9     1.37739     1.40478   0.0216393
          10     1.29442     1.39374   0.0222799
          11     1.47974     1.40156   0.0216163
          12     1.45348     1.40589   0.0202017
          13     1.45617     1.40976   0.0189811
          14     1.42914     1.41114   0.0176275
          15     1.45335     1.41395   0.0166498
          16     1.29636      1.4066   0.0172216
          17      1.4047     1.40649   0.0161773
          18     1.45844     1.40938   0.0155227
          19     1.39332     1.40853   0.0147073
          20     1.38551     1.40738       0.014
          21     1.43248     1.40858   0.0133702
          22     1.44692     1.41032   0.0128666
          23     1.37096     1.40861   0.0124129
          24     1.42787     1.40941   0.0119116
          25     1.46356     1.41158   0.0116287
          26     1.30706     1.40756   0.0118736
          27     1.40595      1.4075   0.0114256
          28     1.26958     1.40257   0.0120615
          29     1.33278     1.40017   0.0118844
          30     1.32171     1.39755   0.0117755
          31     1.47562     1.40007   0.0116644
          32     1.36851     1.39908    0.011337
          33     1.33492     1.39714   0.0111588
          34     1.36231     1.39611    0.010874
          35     1.45541     1.39781   0.0106938
          36     1.38819     1.39754   0.0103959
          37     1.39511     1.39748   0.0101112
          38     1.30312     1.39499     0.01015
          39     1.38306     1.39469  0.00989104
          40     1.27343     1.39165    0.010106
          41     1.33592      1.3903  0.00994971
          42     1.38682     1.39021  0.00971028
          43     1.34934     1.38926   0.0095293
          44     1.36869     1.38879  0.00932195
          45      1.3485      1.3879  0.00915633
          46     1.44417     1.38912  0.00903822
          47     1.46725     1.39078  0.00899868
          48     1.32793     1.38948    0.008906
          49     1.33069     1.38828  0.00880447
          50     1.36162     1.38774  0.00864304
          51     1.41949     1.38836  0.00849471
          52      1.3018      1.3867  0.00849446
          53     1.44125     1.38773  0.00839597
          54       1.415     1.38823  0.00825449
          55     1.41708     1.38876  0.00811997
          56     1.39653      1.3889  0.00797486
          57     1.48159     1.39052  0.00800071
          58     1.50868     1.39256  0.00812124
          59     1.40717     1.39281  0.00798624
          60      1.2805     1.39094  0.00807202
          61      1.4495      1.3919  0.00799643
          62     1.38293     1.39175  0.00786773
          63     1.36751     1.39137  0.00775139
          64     1.42195     1.39185  0.00764427
          65     1.41949     1.39227  0.00753775
          66     1.48312     1.39365  0.00754922
          67     1.53686     1.39578  0.00773684
          68     1.44381     1.39649  0.00765486
          69     1.52664     1.39838  0.00777535
          70     1.48555     1.39962  0.00776399
          71     1.30592      1.3983  0.00776681
          72     1.39425     1.39825  0.00765839
          73     1.21709     1.39576  0.00794999
          74     1.43356     1.39628  0.00785844
          75     1.42446     1.39665  0.00776205
          76     1.37035     1.39631  0.00766705
          77     1.28007      1.3948  0.00771593
          78       1.391     1.39475  0.00761652
          79     1.31765     1.39377  0.00758255
          80     1.50093     1.39511  0.00760606
          81      1.4412     1.39568  0.00753309
          82      1.3227     1.39479   0.0074937
          83     1.39432     1.39478  0.00740287
          84     1.35457     1.39431  0.00732986
          85     1.48488     1.39537  0.00732108
          86     1.30789     1.39435  0.00730662
          87      1.3608     1.39397  0.00723244
          88     1.34794     1.39344  0.00716888
          89     1.43612     1.39392  0.00710408
          90     1.54693     1.39562  0.00722748
          91     1.45119     1.39624  0.00717364
          92     1.35113     1.39574  0.00711216
          93     1.35774     1.39534  0.00704713
          94     1.25423     1.39384  0.00713153
          95     1.37547     1.39364  0.00705871
          96     1.37586     1.39346  0.00698725
          97     1.52293     1.39479  0.00704249
          98      1.4511     1.39537   0.0069939
          99     1.39295     1.39534  0.00692294
         100     1.42861     1.39567  0.00686143
