           0           0           0
           1           0           0
           2           0           0
           3           0           0
           4           0           0
           5           0           0
           6           0           0
           7           0           0
           8           0           0
           9           0           0
          10           0           0
          11           0           0
          12           0           0
          13           0           0
          14           0           0
          15           0           0
          16           0           0
          17           0           0
          18           0           0
          19           0           0
          20           0           0
          21           0           0
          22           0           0
          23           0           0
          24           0           0
          25           0           0
          26           0           0
          27           0           0
          28           0           0
          29           0           0
          30           0           0
          31           0           0
          32           0           0
          33 1.41029e-05 3.92804e-06
          34  0.00134486 4.10483e-05
          35   0.0240625 0.000194022
          36    0.165227 0.000612867
          37    0.563707  0.00141017
          38     1.20157  0.00184643
          39     1.86202  0.00207591
          40     2.33745  0.00184974
          41      2.5539  0.00148241
          42     2.54789  0.00161964
          43     2.40818  0.00163387
          44     2.19828  0.00155726
          45     1.97369  0.00143165
          46     1.75415   0.0015736
          47     1.55831   0.0014835
          48     1.39097  0.00132281
          49     1.24463  0.00110721
          50     1.12508  0.00109139
          51     1.02359  0.00100013
          52    0.940899 0.000873867
          53    0.872123 0.000774098
          54    0.817096 0.000846709
          55    0.772676 0.000787316
          56    0.736525 0.000770443
          57    0.710937 0.000806789
          58    0.691209 0.000839384
          59    0.678439 0.000858801
          60    0.673736 0.000908357
          61    0.671691 0.000899371
          62    0.675895 0.000887559
          63    0.686566 0.000914018
          64    0.702719 0.000819044
          65    0.723973 0.000797116
          66    0.749339 0.000758372
          67    0.780612 0.000841316
          68    0.815621 0.000774303
          69    0.852969 0.000723546
          70     0.89371  0.00078907
          71     0.93411 0.000761145
          72    0.977568 0.000747493
          73      1.0176 0.000751685
          74     1.05747 0.000865111
          75     1.09549 0.000788672
          76     1.13024 0.000725765
          77     1.16193 0.000744703
          78     1.18655  0.00073214
          79     1.20435 0.000762648
          80     1.21347 0.000728538
          81     1.21525 0.000757757
          82     1.20912 0.000706641
          83     1.19475 0.000828306
          84     1.17465 0.000726856
          85     1.15043   0.0007865
          86     1.12349 0.000802136
          87     1.09546 0.000679329
          88     1.06623 0.000682364
          89     1.03901 0.000646919
          90     1.01216 0.000626372
          91    0.987673 0.000672179
          92    0.966105 0.000618984
          93     0.94669 0.000563343
          94    0.931443 0.000586518
          95    0.918613 0.000641147
          96    0.908734 0.000606863
          97    0.895042 0.000656892
          98    0.886111 0.000626686
          99    0.886169 0.000669722
