-7.84084
-7.80504
-7.73227
-7.6466
-7.54361
-7.42712
-7.30675
-7.18833
-7.0787
-6.98526
-6.91274
-6.86841
-6.85064
-6.85677
-6.88428
-6.92422
-6.96986
-7.015
-7.05891
-7.09581
-7.12285
-7.14314
-7.15875
-7.16549
-7.16547
-7.16036
-7.15442
-7.14926
-7.14633
-7.14446
-7.14566
-7.14768
-7.15336
-7.16044
-7.16922
-7.18091
-7.19349
-7.20624
-7.21665
-7.22614
-7.23567
-7.24231
-7.24835
-7.25323
-7.25253
-7.24934
-7.24269
-7.23384
-7.22376
-7.21283
-7.20105
-7.18912
-7.18319
-7.17972
-7.18405
-7.19217
-7.20495
-7.2151
-7.23027
-7.24441
-7.25616
-7.26702
-7.27044
-7.27122
-7.26866
-7.2651
-7.25503
-7.24298
-7.2309
-7.21778
-7.20786
-7.19595
-7.18665
-7.17921
-7.17166
-7.16389
-7.15898
-7.15568
-7.15587
-7.16065
-7.16592
-7.17281
-7.18226
-7.18588
-7.19207
-7.19588
-7.19781
-7.20085
-7.2044
-7.20462
-7.20739
-7.20634
-7.20372
-7.19721
-7.19261
-7.18521
-7.17619
-7.1709
-7.16234
-7.15776
-7.15043
-7.14594
-7.14213
-7.14193
-7.14423
-7.1493
-7.15491
-7.16507
-7.17367
-7.18426
-7.1956
-7.20629
-7.21645
-7.22402
-7.23146
-7.23572
-7.23884
-7.24417
-7.24503
-7.24291
-7.23949
-7.23346
-7.22654
-7.22097
-7.21413
-7.20694
-7.20013
-7.1945
-7.19067
-7.18814
-7.1866
-7.1867
-7.18426
-7.18401
-7.1824
-7.18035
-7.17865
-7.17851
-7.17968
-7.18722
-7.19345
-7.20155
-7.20864
-7.21296
-7.21551
-7.2176
-7.21453
-7.21221
-7.20616
-7.1983
-7.19082
-7.18456
-7.17777
-7.17187
-7.1664
-7.15773
-7.15059
-7.14431
-7.13698
-7.13414
-7.13259
-7.13603
-7.14063
-7.15049
-7.16276
-7.17848
-7.19435
-7.21064
-7.22744
-7.24211
-7.25252
-7.26421
-7.27406
-7.27937
-7.28131
-7.28121
-7.27689
-7.27114
-7.26262
-7.25233
-7.2403
-7.22776
-7.2146
-7.20268
-7.18386
-7.16898
-7.15349
-7.14005
-7.12997
-7.12411
-7.12175
-7.12064
-7.1225
-7.12566
-7.12943
-7.13701
-7.14227
-7.15045
-7.1584
-7.16847
-7.17746
-7.18511
-7.19701
-7.2068
-7.21512
-7.22231
-7.23109
-7.23959
-7.24753
-7.25382
-7.25916
-7.26733
-7.27144
-7.27427
-7.27292
-7.26838
-7.26402
-7.25626
-7.24403
-7.22987
-7.21551
-7.19957
-7.18554
-7.1751
-7.16395
-7.15637
-7.1514
-7.14913
-7.14853
-7.15086
-7.159
-7.16737
-7.1795
-7.18889
-7.19881
-7.20906
-7.21451
-7.21698
-7.21695
-7.21583
-7.21004
-7.2024
-7.19493
-7.18522
-7.1779
-7.1697
-7.16433
-7.16152
-7.15962
-7.16014
-7.16606
-7.17277
-7.17964
-7.19118
-7.20145
-7.21327
-7.22271
-7.22927
-7.23664
-7.24256
-7.24808
-7.24937
-7.25194
-7.25239
-7.25208
-7.24652
-7.23946
-7.2333
-7.22483
-7.21403
-7.20232
-7.19006
-7.18237
-7.17247
-7.165
-7.16074
-7.16046
-7.15841
-7.15632
-7.15002
-7.14652
-7.14585
-7.14684
-7.15212
-7.15798
-7.16491
-7.17362
-7.18431
-7.19369
-7.20523
-7.21152
-7.21559
-7.21536
-7.2142
-7.21294
-7.20932
-7.2033
-7.19778
-7.19725
-7.19621
-7.1932
-7.19219
-7.19231
-7.19337
-7.19465
-7.19647
-7.19728
-7.19781
-7.20001
-7.20252
-7.2055
-7.20499
-7.20856
-7.20949
-7.20733
-7.20242
-7.19513
-7.18569
-7.17979
-7.1717
-7.16671
-7.16277
-7.16289
-7.16355
-7.16815
-7.17463
-7.18096
-7.18998
-7.19574
-7.20006
-7.20076
-7.20221
-7.20191
-7.20095
-7.20152
-7.20452
-7.2087
-7.2097
-7.21204
-7.21721
-7.22177
-7.22447
-7.22565
-7.22599
-7.22219
-7.21778
-7.20883
-7.19904
-7.19171
-7.18426
-7.17729
-7.1737
-7.17493
-7.17729
-7.18471
-7.18996
-7.19891
-7.20641
-7.2127
-7.216
-7.21721
-7.21372
-7.20785
-7.19789
-7.1888
-7.18095
-7.17173
-7.16013
-7.15222
-7.14809
-7.14526
-7.1457
-7.14729
-7.15468
-7.16531
-7.17878
-7.19511
-7.21147
-7.22626
-7.23982
-7.25046
-7.25735
-7.26069
-7.2578
-7.25293
-7.24456
-7.23243
-7.22036
-7.20852
-7.19855
-7.19212
-7.18511
-7.18273
-7.18124
-7.18242
-7.18531
-7.18647
-7.18666
-7.18585
-7.18109
-7.17761
-7.17449
-7.16981
-7.16271
-7.1574
-7.15346
-7.15185
-7.15371
-7.15623
-7.16103
-7.1645
-7.17261
-7.1831
-7.19334
-7.2047
-7.21755
-7.22665
-7.23259
-7.23842
-7.24147
-7.241
-7.23905
-7.23371
-7.22745
-7.22249
-7.21919
-7.21431
-7.20903
-7.20458
-7.201
-7.20043
-7.20083
-7.20006
-7.19914
-7.19556
-7.19315
-7.18732
-7.18023
-7.17402
-7.16827
-7.16305
-7.15969
-7.15766
-7.15887
-7.16525
-7.17268
-7.18081
-7.18961
-7.19485
-7.19611
-7.1966
-7.19949
-7.20075
-7.20431
-7.20789
-7.21567
-7.22357
-7.22962
-7.23376
-7.23629
-7.23612
-7.23433
-7.23304
-7.23205
-7.22603
-7.21881
-7.2136
-7.20504
-7.19762
-7.19188
-7.18855
-7.18481
-7.18047
-7.17542
-7.17391
-7.17251
-7.1726
-7.17958
-7.18726
-7.20005
-7.20979
-7.22126
-7.22998
-7.24003
-7.24481
-7.24578
-7.24119
-7.22979
-7.216
-7.19918
-7.1811
-7.16126
-7.146
-7.13282
-7.12658
-7.12388
-7.12937
-7.13848
-7.1508
-7.16407
-7.17834
-7.18922
-7.19802
-7.19938
-7.19955
-7.19627
-7.19018
-7.18117
-7.17444
-7.17117
-7.1702
-7.17424
-7.1804
-7.18442
-7.19079
-7.19439
-7.1972
-7.19799
-7.19883
-7.19854
-7.19518
-7.19365
-7.19196
-7.1928
-7.19503
-7.19728
-7.20393
-7.20956
-7.21561
-7.22259
-7.23131
-7.2409
-7.24755
-7.25472
-7.26134
-7.26475
-7.26558
-7.26734
-7.26458
-7.25807
-7.2516
-7.24429
-7.23492
-7.2232
-7.21029
-7.19724
-7.18581
-7.17416
-7.16399
-7.15241
-7.14187
-7.13117
-7.12107
-7.11312
-7.10834
-7.10415
-7.10358
-7.10426
-7.10937
-7.1187
-7.1292
-7.14167
-7.15651
-7.17176
-7.18841
-7.20356
-7.21499
-7.22539
-7.23485
-7.24163
-7.24646
-7.24988
-7.2481
-7.24127
-7.23325
-7.22216
-7.2104
-7.19921
-7.18545
-7.17253
-7.16298
-7.15288
-7.14782
-7.14611
-7.14776
-7.15585
-7.16675
-7.17795
-7.19054
-7.20281
-7.21466
-7.21939
-7.22303
-7.22484
-7.22495
-7.22256
-7.2186
-7.21397
-7.21114
-7.20896
-7.20637
-7.20658
-7.20643
-7.21053
-7.21017
-7.20775
-7.20585
-7.2064
-7.20823
-7.20762
-7.20767
-7.20721
-7.20694
-7.20838
-7.21125
-7.21343
-7.21265
-7.21092
-7.2042
-7.1981
-7.1892
-7.17933
-7.1687
-7.16034
-7.15281
-7.14648
-7.14491
-7.1435
-7.1482
-7.15396
-7.16155
-7.17124
-7.17671
-7.18645
-7.19065
-7.19284
-7.19225
-7.18756
-7.18025
-7.17224
-7.16844
-7.16829
-7.1698
-7.17449
-7.18415
-7.19615
-7.21033
-7.2242
-7.2351
-7.24598
-7.25146
-7.25735
-7.25591
-7.25158
-7.24854
-7.2437
-7.23446
-7.22708
-7.22164
-7.21275
-7.20454
-7.19673
-7.18991
-7.18476
-7.18156
-7.18008
-7.18012
-7.18147
-7.18709
-7.19324
-7.19768
-7.20054
-7.20405
-7.20364
-7.20021
-7.19684
-7.19188
-7.18641
-7.17997
-7.17504
-7.17024
-7.16512
-7.16253
-7.164
-7.1664
-7.17137
-7.17805
-7.18723
-7.19875
-7.2108
-7.22544
-7.23688
-7.24879
-7.2577
-7.26137
-7.26326
-7.26025
-7.25073
-7.23889
-7.22323
-7.20536
-7.1877
-7.17003
-7.15892
-7.15319
-7.15158
-7.157
-7.16867
-7.18264
-7.19646
-7.21045
-7.22201
-7.23084
-7.23729
-7.23739
-7.23419
-7.22871
-7.21811
-7.20633
-7.19182
-7.17712
-7.16578
-7.15309
-7.14532
-7.14067
-7.13895
-7.14028
-7.14456
-7.15022
-7.15716
-7.16498
-7.17183
-7.17865
-7.18538
-7.19383
-7.19901
-7.20567
-7.21321
-7.21924
-7.226
-7.23008
-7.23451
-7.23779
-7.23783
-7.23786
-7.23518
-7.22957
-7.2172
-7.20644
-7.1917
-7.17848
-7.16686
-7.15917
-7.15434
-7.15216
-7.1525
-7.15731
-7.16124
-7.16656
-7.17374
-7.18004
-7.18423
-7.18489
-7.18422
-7.18364
-7.18369
-7.1867
-7.19082
-7.19664
-7.20506
-7.21348
-7.21888
-7.22483
-7.23019
-7.2336
-7.2357
-7.23398
-7.23331
-7.22912
-7.22248
-7.21519
-7.20615
-7.19487
-7.18435
-7.17646
-7.17406
-7.17257
-7.17607
-7.18188
-7.18868
-7.19643
-7.20378
-7.2081
-7.2082
-7.20716
-7.20375
-7.19856
-7.19251
-7.19008
-7.1859
-7.18102
-7.17968
-7.18122
-7.18032
-7.18318
-7.18991
-7.19654
-7.20336
-7.21026
-7.21672
-7.22136
-7.22242
-7.22045
-7.21472
-7.21088
-7.20527
-7.20027
-7.19605
-7.19121
-7.18807
-7.18908
-7.19043
-7.19312
-7.20101
-7.20842
-7.2145
-7.22078
-7.22669
-7.22962
-7.23114
-7.2317
-7.23095
-7.22958
-7.22775
-7.22408
-7.21875
-7.21487
-7.20762
-7.20023
-7.19263
-7.18263
-7.17635
-7.1709
-7.16793
-7.16683
-7.16584
-7.16524
-7.1661
-7.16265
-7.16089
-7.16155
-7.16309
-7.16843
-7.17446
-7.18104
-7.19001
-7.19724
-7.20596
-7.21131
-7.21658
-7.22001
-7.22191
-7.22017
-7.21905
-7.21684
-7.20908
-7.20122
-7.19399
-7.1862
-7.17954
-7.17417
-7.17165
-7.17121
-7.17257
-7.176
-7.18235
-7.1894
-7.19708
-7.20502
-7.21435
-7.22128
-7.22788
-7.22936
-7.22801
-7.22525
-7.21924
-7.21275
-7.20449
-7.19699
-7.18819
-7.18085
-7.17446
-7.16723
-7.16341
-7.16346
-7.1653
-7.1681
-7.17075
-7.17011
-7.17049
-7.17066
-7.1682
-7.16158
-7.15602
-7.15037
-7.14942
-7.14999
-7.15418
-7.16569
-7.18256
-7.20088
-7.22114
-7.2401
-7.25561
-7.2672
-7.27312
-7.27428
-7.27033
-7.26342
-7.25398
-7.24142
-7.23202
-7.2225
-7.21444
-7.20914
-7.20364
-7.20304
-7.20233
-7.2016
-7.20102
-7.20017
-7.19953
-7.196
-7.19061
-7.18243
-7.1707
-7.1586
-7.14392
-7.13191
-7.12135
-7.1137
-7.10818
-7.1057
-7.1095
-7.11797
-7.12581
-7.1409
-7.15717
-7.17435
-7.19154
-7.20909
-7.2279
-7.24718
-7.26177
-7.27389
-7.27846
-7.28066
-7.27825
-7.27165
-7.25703
-7.24196
-7.22357
-7.20531
-7.18571
-7.16756
-7.15173
-7.14091
-7.13455
-7.13404
-7.13743
-7.15023
-7.16417
-7.17899
-7.19389
-7.20858
-7.22172
-7.23156
-7.23762
-7.24095
-7.23939
-7.23561
-7.22765
-7.21625
-7.20411
-7.19389
-7.18375
-7.17451
-7.16722
-7.16182
-7.1609
-7.16124
-7.16322
-7.17021
-7.17773
-7.18724
-7.19744
-7.20617
-7.21585
-7.22331
-7.23265
-7.23997
-7.23271
-7.20719
-7.16804
-7.12025
-7.06104
-6.99613
-6.93122
-6.86949
-6.8202
-6.78179
-6.75708
-6.74956
-6.751
-6.76514
-6.78427
-6.80966
-6.83457
-6.85736
-6.87555
-6.88663
-6.89009
-6.88748
-6.87961
-6.86889
-6.855
-6.84014
-6.83108
-6.82543
-6.82488
-6.83332
-6.84558
-6.86673
-6.88919
-6.91432
-6.93863
-6.95705
-6.97362
-6.98483
-6.98997
-6.99193
-6.98816
-6.98349
-6.97903
-6.97887
-6.97844
-6.9804
-6.98451
-6.98989
-6.99177
-6.9952
-6.99322
-6.98797
-6.97935
-6.96356
-6.94355
-6.91958
-6.90081
-6.88391
-6.87257
-6.86488
-6.86298
-6.86529
-6.87474
-6.88689
-6.90768
-6.93033
-6.95288
-6.97204
-6.98951
-7.00024
-7.00408
-7.00228
-6.99485
-6.98417
-6.97221
-6.96395
-6.95408
-6.94595
-6.94509
-6.94446
-6.94199
-6.94023
-6.93844
-6.93466
-6.93238
-6.92744
-6.92198
-6.91624
-6.90968
-6.90392
-6.90379
-6.90808
-6.91733
-6.92746
-6.94237
-6.95294
-6.95641
-6.95539
-6.94453
-6.92835
-6.90299
-6.87476
-6.84632
-6.81637
-6.79132
-6.77464
-6.76562
-6.76735
-6.78007
-6.7983
-6.82609
-6.86106
-6.89746
-6.93099
-6.96317
-6.99196
-7.01563
-7.03476
-7.04465
-7.04972
-7.04553
-7.03543
-7.02023
-7.0013
-6.98093
-6.96419
-6.95071
-6.93854
-6.92873
-6.92524
-6.92717
-6.93057
-6.93914
-6.94714
-6.95731
-6.96619
-6.97243
-6.97663
-6.97488
-6.96821
-6.95735
-6.94361
-6.92596
-6.90583
-6.88848
-6.87696
-6.86527
-6.86175
-6.86123
-6.86607
-6.87301
-6.88462
-6.89179
-6.89962
-6.90699
-6.914
-6.92354
-6.93498
-6.94627
-6.95773
-6.96632
-6.9751
-6.98189
-6.99122
-6.99928
-7.00684
-7.01443
-7.0195
-7.02429
-7.02421
-7.02248
-7.01957
-7.00998
-6.9976
-6.98187
-6.96136
-6.94075
-6.91787
-6.8936
-6.87014
-6.84996
-6.83248
-6.82427
-6.82198
-6.82528
-6.83656
-6.85204
-6.87235
-6.89325
-6.91611
-6.93239
-6.9426
-6.94421
-6.93679
-6.92037
-6.90152
-6.88141
-6.86284
-6.85451
-6.85636
-6.86551
-6.88037
-6.90163
-6.92606
-6.9486
-6.97017
-6.99068
-7.00059
-7.00764
-7.00998
-7.01031
-7.00627
-7.00389
-7.00109
-6.99987
-6.9991
-6.99999
-7.00421
-7.00906
-7.01087
-7.00389
-6.99405
-6.97889
-6.95818
-6.93836
-6.92344
-6.91324
-6.90612
-6.90456
-6.90907
-6.91673
-6.92601
-6.93737
-6.94728
-6.95149
-6.95287
-6.94957
-6.94002
-6.92615
-6.90843
-6.88942
-6.87114
-6.8564
-6.84763
-6.85182
-6.86069
-6.8748
-6.89403
-6.91725
-6.93735
-6.94836
-6.95457
-6.95801
-6.95292
-6.94743
-6.94073
-6.93235
-6.92553
-6.91812
-6.91472
-6.91072
-6.91034
-6.91052
-6.90951
-6.91173
-6.91559
-6.92142
-6.92915
-6.93621
-6.94228
-6.95098
-6.95382
-6.95636
-6.9587
-6.95847
-6.96116
-6.96012
-6.96117
-6.95879
-6.95508
-6.95289
-6.94944
-6.94529
-6.94401
-6.9442
-6.94106
-6.94058
-6.94164
-6.9414
-6.93662
-6.93485
-6.93375
-6.93292
-6.93071
-6.9286
-6.92721
-6.92567
-6.92363
-6.92178
-6.91777
-6.91449
-6.91214
-6.90838
-6.90672
-6.90292
-6.90153
-6.89799
-6.8972
-6.89478
-6.89502
-6.89494
-6.89644
-6.89838
-6.90357
-6.90543
-6.91154
-6.9211
-6.92389
-6.92786
-6.92926
-6.92759
-6.91995
-6.91024
-6.89738
-6.87984
-6.86741
-6.85298
-6.84433
-6.84108
-6.84435
-6.85496
-6.87138
-6.89181
-6.91387
-6.93641
-6.95753
-6.97661
-6.99358
-7.00689
-7.01619
-7.0226
-7.02625
-7.02719
-7.02579
-7.01847
-7.00983
-6.99628
-6.98358
-6.96988
-6.95831
-6.946
-6.93698
-6.93228
-6.9328
-6.93395
-6.93683
-6.93814
-6.93784
-6.93533
-6.93091
-6.92412
-6.91747
-6.91401
-6.91025
-6.90362
-6.89652
-6.89057
-6.88751
-6.89092
-6.89752
-6.90744
-6.92314
-6.94086
-6.95856
-6.97432
-6.98654
-6.99131
-6.99328
-6.98755
-6.97855
-6.96585
-6.95276
-6.94072
-6.92889
-6.91878
-6.90612
-6.89694
-6.88806
-6.88155
-6.87503
-6.8697
-6.86732
-6.86581
-6.86499
-6.86723
-6.87055
-6.87378
-6.87849
-6.88455
-6.89077
-6.89888
-6.90626
-6.91614
-6.92468
-6.93258
-6.9383
-6.94532
-6.95007
-6.95638
-6.96454
-6.97517
-6.98719
-6.9984
-7.00734
-7.01322
-7.01501
-7.01067
-6.99767
-6.97957
-6.95895
-6.93546
-6.90809
-6.88616
-6.87033
-6.86148
-6.8629
-6.87586
-6.89523
-6.92225
-6.95472
-6.987
-7.01354
-7.0316
-7.04271
-7.04396
-7.03975
-7.02816
-7.00965
-6.98462
-6.95464
-6.92278
-6.89066
-6.86245
-6.84107
-6.82625
-6.8223
-6.82688
-6.84122
-6.864
-6.8881
-6.91284
-6.93431
-6.94763
-6.95344
-6.95262
-6.94153
-6.92524
-6.90381
-6.88571
-6.86981
-6.86014
-6.85921
-6.86655
-6.88207
-6.90042
-6.92075
-6.94082
-6.96038
-6.97795
-6.99456
-7.0063
-7.01702
-7.02462
-7.03192
-7.03611
-7.03658
-7.02875
-7.01625
-6.99673
-6.97607
-6.9514
-6.92708
-6.90539
-6.89019
-6.8797
-6.88192
-6.88998
-6.90758
-6.93298
-6.9554
-6.9739
-6.98678
-6.99184
-6.98784
-6.9757
-6.95723
-6.93791
-6.91728
-6.89592
-6.88498
-6.87601
-6.87343
-6.87837
-6.88606
-6.8963
-6.90913
-6.92254
-6.93861
-6.95316
-6.96339
-6.97013
-6.97087
-6.9684
-6.95908
-6.94564
-6.92935
-6.91436
-6.90322
-6.89551
-6.89368
-6.89755
-6.90443
-6.91321
-6.91696
-6.9185
-6.91703
-6.91192
-6.90331
-6.89205
-6.8781
-6.86704
-6.85672
-6.84926
-6.84604
-6.84855
-6.85861
-6.87251
-6.8911
-6.91412
-6.93426
-6.95443
-6.97271
-6.98811
-7.0038
-7.01736
-7.03127
-7.03818
-7.04149
-7.03852
-7.02891
-7.01884
-7.006
-6.98775
-6.96787
-6.94875
-6.93014
-6.91349
-6.89823
-6.8861
-6.8779
-6.87639
-6.88024
-6.88781
-6.89935
-6.91434
-6.93199
-6.94806
-6.95927
-6.96692
-6.9662
-6.96071
-6.94733
-6.93007
-6.91069
-6.89056
-6.87374
-6.86276
-6.85414
-6.85426
-6.86018
-6.87136
-6.88809
-6.90811
-6.92802
-6.94642
-6.96662
-6.98396
-6.99016
-6.99252
-6.98949
-6.97793
-6.96108
-6.94491
-6.92768
-6.91775
-6.90845
-6.90303
-6.90105
-6.90051
-6.90457
-6.90949
-6.91389
-6.91685
-6.91939
-6.92567
-6.93173
-6.93651
-6.94039
-6.93902
-6.93563
-6.93317
-6.92983
-6.92464
-6.91857
-6.9133
-6.90953
-6.90696
-6.90203
-6.89892
-6.8993
-6.90061
-6.90477
-6.9091
-6.91739
-6.92584
-6.93375
-6.94036
-6.94585
-6.95102
-6.95647
-6.96431
-6.97208
-6.97987
-6.98917
-6.99074
-6.99171
-6.98936
-6.98235
-6.97208
-6.95996
-6.94201
-6.92231
-6.90352
-6.88224
-6.86244
-6.84743
-6.837
-6.83065
-6.83019
-6.83438
-6.84057
-6.85474
-6.87354
-6.89606
-6.91542
-6.93662
-6.95529
-6.96845
-6.98092
-6.98735
-6.9927
-6.99333
-6.99153
-6.98497
-6.97564
-6.96576
-6.9546
-6.94604
-6.93916
-6.93392
-6.93399
-6.93986
-6.94634
-6.95437
-6.96181
-6.96555
-6.96713
-6.97028
-6.96925
-6.96971
-6.96912
-6.96966
-6.96725
-6.96412
-6.95517
-6.94195
-6.9283
-6.91231
-6.89435
-6.87935
-6.86821
-6.85844
-6.85552
-6.85644
-6.86339
-6.87434
-6.88522
-6.89679
-6.91048
-6.92199
-6.93072
-6.93715
-6.94079
-6.94187
-6.94003
-6.93295
-6.92498
-6.91604
-6.907
-6.89887
-6.8925
-6.88648
-6.88347
-6.87974
-6.87838
-6.88246
-6.88622
-6.89317
-6.90326
-6.91563
-6.92759
-6.93748
-6.93861
-6.93776
-6.93721
-6.93149
-6.92526
-6.91684
-6.9094
-6.90374
-6.89723
-6.89406
-6.89492
-6.89801
-6.90396
-6.91273
-6.92283
-6.93258
-6.9411
-6.94803
-6.95379
-6.9554
-6.95929
-6.9617
-6.9619
-6.96204
-6.95887
-6.95753
-6.95538
-6.94933
-6.94502
-6.94019
-6.93724
-6.93779
-6.93785
-6.93971
-6.9386
-6.93826
-6.93203
-6.92756
-6.91969
-6.91075
-6.90416
-6.90113
-6.90287
-6.90625
-6.91465
-6.92511
-6.93291
-6.93666
-6.93953
-6.93963
-6.93623
-6.92911
-6.91725
-6.90874
-6.90017
-6.89261
-6.88979
-6.88803
-6.8891
-6.89527
-6.90254
-6.9091
-6.91652
-6.92211
-6.9273
-6.93044
-6.93098
-6.931
-6.92689
-6.92094
-6.91252
-6.9017
-6.88991
-6.88038
-6.87173
-6.86533
-6.8608
-6.86119
-6.86596
-6.87241
-6.88132
-6.89369
-6.9099
-6.92753
-6.9445
-6.95787
-6.97009
-6.97788
-6.98339
-6.98397
-6.98289
-6.98471
-6.98474
-6.98733
-6.99072
-6.99679
-7.00286
-7.00624
-7.00585
-7.00296
-7.00129
-6.99803
-6.99527
-6.99352
-6.99039
-6.98291
-6.97444
-6.96109
-6.94226
-6.92023
-6.8979
-6.87904
-6.8613
-6.84969
-6.84714
-6.85203
-6.86367
-6.87868
-6.89355
-6.90511
-6.91316
-6.91438
-6.90819
-6.89661
-6.88298
-6.86859
-6.8552
-6.84137
-6.83039
-6.82303
-6.8196
-6.8212
-6.8296
-6.84188
-6.85736
-6.87299
-6.89184
-6.90975
-6.92602
-6.94235
-6.95596
-6.96947
-6.98012
-6.99104
-7.0028
-7.01237
-7.01889
-7.0242
-7.02533
-7.02344
-7.01413
-7.00042
-6.98063
-6.95733
-6.93395
-6.90687
-6.88473
-6.87121
-6.86625
-6.87175
-6.88673
-6.90877
-6.93582
-6.96376
-6.99274
-7.0165
-7.03446
-7.04484
-7.05047
-7.04575
-7.03656
-7.02149
-7.00281
-6.98528
-6.96632
-6.94985
-6.93727
-6.92995
-6.92289
-6.9167
-6.90907
-6.90267
-6.89546
-6.88355
-6.87333
-6.8605
-6.84686
-6.83461
-6.81915
-6.80501
-6.78921
-6.77604
-6.76439
-6.75463
-6.7455
-6.74142
-6.74822
-6.76338
-6.78851
-6.8215
-6.85983
-6.89806
-6.9356
-6.96465
-6.98827
-7.00511
-7.01633
-7.02036
-7.01976
-7.01616
-7.01107
-7.00533
-6.99884
-6.99228
-6.98365
-6.97466
-6.96495
-6.95283
-6.93953
-6.92773
-6.91754
-6.90971
-6.90825
-6.90907
-6.91402
-6.92065
-6.92648
-6.93243
-6.93678
-6.94163
-6.94113
-6.94113
-6.94485
-6.94653
-6.9477
-6.94986
-6.95163
-6.95244
-6.95025
-6.94728
-6.94416
-6.94096
-6.93658
-6.93357
-6.9334
-6.93751
-6.94286
-6.95126
-6.95752
-6.96228
-6.96062
-6.958
-6.94741
-6.93554
-6.92555
-6.91406
-6.90339
-6.898
-6.89503
-6.89494
-6.89777
-6.90095
-6.90506
-6.9106
-6.91015
-6.90994
-6.90569
-6.90059
-6.89441
-6.88781
-6.88433
-6.88326
-6.88669
-6.89203
-6.90129
-6.91045
-6.92147
-6.92477
-6.91606
-6.8981
-6.86959
-6.83141
-6.79013
-6.74982
-6.71778
-6.68898
-6.66823
-6.65401
-6.64955
-6.64956
-6.65638
-6.6701
-6.6871
-6.71281
-6.73984
-6.76918
-6.79395
-6.8196
-6.83917
-6.85277
-6.85978
-6.85394
-6.84059
-6.81958
-6.79053
-6.76215
-6.73412
-6.71205
-6.69882
-6.69558
-6.7025
-6.72014
-6.74398
-6.76947
-6.79321
-6.81248
-6.82819
-6.83545
-6.83265
-6.82587
-6.81277
-6.79573
-6.77829
-6.76627
-6.75586
-6.75358
-6.75757
-6.77072
-6.78957
-6.8147
-6.84068
-6.86254
-6.88151
-6.89409
-6.90123
-6.90036
-6.8944
-6.88172
-6.86626
-6.84908
-6.83248
-6.8136
-6.79678
-6.77963
-6.76413
-6.75024
-6.73762
-6.72818
-6.72194
-6.71615
-6.71575
-6.72056
-6.72765
-6.73653
-6.73986
-6.74451
-6.7453
-6.73933
-6.73466
-6.72806
-6.72091
-6.71376
-6.70709
-6.70332
-6.70052
-6.6968
-6.69659
-6.69833
-6.70438
-6.71302
-6.72764
-6.74447
-6.7684
-6.7936
-6.82042
-6.84782
-6.87306
-6.8935
-6.90891
-6.91913
-6.92064
-6.91823
-6.91093
-6.90004
-6.8876
-6.87523
-6.86036
-6.84608
-6.8293
-6.81439
-6.79947
-6.78254
-6.76564
-6.74839
-6.73321
-6.71602
-6.70354
-6.69178
-6.68865
-6.68545
-6.6842
-6.68434
-6.68797
-6.69168
-6.69502
-6.70251
-6.71275
-6.72786
-6.74999
-6.77521
-6.80235
-6.83522
-6.86758
-6.89285
-6.91216
-6.92224
-6.92139
-6.90538
-6.87587
-6.83633
-6.7871
-6.7321
-6.68203
-6.6433
-6.62288
-6.61985
-6.63427
-6.66225
-6.69765
-6.73315
-6.76895
-6.79891
-6.82525
-6.84455
-6.86027
-6.86944
-6.87161
-6.86562
-6.85456
-6.84323
-6.83189
-6.82163
-6.81386
-6.80728
-6.80402
-6.797
-6.78934
-6.78203
-6.7699
-6.7556
-6.73673
-6.71732
-6.69801
-6.67893
-6.6664
-6.65841
-6.66111
-6.6738
-6.69414
-6.71918
-6.7458
-6.76974
-6.79271
-6.81027
-6.8246
-6.83384
-6.83705
-6.83664
-6.83259
-6.82921
-6.82325
-6.81587
-6.80478
-6.79006
-6.77665
-6.76486
-6.75687
-6.75111
-6.74856
-6.75218
-6.76153
-6.77413
-6.79007
-6.80794
-6.82723
-6.8406
-6.85119
-6.86288
-6.87006
-6.87477
-6.87424
-6.86804
-6.85275
-6.83282
-6.80762
-6.78371
-6.76044
-6.74724
-6.74176
-6.74204
-6.74766
-6.75607
-6.76372
-6.76755
-6.76919
-6.76778
-6.7662
-6.76518
-6.76794
-6.77007
-6.77407
-6.77709
-6.78207
-6.78584
-6.78492
-6.78402
-6.78091
-6.77968
-6.77601
-6.76981
-6.76696
-6.76167
-6.75629
-6.74693
-6.74017
-6.73363
-6.72947
-6.73032
-6.73164
-6.73937
-6.74892
-6.76307
-6.7733
-6.78104
-6.78635
-6.78591
-6.78217
-6.77548
-6.76782
-6.75978
-6.7586
-6.7619
-6.77013
-6.78288
-6.79816
-6.81463
-6.83287
-6.85085
-6.86508
-6.8755
-6.87996
-6.88189
-6.87732
-6.86901
-6.85629
-6.84179
-6.82653
-6.81101
-6.79791
-6.79445
-6.79724
-6.80117
-6.80471
-6.80431
-6.79943
-6.79057
-6.77832
-6.76132
-6.7428
-6.72585
-6.71364
-6.70759
-6.70855
-6.71599
-6.72807
-6.73999
-6.74985
-6.76073
-6.76844
-6.77614
-6.78465
-6.79092
-6.79366
-6.79418
-6.78822
-6.77656
-6.76455
-6.75579
-6.74998
-6.74657
-6.74537
-6.74657
-6.75267
-6.7603
-6.76555
-6.7736
-6.77975
-6.78517
-6.7897
-6.79245
-6.79587
-6.79733
-6.79823
-6.79753
-6.79389
-6.78869
-6.78188
-6.77365
-6.76816
-6.7632
-6.76265
-6.76802
-6.77444
-6.78152
-6.78609
-6.78768
-6.78418
-6.77747
-6.76733
-6.75448
-6.74119
-6.72864
-6.72186
-6.71924
-6.72129
-6.7263
-6.73651
-6.75272
-6.77352
-6.79687
-6.82296
-6.84651
-6.86541
-6.8789
-6.88141
-6.87652
-6.86341
-6.84912
-6.83064
-6.8181
-6.80898
-6.8028
-6.80481
-6.81191
-6.81863
-6.82992
-6.8352
-6.83458
-6.82561
-6.80751
-6.78171
-6.75157
-6.72447
-6.70514
-6.69816
-6.71036
-6.73499
-6.76867
-6.80147
-6.82731
-6.84541
-6.85497
-6.85446
-6.84557
-6.83189
-6.81592
-6.79995
-6.78785
-6.78297
-6.78405
-6.79486
-6.80936
-6.82291
-6.83178
-6.83443
-6.83222
-6.82066
-6.80321
-6.78243
-6.76033
-6.74078
-6.72588
-6.7158
-6.71524
-6.72182
-6.73672
-6.75316
-6.77085
-6.78769
-6.80514
-6.82044
-6.83825
-6.85286
-6.86471
-6.8732
-6.87232
-6.86151
-6.84073
-6.81356
-6.78498
-6.75676
-6.73461
-6.71775
-6.70734
-6.70782
-6.71022
-6.71584
-6.72291
-6.72859
-6.74171
-6.75765
-6.7759
-6.79649
-6.81478
-6.82886
-6.83645
-6.83548
-6.82397
-6.80719
-6.79045
-6.77413
-6.76028
-6.74921
-6.74267
-6.73977
-6.74222
-6.74895
-6.75749
-6.76841
-6.78044
-6.79446
-6.80561
-6.81668
-6.824
-6.82851
-6.82898
-6.82967
-6.82757
-6.82539
-6.81972
-6.81227
-6.80154
-6.79002
-6.78132
-6.77439
-6.77352
-6.77568
-6.78176
-6.79002
-6.80203
-6.81405
-6.82902
-6.84229
-6.85285
-6.86067
-6.85833
-6.85548
-6.84586
-6.82982
-6.80989
-6.78881
-6.76823
-6.75623
-6.74913
-6.74961
-6.75418
-6.75946
-6.76465
-6.76774
-6.77012
-6.77178
-6.77446
-6.77824
-6.78157
-6.78668
-6.79199
-6.79791
-6.79794
-6.79453
-6.78726
-6.77568
-6.76057
-6.74415
-6.72795
-6.71478
-6.70058
-6.6885
-6.67829
-6.67138
-6.66964
-6.67468
-6.68528
-6.69931
-6.71724
-6.73796
-6.75576
-6.77549
-6.79175
-6.80429
-6.81734
-6.82665
-6.83015
-6.83408
-6.83373
-6.83047
-6.82225
-6.81424
-6.80225
-6.78821
-6.78072
-6.77672
-6.77665
-6.78536
-6.79829
-6.8157
-6.83123
-6.84422
-6.85511
-6.85722
-6.84903
-6.83714
-6.82109
-6.80313
-6.784
-6.7639
-6.74573
-6.72874
-6.71263
-6.69989
-6.69452
-6.69194
-6.69365
-6.69711
-6.70711
-6.71901
-6.73168
-6.74619
-6.75997
-6.77636
-6.79093
-6.80579
-6.82127
-6.83594
-6.84655
-6.85245
-6.85329
-6.8489
-6.83896
-6.8251
-6.8073
-6.78831
-6.77079
-6.75522
-6.74637
-6.74426
-6.74919
-6.75849
-6.77419
-6.78845
-6.80417
-6.81574
-6.82566
-6.82891
-6.82897
-6.82457
-6.81678
-6.80276
-6.78744
-6.77275
-6.75559
-6.74059
-6.72744
-6.72084
-6.7195
-6.72357
-6.72971
-6.73882
-6.75008
-6.76291
-6.77805
-6.78984
-6.80031
-6.81051
-6.82129
-6.82905
-6.83425
-6.83784
-6.83841
-6.83427
-6.82887
-6.81964
-6.80689
-6.79028
-6.7794
-6.76795
-6.7629
-6.76307
-6.76727
-6.77312
-6.78079
-6.78792
-6.79145
-6.79248
-6.79378
-6.79142
-6.78809
-6.78137
-6.77192
-6.76544
-6.76244
-6.76039
-6.76007
-6.76258
-6.76309
-6.76642
-6.77146
-6.77936
-6.78468
-6.78875
-6.79177
-6.79002
-6.78477
-6.77954
-6.77106
-6.76368
-6.75995
-6.76194
-6.76758
-6.77805
-6.7922
-6.80542
-6.80996
-6.81301
-6.8074
-6.79761
-6.78293
-6.76705
-6.7558
-6.74474
-6.74059
-6.7405
-6.74629
-6.75586
-6.77131
-6.78911
-6.80842
-6.82505
-6.83637
-6.84243
-6.84329
-6.84261
-6.83596
-6.83076
-6.82411
-6.81608
-6.80868
-6.80376
-6.79751
-6.79263
-6.78579
-6.77796
-6.76943
-6.76554
-6.76346
-6.76484
-6.76855
-6.77674
-6.78441
-6.79247
-6.79719
-6.79849
-6.79357
-6.7837
-6.76831
-6.75306
-6.73558
-6.72183
-6.71447
-6.71292
-6.7155
-6.72563
-6.74036
-6.76403
-6.78818
-6.81187
-6.82649
-6.83522
-6.83642
-6.83185
-6.82073
-6.80436
-6.79292
-6.77927
-6.76987
-6.76407
-6.76125
-6.76266
-6.76526
-6.76879
-6.77013
-6.77286
-6.77377
-6.77231
-6.7676
-6.75988
-6.74981
-6.73653
-6.72715
-6.71881
-6.71237
-6.71386
-6.72304
-6.73857
-6.75879
-6.77834
-6.8009
-6.81793
-6.82876
-6.83727
-6.84047
-6.8407
-6.83925
-6.83503
-6.83005
-6.82545
-6.82342
-6.82252
-6.82341
-6.82635
-6.82548
-6.8226
-6.81633
-6.8066
-6.79034
-6.76853
-6.75228
-6.73771
-6.7241
-6.71384
-6.71415
-6.71549
-6.72022
-6.72547
-6.73372
-6.74138
-6.7493
-6.75215
-6.7524
-6.75113
-6.7463
-6.74327
-6.7422
-6.74591
-6.75464
-6.76557
-6.77845
-6.79164
-6.80225
-6.811
-6.81552
-6.81894
-6.81987
-6.81541
-6.809
-6.80439
-6.797
-6.78788
-6.77569
-6.76247
-6.75088
-6.73936
-6.72849
-6.72107
-6.72248
-6.72423
-6.72975
-6.73963
-6.75164
-6.76672
-6.78311
-6.79886
-6.81355
-6.82187
-6.83267
-6.83775
-6.84019
-6.84086
-6.8403
-6.83702
-6.83266
-6.82623
-6.81389
-6.79869
-6.77796
-6.75715
-6.74268
-6.73411
-6.73705
-6.75019
-6.77107
-6.79621
-6.81868
-6.83331
-6.84145
-6.84526
-6.84706
-6.84625
-6.84866
-6.85131
-6.85358
-6.85464
-6.85719
-6.85284
-6.84215
-6.8245
-6.80722
-6.78555
-6.76014
-6.73611
-6.71307
-6.68951
-6.66941
-6.65522
-6.64948
-6.65206
-6.66212
-6.6817
-6.70637
-6.73136
-6.75396
-6.77156
-6.78479
-6.7932
-6.80093
-6.80596
-6.80638
-6.80934
-6.81023
-6.81032
-6.80854
-6.80563
-6.80368
-6.80199
-6.80094
-6.80289
-6.80512
-6.80779
-6.8121
-6.81514
-6.81473
-6.8142
-6.81342
-6.80443
-6.79531
-6.78361
-6.77235
-6.76245
-6.75424
-6.75085
-6.74897
-6.75068
-6.7591
-6.7711
-6.78273
-6.79699
-6.81045
-6.82017
-6.82733
-6.83274
-6.83019
-6.82165
-6.81568
-6.80817
-6.79755
-6.79276
-6.7886
-6.78651
-6.78581
-6.7827
-6.77974
-6.77834
-6.77592
-6.76925
-6.76308
-6.75407
-6.74347
-6.73205
-6.72399
-6.71773
-6.72089
-6.72797
-6.74028
-6.75605
-6.7716
-6.78688
-6.8021
-6.81995
-6.83738
-6.85211
-6.86405
-6.87121
-6.87427
-6.8741
-6.86896
-6.85726
-6.83503
-6.80694
-6.77422
-6.7375
-6.69575
-6.65896
-6.62537
-6.60155
-6.58745
-6.58701
-6.59541
-6.61466
-6.63692
-6.66028
-6.68594
-6.71096
-6.73709
-6.76334
-6.79156
-6.82128
-6.84947
-6.87702
-6.89744
-6.9121
-6.91974
-6.92047
-6.91256
-6.9023
-6.88812
-6.87513
-6.86628
-6.85613
-6.84866
-6.84125
-6.83494
-6.82872
-6.82102
-6.81149
-6.80326
-6.79088
-6.78202
-6.77055
-6.76072
-6.75105
-6.74442
-6.73771
-6.72942
-6.71909
-6.70822
-6.69823
-6.68924
-6.68826
-6.69683
-6.71754
-6.75022
-6.78795
-6.82649
-6.8607
-6.88444
-6.89324
-6.88688
-6.87151
-6.84542
-6.81513
-6.78237
-6.75307
-6.72557
-6.70465
-6.69074
-6.6844
-6.68329
-6.68617
-6.69401
-6.69629
-6.69477
-6.69207
-6.68613
-6.67785
-6.6689
-6.65914
-6.65554
-6.65361
-6.65195
-6.65378
-6.65639
-6.65984
-6.66306
-6.66729
-6.67085
-6.67174
-6.66877
-6.66425
-6.65906
-6.65296
-6.64443
-6.63663
-6.62506
-6.61674
-6.60425
-6.59297
-6.58462
-6.58022
-6.57906
-6.58132
-6.58117
-6.58043
-6.58531
-6.5967
-6.61299
-6.63656
-6.67058
-6.70213
-6.73246
-6.75591
-6.77181
-6.78112
-6.78139
-6.76999
-6.75594
-6.73502
-6.71366
-6.6952
-6.67609
-6.66117
-6.64435
-6.62997
-6.61448
-6.60236
-6.58902
-6.58081
-6.57909
-6.58426
-6.59541
-6.6116
-6.62905
-6.64443
-6.65706
-6.66929
-6.67621
-6.68392
-6.691
-6.69918
-6.70692
-6.71323
-6.71757
-6.71864
-6.72291
-6.72952
-6.73647
-6.7463
-6.76158
-6.77571
-6.78879
-6.79631
-6.79754
-6.79412
-6.78354
-6.77158
-6.75584
-6.73975
-6.72395
-6.71104
-6.70293
-6.69379
-6.68507
-6.67909
-6.67219
-6.66301
-6.65287
-6.64434
-6.63735
-6.62911
-6.6227
-6.61818
-6.61261
-6.60429
-6.59181
-6.57508
-6.55651
-6.53685
-6.52258
-6.51572
-6.51917
-6.53381
-6.55869
-6.58954
-6.62243
-6.65608
-6.68796
-6.71695
-6.73886
-6.75459
-6.7612
-6.76265
-6.75702
-6.74799
-6.73281
-6.71999
-6.70267
-6.68801
-6.67857
-6.67222
-6.67428
-6.68637
-6.7031
-6.72002
-6.73747
-6.75143
-6.75589
-6.75526
-6.74155
-6.72061
-6.69433
-6.66755
-6.63839
-6.61296
-6.59204
-6.5759
-6.56914
-6.56874
-6.57864
-6.59223
-6.60884
-6.63165
-6.65668
-6.6852
-6.71381
-6.74164
-6.76674
-6.78988
-6.80757
-6.81841
-6.82369
-6.82286
-6.8074
-6.78053
-6.74703
-6.7038
-6.65847
-6.61504
-6.57867
-6.55421
-6.54138
-6.53505
-6.53731
-6.53968
-6.54505
-6.55582
-6.5647
-6.57692
-6.5906
-6.60312
-6.61271
-6.61978
-6.62616
-6.63305
-6.63652
-6.64307
-6.65265
-6.66573
-6.67935
-6.69661
-6.7146
-6.73222
-6.74456
-6.75215
-6.75566
-6.75837
-6.75704
-6.75222
-6.7458
-6.73709
-6.7249
-6.71433
-6.70372
-6.69085
-6.67597
-6.66028
-6.64649
-6.63281
-6.62632
-6.62879
-6.63976
-6.65708
-6.67689
-6.69468
-6.70774
-6.71799
-6.72237
-6.7183
-6.71001
-6.69562
-6.68063
-6.66012
-6.64664
-6.63822
-6.63741
-6.64303
-6.6513
-6.6643
-6.67557
-6.68925
-6.69999
-6.71167
-6.72043
-6.72544
-6.72558
-6.72103
-6.71491
-6.70616
-6.69961
-6.69393
-6.68873
-6.68471
-6.67852
-6.67511
-6.66877
-6.66105
-6.65824
-6.65831
-6.6648
-6.67592
-6.68605
-6.69542
-6.69869
-6.69653
-6.68478
-6.66328
-6.63775
-6.61251
-6.59305
-6.58471
-6.58844
-6.60626
-6.63249
-6.66833
-6.7039
-6.73775
-6.76478
-6.7842
-6.79304
-6.79229
-6.78152
-6.76483
-6.74431
-6.72546
-6.70489
-6.68637
-6.67344
-6.66444
-6.65782
-6.65039
-6.6451
-6.64128
-6.64128
-6.64443
-6.64768
-6.64965
-6.65552
-6.65666
-6.65834
-6.66103
-6.66887
-6.67927
-6.69079
-6.70291
-6.71584
-6.72597
-6.73211
-6.7297
-6.71942
-6.70164
-6.67704
-6.65214
-6.63028
-6.61123
-6.59943
-6.59214
-6.59042
-6.59004
-6.59144
-6.59191
-6.59009
-6.58644
-6.58403
-6.58005
-6.58038
-6.58075
-6.58393
-6.5855
-6.5883
-6.58775
-6.58143
-6.57029
-6.55496
-6.54186
-6.53487
-6.54565
-6.56862
-6.60667
-6.65203
-6.69998
-6.74617
-6.78675
-6.81687
-6.84077
-6.85463
-6.85785
-6.85199
-6.84086
-6.8265
-6.80825
-6.79136
-6.77421
-6.75989
-6.7523
-6.74278
-6.73148
-6.71831
-6.70247
-6.68434
-6.66474
-6.65154
-6.63928
-6.636
-6.64075
-6.65384
-6.67465
-6.70005
-6.72518
-6.74785
-6.75951
-6.762
-6.75158
-6.72918
-6.69887
-6.66394
-6.62406
-6.58837
-6.55807
-6.53863
-6.53088
-6.53144
-6.54276
-6.56074
-6.58388
-6.60684
-6.6307
-6.64742
-6.65881
-6.66538
-6.66822
-6.6664
-6.66946
-6.67217
-6.6821
-6.6923
-6.70931
-6.72922
-6.746
-6.75514
-6.75698
-6.75243
-6.73658
-6.71173
-6.68022
-6.64618
-6.61112
-6.58356
-6.55965
-6.54514
-6.54103
-6.54823
-6.5627
-6.5846
-6.61082
-6.63663
-6.66551
-6.69218
-6.71503
-6.73316
-6.74
-6.74016
-6.73081
-6.71593
-6.69961
-6.68598
-6.67345
-6.66898
-6.66804
-6.67507
-6.68878
-6.70181
-6.7171
-6.72803
-6.73311
-6.72885
-6.72208
-6.71117
-6.69876
-6.68494
-6.66892
-6.65378
-6.63953
-6.63127
-6.62377
-6.61889
-6.61499
-6.61553
-6.61584
-6.61774
-6.62131
-6.62748
-6.63123
-6.6342
-6.63995
-6.6436
-6.64415
-6.64154
-6.63439
-6.62291
-6.61092
-6.59907
-6.58998
-6.58321
-6.58022
-6.58103
-6.58878
-6.59701
-6.60604
-6.61731
-6.6305
-6.64617
-6.66177
-6.67558
-6.68967
-6.70225
-6.71306
-6.72714
-6.74135
-6.75888
-6.77996
-6.7992
-6.81556
-6.82652
-6.83127
-6.82427
-6.80706
-6.77818
-6.74436
-6.71055
-6.67953
-6.65588
-6.64233
-6.63458
-6.63624
-6.64332
-6.65896
-6.67409
-6.68603
-6.6962
-6.69852
-6.69602
-6.68616
-6.67119
-6.65315
-6.64022
-6.62923
-6.62185
-6.62107
-6.62234
-6.62302
-6.6253
-6.62993
-6.63824
-6.64762
-6.65803
-6.66669
-6.67786
-6.68388
-6.68863
-6.68689
-6.68313
-6.67722
-6.66634
-6.65319
-6.64175
-6.62758
-6.61402
-6.6028
-6.59511
-6.59509
-6.59875
-6.61083
-6.63179
-6.65572
-6.68115
-6.70663
-6.73091
-6.75288
-6.76915
-6.78019
-6.78339
-6.77958
-6.77299
-6.76184
-6.7482
-6.72886
-6.71205
-6.69486
-6.6852
-6.6841
-6.68939
-6.6987
-6.70415
-6.70439
-6.69775
-6.68653
-6.66871
-6.65426
-6.64059
-6.63371
-6.63179
-6.63625
-6.64547
-6.65806
-6.66368
-6.66516
-6.65826
-6.64311
-6.62718
-6.60791
-6.59071
-6.58206
-6.58057
-6.58884
-6.60806
-6.63594
-6.66686
-6.70003
-6.72936
-6.75333
-6.76578
-6.76985
-6.76585
-6.75264
-6.73511
-6.71931
-6.69695
-6.67935
-6.66312
-6.6537
-6.64784
-6.64905
-6.64838
-6.65275
-6.65557
-6.66066
-6.66643
-6.67229
-6.67759
-6.68564
-6.69239
-6.7012
-6.7096
-6.72336
-6.7328
-6.74167
-6.74486
-6.74512
-6.73995
-6.7291
-6.71599
-6.70231
-6.68705
-6.67479
-6.6655
-6.65904
-6.64953
-6.63887
-6.62925
-6.62091
-6.61471
-6.6091
-6.60461
-6.6002
-6.59591
-6.59676
-6.59855
-6.6054
-6.61197
-6.62093
-6.63151
-6.64858
-6.66815
-6.69029
-6.71664
-6.73809
-6.75444
-6.76218
-6.75671
-6.74381
-6.71858
-6.68666
-6.64912
-6.61415
-6.58586
-6.57384
-6.57772
-6.59569
-6.61798
-6.64364
-6.66652
-6.68633
-6.70305
-6.71309
-6.71987
-6.71873
-6.71436
-6.70718
-6.69678
-6.6842
-6.67132
-6.66294
-6.65836
-6.66159
-6.67034
-6.68708
-6.70441
-6.724
-6.73918
-6.75264
-6.76275
-6.76926
-6.7709
-6.77125
-6.76169
-6.74774
-6.72942
-6.70846
-6.68231
-6.65223
-6.62597
-6.60274
-6.58468
-6.56741
-6.55794
-6.55275
-6.55452
-6.55992
-6.56958
-6.5819
-6.5959
-6.61088
-6.62234
-6.63515
-6.64445
-6.65162
-6.658
-6.66353
-6.66822
-6.67395
-6.67737
-6.67801
-6.67535
-6.66994
-6.66276
-6.65549
-6.64765
-6.64348
-6.64459
-6.65476
-6.67363
-6.6993
-6.72578
-6.75487
-6.77658
-6.78642
-6.78583
-6.77583
-6.75313
-6.73111
-6.70537
-6.68589
-6.66354
-6.64886
-6.63797
-6.63601
-6.63923
-6.65065
-6.66438
-6.67978
-6.69554
-6.70669
-6.7149
-6.71943
-6.72163
-6.72406
-6.7326
-6.749
-6.76958
-6.79199
-6.80755
-6.81608
-6.81354
-6.80012
-6.77527
-6.73806
-6.69797
-6.65314
-6.61147
-6.57982
-6.55955
-6.55859
-6.57476
-6.60109
-6.63031
-6.6541
-6.67392
-6.6863
-6.6909
-6.69504
-6.69672
-6.69558
-6.69332
-6.68829
-6.68179
-6.675
-6.66478
-6.64665
-6.625
-6.59911
-6.57173
-6.5449
-6.52581
-6.51427
-6.5147
-6.52721
-6.54575
-6.57068
-6.59398
-6.61907
-6.64518
-6.66664
-6.68529
-6.70115
-6.71382
-6.72472
-6.73043
-6.73677
-6.73838
-6.73223
-6.72124
-6.70278
-6.68791
-6.67518
-6.66867
-6.66584
-6.67185
-6.68531
-6.70153
-6.71793
-6.73314
-6.74725
-6.75898
-6.76661
-6.77124
-6.77182
-6.76341
-6.75446
-6.73884
-6.7177
-6.69562
-6.66746
-6.64384
-6.6225
-6.60218
-6.58642
-6.579
-6.57449
-6.57782
-6.58714
-6.60452
-6.62442
-6.65065
-6.67656
-6.7035
-6.72243
-6.73261
-6.72824
-6.70844
-6.6831
-6.65166
-6.6237
-6.60196
-6.5883
-6.58448
-6.58828
-6.59852
-6.60877
-6.62173
-6.63248
-6.6418
-6.64693
-6.64992
-6.65195
-6.65515
-6.66091
-6.66821
-6.68226
-6.69957
-6.71879
-6.7347
-6.7431
-6.7446
-6.73868
-6.7296
-6.71738
-6.7018
-6.68852
-6.67402
-6.6616
-6.65872
-6.66045
-6.66524
-6.67869
-6.6938
-6.71275
-6.73233
-6.74539
-6.75433
-6.75455
-6.74824
-6.73732
-6.72081
-6.70045
-6.67422
-6.64734
-6.62162
-6.6011
-6.59094
-6.59271
-6.60238
-6.61658
-6.63297
-6.64829
-6.66108
-6.67305
-6.67812
-6.68379
-6.68399
-6.67688
-6.66789
-6.66022
-6.64901
-6.63895
-6.62716
-6.62279
-6.62244
-6.62749
-6.63395
-6.64018
-6.64214
-6.64267
-6.63904
-6.62879
-6.61743
-6.605
-6.59127
-6.58386
-6.58561
-6.59895
-6.62308
-6.65502
-6.68817
-6.71767
-6.74269
-6.76216
-6.76887
-6.77109
-6.76963
-6.76443
-6.76139
-6.75766
-6.75691
-6.75399
-6.75033
-6.74398
-6.73453
-6.71736
-6.69506
-6.66992
-6.64674
-6.62498
-6.60674
-6.5972
-6.59398
-6.59741
-6.6072
-6.61854
-6.6315
-6.64475
-6.65479
-6.66573
-6.67359
-6.67909
-6.6839
-6.68696
-6.68961
-6.68912
-6.68725
-6.68471
-6.68007
-6.67431
-6.67085
-6.66558
-6.65866
-6.65411
-6.65263
-6.64924
-6.64906
-6.64758
-6.64565
-6.64295
-6.63873
-6.63681
-6.63886
-6.64749
-6.66224
-6.68027
-6.69701
-6.71427
-6.72432
-6.73309
-6.7389
-6.74063
-6.74221
-6.73976
-6.7347
-6.73156
-6.72655
-6.72126
-6.71617
-6.71062
-6.69939
-6.68669
-6.67034
-6.65293
-6.64175
-6.63749
-6.64411
-6.65361
-6.66717
-6.67991
-6.68848
-6.69714
-6.70334
-6.70676
-6.7073
-6.70485
-6.70076
-6.69566
-6.6891
-6.67877
-6.66871
-6.65386
-6.63739
-6.6163
-6.59398
-6.57435
-6.55975
-6.5538
-6.55445
-6.55979
-6.56798
-6.5793
-6.59034
-6.60001
-6.60539
-6.60605
-6.60469
-6.5975
-6.59125
-6.58451
-6.58676
-6.59073
-6.60038
-6.61371
-6.62967
-6.64292
-6.65503
-6.66174
-6.6639
-6.66045
-6.6552
-6.64563
-6.63429
-6.62113
-6.60952
-6.59637
-6.59121
-6.58907
-6.59249
-6.59789
-6.60272
-6.60631
-6.61049
-6.61657
-6.62161
-6.62559
-6.63105
-6.63113
-6.62811
-6.62467
-6.62265
-6.62449
-6.63155
-6.6458
-6.66557
-6.68405
-6.69838
-6.70726
-6.70815
-6.69867
-6.68143
-6.65756
-6.62976
-6.60019
-6.56895
-6.54073
-6.51763
-6.50171
-6.49185
-6.49257
-6.50218
-6.51845
-6.53844
-6.55828
-6.57888
-6.59593
-6.60916
-6.61748
-6.62401
-6.6262
-6.62524
-6.61872
-6.61024
-6.59736
-6.58291
-6.56847
-6.55803
-6.55409
-6.55951
-6.56937
-6.59017
-6.61351
-6.63804
-6.65669
-6.67314
-6.68089
-6.68248
-6.68114
-6.67759
-6.67185
-6.66295
-6.65186
-6.63484
-6.61545
-6.59748
-6.57927
-6.5633
-6.55442
-6.54985
-6.55365
-6.56031
-6.57303
-6.59111
-6.60709
-6.62274
-6.63451
-6.64333
-6.64843
-6.6479
-6.64321
-6.63591
-6.62462
-6.61518
-6.60844
-6.60381
-6.60093
-6.60404
-6.60951
-6.61557
-6.62476
-6.63692
-6.64575
-6.65121
-6.655
-6.65171
-6.64742
-6.63831
-6.63002
-6.61796
-6.6028
-6.58445
-6.56631
-6.5475
-6.53438
-6.52611
-6.52703
-6.53855
-6.55675
-6.57667
-6.5977
-6.61606
-6.62959
-6.63458
-6.63398
-6.62755
-6.61996
-6.611
-6.60404
-6.60093
-6.60587
-6.61864
-6.63623
-6.65507
-6.67343
-6.68694
-6.69149
-6.68985
-6.68414
-6.67114
-6.6517
-6.62972
-6.60894
-6.58953
-6.57047
-6.55333
-6.53503
-6.51361
-6.49043
-6.46896
-6.44999
-6.44111
-6.44263
-6.45787
-6.48189
-6.51538
-6.55271
-6.58866
-6.62338
-6.65178
-6.67639
-6.69502
-6.70872
-6.72235
-6.72576
-6.72763
-6.72241
-6.71295
-6.69752
-6.67945
-6.65582
-6.62901
-6.60352
-6.58061
-6.56323
-6.55476
-6.55316
-6.55969
-6.56717
-6.57285
-6.57849
-6.57919
-6.58128
-6.58024
-6.58063
-6.58565
-6.5926
-6.60039
-6.60971
-6.62103
-6.63097
-6.64162
-6.65294
-6.65717
-6.66355
-6.66117
-6.6616
-6.66059
-6.65974
-6.65833
-6.65519
-6.64846
-6.64199
-6.63546
-6.62515
-6.61656
-6.60698
-6.5967
-6.58852
-6.58111
-6.57897
-6.58433
-6.59538
-6.60926
-6.62349
-6.63412
-6.63317
-6.62971
-6.62197
-6.61165
-6.60689
-6.60984
-6.61856
-6.63305
-6.65202
-6.67294
-6.69215
-6.7067
-6.71487
-6.71479
-6.70613
-6.69047
-6.66927
-6.64525
-6.62609
-6.61212
-6.59829
-6.59273
-6.59142
-6.59352
-6.60002
-6.6076
-6.61323
-6.61859
-6.61604
-6.61085
-6.60234
-6.58994
-6.57763
-6.56379
-6.55118
-6.53898
-6.52766
-6.52079
-6.51078
-6.50637
-6.50524
-6.50728
-6.51386
-6.52186
-6.53158
-6.54682
-6.55936
-6.57181
-6.58046
-6.58727
-6.59176
-6.5933
-6.59528
-6.59666
-6.60125
-6.60564
-6.61036
-6.61573
-6.62123
-6.62498
-6.63078
-6.63545
-6.6373
-6.64348
-6.6472
-6.6515
-6.65868
-6.66213
-6.66488
-6.66546
-6.66063
-6.65125
-6.64346
-6.63401
-6.62078
-6.6151
-6.61182
-6.61248
-6.61651
-6.62787
-6.63838
-6.64958
-6.657
-6.6591
-6.6582
-6.65407
-6.64704
-6.63625
-6.62705
-6.62132
-6.61811
-6.61494
-6.61344
-6.60762
-6.59882
-6.58918
-6.57712
-6.5618
-6.54507
-6.52517
-6.51138
-6.50589
-6.51084
-6.52572
-6.54555
-6.56782
-6.5914
-6.6125
-6.62896
-6.64298
-6.64911
-6.65095
-6.64826
-6.63871
-6.6268
-6.61229
-6.59678
-6.58072
-6.56615
-6.55665
-6.55136
-6.55982
-6.57053
-6.59259
-6.62104
-6.64786
-6.66975
-6.6825
-6.68603
-6.68016
-6.66229
-6.64002
-6.6119
-6.57957
-6.5508
-6.53045
-6.51448
-6.50716
-6.50979
-6.519
-6.53625
-6.55879
-6.58476
-6.61329
-6.63697
-6.65243
-6.65749
-6.64855
-6.63182
-6.60932
-6.58826
-6.56938
-6.55756
-6.55591
-6.56505
-6.58276
-6.60904
-6.63692
-6.66495
-6.69123
-6.71323
-6.72442
-6.72484
-6.71981
-6.70806
-6.69197
-6.67434
-6.66362
-6.65727
-6.65259
-6.65017
-6.64514
-6.64014
-6.6318
-6.62295
-6.61207
-6.60086
-6.592
-6.58767
-6.58723
-6.5869
-6.58717
-6.58876
-6.58959
-6.58694
-6.58214
-6.5828
-6.58392
-6.58657
-6.59457
-6.60727
-6.62271
-6.6415
-6.6571
-6.67235
-6.67923
-6.67643
-6.66545
-6.64472
-6.62186
-6.59676
-6.56968
-6.54349
-6.53001
-6.52454
-6.52549
-6.53554
-6.55378
-6.57535
-6.60389
-6.62705
-6.64342
-6.65442
-6.65331
-6.64378
-6.6301
-6.61732
-6.60846
-6.6074
-6.61028
-6.61743
-6.63081
-6.64098
-6.65021
-6.64824
-6.64305
-6.63293
-6.61929
-6.60767
-6.59566
-6.58976
-6.59325
-6.60484
-6.62251
-6.64584
-6.66912
-6.69053
-6.70331
-6.70589
-6.69454
-6.67167
-6.6438
-6.61463
-6.59018
-6.56934
-6.5573
-6.55281
-6.55486
-6.56628
-6.58162
-6.60083
-6.61795
-6.63336
-6.6391
-6.63706
-6.62748
-6.61249
-6.59107
-6.57042
-6.55407
-6.54339
-6.54582
-6.55529
-6.56977
-6.58978
-6.61451
-6.64424
-6.67107
-6.69963
-6.71823
-6.72623
-6.72762
-6.71992
-6.70566
-6.68175
-6.65123
-6.62134
-6.59124
-6.56192
-6.53921
-6.51533
-6.50046
-6.48871
-6.48868
-6.49854
-6.51981
-6.55266
-6.59678
-6.64669
-6.69438
-6.73568
-6.7675
-6.7854
-6.79025
-6.78059
-6.76131
-6.72869
-6.69379
-6.65162
-6.61377
-6.58398
-6.56495
-6.55492
-6.55579
-6.56321
-6.57686
-6.59189
-6.60407
-6.61098
-6.6129
-6.61194
-6.60426
-6.59365
-6.57972
-6.56627
-6.54467
-6.52112
-6.49759
-6.4734
-6.45036
-6.43751
-6.43471
-6.4438
-6.46371
-6.48966
-6.52132
-6.55319
-6.58074
-6.60139
-6.61537
-6.62354
-6.62337
-6.61976
-6.61362
-6.60743
-6.60269
-6.59575
-6.5923
-6.59359
-6.59855
-6.60567
-6.61866
-6.63516
-6.65327
-6.67137
-6.68715
-6.70042
-6.70928
-6.71637
-6.71881
-6.7211
-6.72158
-6.72409
-6.72884
-6.73112
-6.73207
-6.7271
-6.71681
-6.69228
-6.66126
-6.63041
-6.59978
-6.57424
-6.55428
-6.54308
-6.54047
-6.54179
-6.54846
-6.55547
-6.56227
-6.57034
-6.57395
-6.57792
-6.58293
-6.58558
-6.59131
-6.59507
-6.59719
-6.59367
-6.58823
-6.58127
-6.56936
-6.55723
-6.54125
-6.52884
-6.51813
-6.51299
-6.50941
-6.51013
-6.51481
-6.52368
-6.53217
-6.54329
-6.55666
-6.56978
-6.58252
-6.59475
-6.60651
-6.61926
-6.63094
-6.64308
-6.65205
-6.66207
-6.67074
-6.67686
-6.68004
-6.67884
-6.6762
-6.66931
-6.65922
-6.64555
-6.63211
-6.6182
-6.60583
-6.5927
-6.58664
-6.58455
-6.58161
-6.58123
-6.58354
-6.58771
-6.59357
-6.59697
-6.5998
-6.60466
-6.60781
-6.61569
-6.62776
-6.64431
-6.66324
-6.68241
-6.69727
-6.70693
-6.70572
-6.69897
-6.68516
-6.66216
-6.63496
-6.60814
-6.58372
-6.56573
-6.55753
-6.5614
-6.57495
-6.59601
-6.62207
-6.64806
-6.66756
-6.67793
-6.67635
-6.6685
-6.65594
-6.64393
-6.62962
-6.61268
-6.59456
-6.57863
-6.56403
-6.55898
-6.56081
-6.57213
-6.5876
-6.60262
-6.6182
-6.63188
-6.63899
-6.64186
-6.64156
-6.6407
-6.6391
-6.6387
-6.63742
-6.63022
-6.62026
-6.60425
-6.58442
-6.56381
-6.54721
-6.53976
-6.5442
-6.56002
-6.58317
-6.60453
-6.6234
-6.63629
-6.64035
-6.63758
-6.628
-6.61049
-6.59131
-6.56633
-6.54156
-6.52213
-6.51109
-6.51352
-6.52673
-6.5485
-6.57582
-6.60646
-6.63453
-6.65948
-6.67958
-6.69274
-6.69879
-6.69705
-6.68633
-6.66758
-6.63938
-6.60892
-6.57349
-6.54376
-6.51867
-6.50146
-6.48926
-6.47657
-6.46366
-6.4587
-6.45722
-6.46626
-6.48836
-6.51849
-6.55236
-6.58839
-6.62139
-6.64705
-6.66486
-6.67609
-6.68156
-6.68318
-6.68028
-6.67697
-6.67017
-6.66384
-6.65614
-6.64768
-6.64349
-6.64152
-6.64485
-6.65495
-6.66601
-6.67861
-6.69027
-6.70183
-6.70814
-6.70595
-6.69429
-6.67311
-6.6412
-6.60035
-6.55874
-6.51926
-6.48909
-6.47494
-6.47932
-6.50317
-6.53798
-6.57669
-6.61226
-6.63759
-6.65109
-6.65427
-6.64574
-6.62933
-6.60987
-6.58716
-6.55956
-6.53256
-6.50554
-6.48586
-6.4702
-6.46501
-6.47107
-6.48706
-6.5125
-6.54489
-6.57793
-6.60858
-6.63388
-6.65343
-6.66675
-6.6732
-6.67746
-6.67829
-6.67945
-6.67747
-6.66726
-6.6603
-6.6504
-6.63772
-6.62161
-6.60868
-6.59785
-6.58924
-6.5886
-6.59184
-6.60314
-6.62247
-6.64544
-6.66519
-6.67948
-6.68344
-6.68339
-6.67542
-6.66075
-6.63561
-6.60743
-6.57739
-6.55112
-6.53119
-6.51732
-6.51972
-6.53563
-6.55625
-6.58088
-6.60097
-6.6141
-6.61785
-6.61174
-6.60414
-6.60408
-6.61996
-6.64793
-6.68207
-6.71691
-6.74229
-6.76065
-6.77112
-6.77164
-6.76753
-6.75737
-6.74405
-6.73139
-6.71503
-6.69963
-6.68119
-6.65981
-6.63609
-6.61238
-6.58679
-6.56274
-6.54482
-6.53067
-6.52114
-6.52147
-6.52929
-6.54126
-6.55598
-6.56955
-6.57567
-6.57724
-6.57526
-6.5679
-6.55601
-6.54596
-6.53283
-6.52247
-6.51623
-6.51833
-6.52893
-6.55303
-6.58488
-6.62356
-6.66332
-6.69486
-6.71885
-6.72869
-6.72382
-6.7035
-6.67372
-6.63494
-6.59685
-6.56205
-6.53715
-6.51885
-6.5085
-6.50558
-6.51115
-6.51905
-6.53336
-6.55415
-6.5781
-6.59992
-6.62161
-6.63794
-6.65075
-6.66063
-6.66358
-6.66654
-6.66665
-6.66887
-6.6716
-6.67897
-6.68518
-6.69284
-6.70191
-6.71173
-6.72332
-6.72836
-6.72954
-6.72454
-6.71495
-6.70427
-6.69095
-6.68065
-6.67032
-6.65851
-6.6499
-6.64016
-6.62678
-6.60723
-6.58269
-6.55489
-6.52375
-6.49723
-6.47441
-6.45995
-6.4519
-6.45455
-6.46371
-6.47973
-6.49893
-6.51796
-6.54046
-6.55771
-6.57876
-6.59439
-6.60863
-6.62005
-6.6279
-6.6347
-6.63968
-6.64458
-6.64748
-6.65079
-6.65112
-6.65286
-6.65737
-6.6619
-6.66558
-6.66885
-6.66917
-6.66866
-6.66348
-6.65522
-6.64621
-6.63254
-6.61308
-6.5973
-6.5818
-6.56953
-6.56354
-6.56467
-6.57315
-6.58946
-6.61186
-6.635
-6.65841
-6.67537
-6.68796
-6.68961
-6.68059
-6.66477
-6.64746
-6.63048
-6.62232
-6.62321
-6.631
-6.64373
-6.66336
-6.68067
-6.6983
-6.71338
-6.72813
-6.73531
-6.74099
-6.74338
-6.74047
-6.73728
-6.72605
-6.71234
-6.69412
-6.67328
-6.65247
-6.63065
-6.61068
-6.58979
-6.57187
-6.55805
-6.54952
-6.54616
-6.54724
-6.55706
-6.56871
-6.5803
-6.59332
-6.61
-6.62232
-6.63408
-6.64424
-6.64786
-6.64873
-6.64496
-6.64086
-6.63944
-6.63861
-6.63627
-6.63834
-6.64184
-6.64802
-6.65468
-6.66515
-6.67719
-6.69064
-6.70263
-6.71418
-6.72179
-6.7256
-6.72156
-6.71846
-6.71053
-6.70013
-6.69272
-6.69074
-6.69785
-6.70716
-6.71774
-6.72707
-6.73144
-6.73395
-6.7298
-6.7201
-6.70258
-6.68071
-6.65534
-6.63071
-6.60783
-6.59426
-6.58726
-6.58661
-6.59043
-6.5975
-6.60859
-6.62188
-6.63609
-6.64927
-6.65575
-6.6555
-6.6474
-6.62948
-6.6063
-6.58394
-6.56211
-6.54755
-6.54101
-6.54513
-6.5558
-6.56833
-6.58345
-6.60341
-6.62435
-6.64768
-6.67263
-6.69662
-6.71725
-6.73136
-6.73523
-6.72962
-6.71173
-6.68346
-6.65021
-6.61679
-6.58993
-6.57103
-6.56351
-6.56957
-6.58412
-6.60356
-6.62566
-6.64702
-6.66468
-6.67709
-6.68709
-6.69594
-6.70418
-6.71145
-6.71384
-6.71431
-6.71513
-6.71687
-6.71389
-6.7068
-6.70117
-6.69104
-6.67844
-6.66892
-6.65667
-6.64238
-6.63016
-6.61768
-6.6084
-6.60473
-6.60892
-6.61759
-6.63096
-6.64897
-6.66826
-6.6868
-6.70402
-6.7185
-6.72842
-6.73153
-6.72782
-6.71774
-6.70594
-6.68962
-6.67268
-6.65281
-6.63471
-6.61425
-6.59514
-6.57619
-6.56123
-6.54857
-6.53695
-6.52921
-6.52515
-6.5265
-6.53467
-6.54699
-6.56671
-6.59021
-6.61884
-6.64523
-6.66749
-6.68499
-6.69285
-6.70045
-6.70324
-6.70412
-6.70567
-6.7093
-6.7142
-6.71886
-6.72461
-6.72768
-6.73033
-6.72732
-6.71935
-6.70156
-6.67976
-6.65259
-6.62145
-6.58848
-6.5624
-6.54381
-6.53916
-6.54526
-6.55965
-6.58141
-6.6001
-6.61504
-6.6266
-6.63429
-6.639
-6.64358
-6.65273
-6.66195
-6.67058
-6.68078
-6.69197
-6.70018
-6.70555
-6.70806
-6.70934
-6.70594
-6.70377
-6.70477
-6.70442
-6.70711
-6.70676
-6.70453
-6.70123
-6.69178
-6.67971
-6.66563
-6.65109
-6.63902
-6.63056
-6.62446
-6.62068
-6.62125
-6.62262
-6.62293
-6.62228
-6.62175
-6.62055
-6.61376
-6.60637
-6.59565
-6.5887
-6.58187
-6.57972
-6.58004
-6.58719
-6.59517
-6.60203
-6.60784
-6.6133
-6.62399
-6.63368
-6.64269
-6.65282
-6.66575
-6.67315
-6.67957
-6.68099
-6.68221
-6.68267
-6.68386
-6.68916
-6.695
-6.70095
-6.70193
-6.70012
-6.69577
-6.68401
-6.67588
-6.66835
-6.66265
-6.66774
-6.67886
-6.69683
-6.7212
-6.74051
-6.75351
-6.7597
-6.75021
-6.73356
-6.70848
-6.68072
-6.65573
-6.6344
-6.62033
-6.61551
-6.61771
-6.6252
-6.64086
-6.65496
-6.66798
-6.67335
-6.67308
-6.66744
-6.65876
-6.64733
-6.64089
-6.64255
-6.64831
-6.65598
-6.66943
-6.6854
-6.69636
-6.7055
-6.7107
-6.71116
-6.70917
-6.70474
-6.69804
-6.68947
-6.68133
-6.67194
-6.66158
-6.64917
-6.63322
-6.61968
-6.61138
-6.60969
-6.61137
-6.61542
-6.62174
-6.62277
-6.61788
-6.60944
-6.59613
-6.58558
-6.57903
-6.58041
-6.59042
-6.60619
-6.62714
-6.6465
-6.66377
-6.67711
-6.68509
-6.68949
-6.68989
-6.68375
-6.67497
-6.65901
-6.6467
-6.63688
-6.63248
-6.63754
-6.64977
-6.67132
-6.69992
-6.7308
-6.76256
-6.78612
-6.80301
-6.80821
-6.79914
-6.77669
-6.74305
-6.70165
-6.65681
-6.61767
-6.58931
-6.57329
-6.56606
-6.565
-6.56634
-6.56668
-6.56693
-6.56214
-6.55395
-6.54373
-6.53674
-6.54134
-6.55742
-6.58705
-6.62354
-6.66372
-6.70176
-6.73468
-6.76421
-6.78526
-6.80024
-6.80468
-6.79642
-6.77697
-6.74016
-6.69151
-6.63419
-6.5766
-6.52196
-6.48353
-6.46294
-6.4606
-6.47994
-6.51735
-6.56939
-6.62614
-6.68046
-6.72755
-6.76201
-6.78692
-6.79825
-6.79972
-6.78987
-6.77094
-6.74874
-6.72087
-6.68958
-6.66182
-6.63633
-6.6196
-6.60954
-6.60413
-6.60767
-6.61639
-6.62911
-6.6457
-6.66107
-6.67244
-6.6854
-6.69689
-6.70979
-6.72112
-6.73211
-6.73673
-6.73145
-6.71961
-6.69859
-6.67125
-6.64269
-6.61815
-6.6017
-6.59137
-6.58713
-6.58431
-6.57963
-6.57826
-6.57667
-6.58011
-6.58729
-6.60205
-6.62243
-6.64822
-6.68187
-6.7159
-6.74624
-6.76952
-6.78564
-6.79478
-6.7955
-6.78882
-6.77107
-6.74543
-6.7098
-6.6629
-6.61269
-6.56408
-6.52103
-6.49255
-6.48429
-6.4971
-6.52724
-6.57096
-6.62631
-6.67842
-6.72892
-6.76508
-6.78856
-6.79805
-6.79385
-6.77965
-6.75266
-6.71991
-6.68125
-6.64747
-6.61607
-6.59062
-6.56888
-6.55285
-6.54551
-6.53818
-6.5379
-6.54376
-6.55189
-6.56353
-6.5785
-6.59934
-6.62263
-6.64604
-6.66844
-6.68894
-6.70355
-6.71149
-6.71367
-6.70859
-6.70259
-6.69841
-6.69116
-6.68553
-6.68244
-6.68004
-6.67576
-6.66831
-6.66108
-6.65187
-6.63834
-6.61793
-6.59838
-6.58236
-6.57561
-6.57816
-6.59508
-6.62234
-6.65638
-6.69051
-6.72479
-6.74762
-6.76003
-6.76021
-6.75126
-6.73401
-6.71223
-6.68745
-6.66496
-6.6461
-6.62562
-6.60534
-6.58624
-6.5684
-6.55516
-6.54754
-6.54547
-6.55079
-6.56412
-6.58142
-6.60474
-6.62887
-6.64475
-6.65828
-6.66723
-6.6727
-6.67702
-6.68144
-6.68593
-6.68997
-6.69312
-6.70106
-6.70918
-6.72449
-6.73735
-6.75115
-6.76301
-6.76986
-6.77083
-6.76243
-6.75379
-6.73476
-6.71077
-6.68394
-6.6556
-6.6309
-6.61043
-6.59492
-6.58799
-6.58618
-6.58879
-6.59113
-6.59098
-6.5913
-6.59167
-6.59881
-6.60547
-6.61729
-6.62921
-6.63821
-6.64454
-6.65073
-6.65766
-6.66257
-6.67075
-6.67932
-6.68625
-6.69278
-6.69564
-6.69452
-6.69133
-6.68419
-6.6747
-6.6649
-6.65522
-6.64212
-6.6314
-6.62092
-6.61636
-6.61272
-6.60982
-6.6099
-6.61357
-6.61708
-6.62708
-6.64435
-6.66338
-6.68772
-6.71032
-6.73213
-6.75483
-6.77366
-6.78621
-6.79325
-6.78753
-6.77555
-6.75522
-6.73392
-6.71198
-6.6909
-6.67562
-6.66196
-6.65219
-6.64132
-6.63697
-6.63785
-6.64159
-6.64639
-6.6488
-6.64926
-6.6466
-6.63766
-6.6266
-6.61231
-6.60259
-6.59037
-6.57886
-6.56702
-6.55728
-6.5501
-6.54448
-6.54772
-6.55339
-6.56995
-6.59167
-6.61692
-6.64022
-6.6536
-6.6567
-6.65106
-6.63526
-6.61622
-6.59684
-6.58451
-6.57922
-6.57993
-6.58676
-6.5948
-6.60168
-6.60835
-6.6248
-6.64996
-6.68477
-6.71843
-6.74495
-6.75715
-6.75989
-6.7572
-6.7502
-6.74358
-6.73858
-6.73194
-6.72928
-6.72411
-6.72057
-6.71268
-6.7056
-6.69686
-6.69023
-6.68287
-6.67426
-6.6627
-6.65003
-6.63868
-6.63149
-6.62829
-6.63368
-6.64453
-6.65844
-6.67252
-6.68602
-6.69574
-6.69998
-6.69984
-6.6972
-6.69045
-6.67706
-6.65898
-6.64205
-6.62178
-6.60559
-6.59386
-6.59295
-6.6012
-6.61669
-6.63486
-6.65461
-6.67035
-6.68278
-6.68824
-6.687
-6.68077
-6.66674
-6.65125
-6.63134
-6.61014
-6.59192
-6.57693
-6.56958
-6.56809
-6.5749
-6.58764
-6.60412
-6.62345
-6.63817
-6.65419
-6.66671
-6.67379
-6.67894
-6.68135
-6.68336
-6.68327
-6.67816
-6.66788
-6.65216
-6.63384
-6.61384
-6.60002
-6.59277
-6.59496
-6.60544
-6.62041
-6.63939
-6.65841
-6.67334
-6.68345
-6.6884
-6.69057
-6.69305
-6.69742
-6.70033
-6.7044
-6.70422
-6.70355
-6.70404
-6.70331
-6.70016
-6.70054
-6.7039
-6.70388
-6.70575
-6.70751
-6.70613
-6.70326
-6.69643
-6.69124
-6.6847
-6.68353
-6.68443
-6.68515
-6.68569
-6.68588
-6.68508
-6.68338
-6.67836
-6.67459
-6.66841
-6.66183
-6.64969
-6.63165
-6.60944
-6.58616
-6.55848
-6.53164
-6.51227
-6.5012
-6.5039
-6.52167
-6.5505
-6.59045
-6.62937
-6.66685
-6.69581
-6.71669
-6.7261
-6.72697
-6.72306
-6.71457
-6.70889
-6.70072
-6.6979
-6.70135
-6.70512
-6.71552
-6.72318
-6.72665
-6.72423
-6.71161
-6.69238
-6.67021
-6.64926
-6.63326
-6.62198
-6.61136
-6.608
-6.60566
-6.60273
-6.60343
-6.60561
-6.61145
-6.62296
-6.63813
-6.65386
-6.67022
-6.67864
-6.67991
-6.67417
-6.66456
-6.65167
-6.63866
-6.63119
-6.6305
-6.63623
-6.64433
-6.65524
-6.66411
-6.6683
-6.67452
-6.68266
-6.69383
-6.70774
-6.72126
-6.73199
-6.73827
-6.7406
-6.73845
-6.73086
-6.7206
-6.70657
-6.69301
-6.68025
-6.67057
-6.66104
-6.65788
-6.65912
-6.66525
-6.67906
-6.69419
-6.70656
-6.72424
-6.73392
-6.73437
-6.72442
-6.7023
-6.67316
-6.63968
-6.60262
-6.5671
-6.54011
-6.52491
-6.51947
-6.52267
-6.53041
-6.54378
-6.55943
-6.57832
-6.5979
-6.61746
-6.63722
-6.65689
-6.6742
-6.68867
-6.70285
-6.71575
-6.72247
-6.72958
-6.73334
-6.73406
-6.73402
-6.73375
-6.73007
-6.72431
-6.71327
-6.69893
-6.67808
-6.65947
-6.64874
-6.64068
-6.63614
-6.63297
-6.62284
-6.61303
-6.60066
-6.59315
-6.58618
-6.58464
-6.58854
-6.59718
-6.60925
-6.62435
-6.63581
-6.65023
-6.66586
-6.67816
-6.69162
-6.69937
-6.70318
-6.70068
-6.69549
-6.68802
-6.67821
-6.67114
-6.66667
-6.6654
-6.66697
-6.67546
-6.68613
-6.6938
-6.69916
-6.70433
-6.70828
-6.70974
-6.70815
-6.70377
-6.6949
-6.68268
-6.66738
-6.65032
-6.63483
-6.62143
-6.61359
-6.6072
-6.60595
-6.60706
-6.60436
-6.60574
-6.60891
-6.61357
-6.61778
-6.62121
-6.62816
-6.63243
-6.64098
-6.65357
-6.66731
-6.67936
-6.68752
-6.68788
-6.67993
-6.66239
-6.64054
-6.61564
-6.59701
-6.58743
-6.5888
-6.6012
-6.62639
-6.65972
-6.69636
-6.72982
-6.75644
-6.77562
-6.78599
-6.78871
-6.78292
-6.76642
-6.74382
-6.7136
-6.6832
-6.65236
-6.62662
-6.60974
-6.6037
-6.60434
-6.61135
-6.62265
-6.63541
-6.64881
-6.66039
-6.67323
-6.68517
-6.6967
-6.7062
-6.71358
-6.71101
-6.70027
-6.68069
-6.65896
-6.63561
-6.61375
-6.59349
-6.57862
-6.5713
-6.57304
-6.57778
-6.59204
-6.60816
-6.62861
-6.64894
-6.66435
-6.67625
-6.68283
-6.68817
-6.69549
-6.70031
-6.71167
-6.72623
-6.74428
-6.76154
-6.77684
-6.78654
-6.78977
-6.78524
-6.77032
-6.74709
-6.71721
-6.68644
-6.65143
-6.61781
-6.58481
-6.5559
-6.52856
-6.51137
-6.50345
-6.50311
-6.51357
-6.53304
-6.5596
-6.59189
-6.62542
-6.66069
-6.69204
-6.71598
-6.73456
-6.74745
-6.75521
-6.75479
-6.75301
-6.74838
-6.73994
-6.73179
-6.72551
-6.71658
-6.71217
-6.71226
-6.71463
-6.72389
-6.73563
-6.7505
-6.76273
-6.77211
-6.77801
-6.77524
-6.76167
-6.73774
-6.70497
-6.66636
-6.62734
-6.58977
-6.55994
-6.53361
-6.51672
-6.506
-6.5002
-6.49926
-6.50358
-6.51329
-6.52711
-6.54527
-6.5717
-6.6033
-6.63966
-6.67584
-6.71076
-6.73901
-6.76149
-6.77852
-6.78908
-6.79444
-6.78939
-6.77843
-6.75732
-6.72811
-6.695
-6.66102
-6.62572
-6.59368
-6.56731
-6.54937
-6.54036
-6.5462
-6.56778
-6.60581
-6.65576
-6.71038
-6.76387
-6.81292
-6.84635
-6.86778
-6.87638
-6.87176
-6.85754
-6.83305
-6.80124
-6.76474
-6.73045
-6.69824
-6.66852
-6.64092
-6.62433
-6.61753
-6.62793
-6.64775
-6.67055
-6.6941
-6.71388
-6.72621
-6.73193
-6.73621
-6.73636
-6.73544
-6.73365
-6.72967
-6.72165
-6.71119
-6.69629
-6.67877
-6.65713
-6.63528
-6.61431
-6.59804
-6.58637
-6.57904
-6.57752
-6.5816
-6.58609
-6.59049
-6.6003
-6.61726
-6.63979
-6.66703
-6.70045
-6.73068
-6.75709
-6.77769
-6.7917
-6.79364
-6.78393
-6.76997
-6.75067
-6.72891
-6.70724
-6.68507
-6.66085
-6.63803
-6.61977
-6.60828
-6.6047
-6.61044
-6.62086
-6.63581
-6.647
-6.6607
-6.66845
-6.67085
-6.67246
-6.6692
-6.66573
-6.66187
-6.66193
-6.66027
-6.65776
-6.65601
-6.65761
-6.65863
-6.66161
-6.66519
-6.66664
-6.66858
-6.67092
-6.67477
-6.68208
-6.69171
-6.70163
-6.70812
-6.71092
-6.7106
-6.708
-6.7039
-6.69765
-6.6863
-6.67277
-6.66358
-6.65509
-6.65161
-6.64813
-6.64342
-6.63791
-6.62799
-6.61407
-6.60208
-6.5854
-6.57231
-6.56373
-6.56089
-6.56851
-6.58473
-6.6077
-6.63727
-6.66819
-6.70184
-6.73521
-6.76192
-6.7862
-6.80529
-6.81531
-6.81873
-6.81572
-6.80644
-6.79074
-6.77469
-6.76055
-6.74321
-6.72809
-6.71372
-6.69819
-6.68302
-6.66967
-6.65821
-6.6495
-6.64378
-6.63918
-6.63334
-6.62556
-6.61405
-6.6048
-6.5968
-6.58914
-6.58214
-6.57473
-6.56936
-6.56251
-6.55754
-6.55263
-6.55022
-6.55297
-6.56596
-6.58633
-6.61779
-6.65526
-6.69435
-6.72891
-6.75483
-6.77387
-6.7799
-6.77937
-6.76852
-6.75123
-6.73536
-6.71618
-6.69848
-6.68195
-6.66786
-6.65692
-6.64638
-6.63681
-6.62996
-6.62694
-6.62536
-6.63187
-6.64159
-6.6565
-6.67167
-6.68999
-6.70898
-6.72664
-6.74297
-6.75371
-6.76095
-6.76107
-6.75662
-6.75076
-6.74675
-6.74398
-6.7424
-6.74069
-6.7397
-6.73576
-6.72704
-6.71669
-6.70721
-6.69529
-6.68366
-6.67282
-6.66791
-6.66543
-6.66634
-6.66902
-6.66719
-6.66369
-6.65606
-6.64436
-6.62981
-6.61399
-6.5968
-6.58557
-6.57866
-6.57912
-6.58577
-6.59776
-6.61249
-6.62999
-6.64697
-6.66288
-6.67611
-6.68585
-6.69281
-6.69631
-6.69723
-6.70189
-6.70493
-6.71121
-6.71944
-6.7241
-6.72873
-6.72991
-6.72906
-6.72217
-6.71359
-6.70374
-6.69372
-6.68165
-6.67355
-6.67079
-6.67024
-6.67345
-6.67275
-6.6709
-6.66571
-6.65852
-6.65248
-6.64888
-6.64629
-6.64516
-6.64613
-6.64876
-6.65208
-6.65335
-6.65171
-6.65008
-6.64618
-6.64341
-6.64334
-6.64455
-6.64594
-6.65165
-6.66031
-6.66692
-6.67527
-6.6869
-6.69751
-6.71146
-6.72515
-6.74011
-6.75657
-6.77656
-6.7953
-6.81362
-6.82016
-6.82162
-6.80901
-6.78691
-6.75864
-6.72453
-6.68511
-6.64957
-6.61765
-6.59232
-6.57751
-6.56733
-6.5648
-6.56188
-6.56162
-6.5644
-6.5699
-6.58181
-6.59651
-6.61583
-6.63872
-6.66277
-6.68422
-6.70891
-6.72974
-6.74574
-6.75645
-6.76246
-6.76288
-6.75862
-6.74843
-6.73801
-6.72518
-6.71296
-6.70156
-6.68726
-6.6782
-6.6693
-6.66464
-6.66819
-6.68095
-6.69738
-6.71658
-6.7328
-6.74232
-6.74366
-6.7326
-6.71757
-6.69549
-6.67118
-6.644
-6.62061
-6.60132
-6.58554
-6.58245
-6.58786
-6.60364
-6.62485
-6.65387
-6.68382
-6.71589
-6.74643
-6.76989
-6.78904
-6.80012
-6.8044
-6.79707
-6.7823
-6.75695
-6.72251
-6.67743
-6.62328
-6.56272
-6.50513
-6.45524
-6.42118
-6.40573
-6.41323
-6.44323
-6.49079
-6.55156
-6.62359
-6.69852
-6.76895
-6.82642
-6.86906
-6.8952
-6.90091
-6.88972
-6.86659
-6.83264
-6.79685
-6.76516
-6.73501
-6.7098
-6.69135
-6.67439
-6.65757
-6.63526
-6.61468
-6.59878
-6.58819
-6.58413
-6.59036
-6.60366
-6.61901
-6.63606
-6.65348
-6.66723
-6.6757
-6.68224
-6.6841
-6.68176
-6.67341
-6.66253
-6.64753
-6.63849
-6.63334
-6.62985
-6.6315
-6.63659
-6.64405
-6.65688
-6.67418
-6.69689
-6.72157
-6.7515
-6.77659
-6.79925
-6.81641
-6.81732
-6.80978
-6.78914
-6.75789
-6.71829
-6.67315
-6.62796
-6.58736
-6.5561
-6.536
-6.52941
-6.53258
-6.54778
-6.57138
-6.59826
-6.62804
-6.65715
-6.68229
-6.70353
-6.71726
-6.72495
-6.72322
-6.71725
-6.70216
-6.67986
-6.65065
-6.61931
-6.58402
-6.55836
-6.54298
-6.54917
-6.5733
-6.61265
-6.65605
-6.70108
-6.7345
-6.75576
-6.76475
-6.7616
-6.74869
-6.72902
-6.70403
-6.68089
-6.661
-6.65005
-6.6501
-6.65947
-6.67515
-6.69687
-6.71952
-6.74171
-6.7527
-6.76118
-6.76083
-6.75289
-6.7372
-6.72018
-6.7028
-6.69063
-6.68157
-6.67746
-6.67614
-6.67577
-6.67403
-6.67319
-6.67169
-6.66598
-6.6624
-6.65411
-6.6442
-6.63314
-6.62216
-6.61344
-6.60628
-6.60464
-6.60958
-6.61889
-6.63419
-6.65412
-6.67687
-6.69688
-6.71638
-6.73298
-6.74176
-6.74841
-6.74575
-6.73505
-6.71683
-6.6962
-6.67764
-6.65976
-6.64363
-6.63258
-6.6287
-6.62927
-6.63305
-6.63755
-6.64387
-6.64866
-6.65316
-6.65562
-6.65253
-6.64894
-6.64362
-6.63941
-6.636
-6.63656
-6.63756
-6.63964
-6.64228
-6.64364
-6.64361
-6.64893
-6.6552
-6.66307
-6.67314
-6.68974
-6.70249
-6.70921
-6.72084
-6.73032
-6.74211
-6.75457
-6.77274
-6.78726
-6.79536
-6.79469
-6.78545
-6.76908
-6.74177
-6.71428
-6.68619
-6.65674
-6.63283
-6.61434
-6.60745
-6.61049
-6.62368
-6.64207
-6.66239
-6.68183
-6.69619
-6.70441
-6.70721
-6.70283
-6.69438
-6.67999
-6.66751
-6.66048
-6.65169
-6.64473
-6.64164
-6.63845
-6.63571
-6.63281
-6.63576
-6.63847
-6.64578
-6.65425
-6.66272
-6.67024
-6.67905
-6.68811
-6.70029
-6.71585
-6.72664
-6.73586
-6.74746
-6.75732
-6.76156
-6.76173
-6.75542
-6.74351
-6.73119
-6.71367
-6.69396
-6.67648
-6.65923
-6.64637
-6.64026
-6.63927
-6.64441
-6.65346
-6.66228
-6.66664
-6.6627
-6.65078
-6.63272
-6.6095
-6.58911
-6.5761
-6.57576
-6.59031
-6.61774
-6.65877
-6.70007
-6.73808
-6.76646
-6.78582
-6.78949
-6.7811
-6.76161
-6.7362
-6.70605
-6.67667
-6.65105
-6.62705
-6.61158
-6.60331
-6.60118
-6.60351
-6.60815
-6.61517
-6.62115
-6.62958
-6.63214
-6.63557
-6.63809
-6.64023
-6.64367
-6.64925
-6.65885
-6.67129
-6.68478
-6.70173
-6.71949
-6.73726
-6.74981
-6.76161
-6.76941
-6.76457
-6.75386
-6.7337
-6.70827
-6.67592
-6.63836
-6.603
-6.57107
-6.5465
-6.53266
-6.527
-6.53491
-6.55313
-6.58193
-6.62196
-6.66896
-6.717
-6.76013
-6.80284
-6.83443
-6.85208
-6.85566
-6.84628
-6.82602
-6.7943
-6.7558
-6.7178
-6.68531
-6.66278
-6.64868
-6.64709
-6.64987
-6.65532
-6.66489
-6.67102
-6.67854
-6.67917
-6.67661
-6.67669
-6.67658
-6.68068
-6.68865
-6.69959
-6.71058
-6.71757
-6.72089
-6.71538
-6.70357
-6.68577
-6.66488
-6.64401
-6.62962
-6.62408
-6.62755
-6.639
-6.65199
-6.66688
-6.67531
-6.67517
-6.66754
-6.65743
-6.64545
-6.63533
-6.62958
-6.62714
-6.63123
-6.63781
-6.64679
-6.65234
-6.65516
-6.65869
-6.66416
-6.66383
-6.66362
-6.6601
-6.66
-6.66392
-6.6715
-6.68446
-6.69941
-6.7181
-6.73288
-6.74429
-6.75454
-6.76552
-6.77379
-6.7842
-6.79301
-6.80024
-6.80202
-6.79631
-6.78311
-6.75904
-6.72997
-6.69495
-6.66584
-6.6394
-6.61687
-6.59949
-6.58751
-6.58024
-6.5754
-6.5768
-6.58536
-6.5985
-6.61513
-6.63161
-6.6481
-6.66291
-6.67369
-6.67387
-6.66901
-6.65752
-6.64067
-6.6233
-6.61035
-6.60438
-6.61039
-6.6245
-6.64237
-6.65972
-6.67404
-6.68472
-6.68496
-6.67812
-6.66714
-6.65291
-6.64039
-6.6341
-6.62811
-6.62649
-6.62788
-6.63183
-6.63857
-6.65309
-6.67006
-6.68964
-6.71328
-6.73578
-6.75782
-6.76763
-6.77404
-6.77128
-6.76082
-6.74542
-6.7246
-6.70027
-6.67503
-6.64854
-6.625
-6.60709
-6.59516
-6.59558
-6.60103
-6.61216
-6.62811
-6.64797
-6.66784
-6.68735
-6.70436
-6.72067
-6.73184
-6.73665
-6.73894
-6.73937
-6.7374
-6.73361
-6.72901
-6.72181
-6.71506
-6.70848
-6.69886
-6.68648
-6.67624
-6.66076
-6.64322
-6.62719
-6.61009
-6.59576
-6.58053
-6.56796
-6.5586
-6.55692
-6.55607
-6.56244
-6.57493
-6.59062
-6.60793
-6.62743
-6.64891
-6.67164
-6.6953
-6.72014
-6.74946
-6.777
-6.79909
-6.81821
-6.82482
-6.82453
-6.81311
-6.79277
-6.76477
-6.73381
-6.70356
-6.67371
-6.64814
-6.63024
-6.61426
-6.60329
-6.5996
-6.59496
-6.59379
-6.59458
-6.59807
-6.60279
-6.60722
-6.61231
-6.61579
-6.62221
-6.62658
-6.63216
-6.64007
-6.64174
-6.64515
-6.64715
-6.64867
-6.64708
-6.64596
-6.65156
-6.65976
-6.67243
-6.68486
-6.69772
-6.70626
-6.70489
-6.699
-6.68995
-6.68013
-6.67401
-6.67239
-6.67481
-6.67858
-6.68394
-6.69329
-6.70554
-6.71752
-6.73202
-6.74547
-6.7526
-6.75475
-6.75054
-6.74104
-6.72593
-6.70642
-6.68534
-6.66798
-6.65334
-6.64575
-6.64696
-6.65778
-6.66944
-6.68006
-6.68468
-6.68402
-6.67815
-6.672
-6.66456
-6.65305
-6.64145
-6.63154
-6.62163
-6.61663
-6.61415
-6.6202
-6.6323
-6.65133
-6.67037
-6.68727
-6.70161
-6.70627
-6.70256
-6.68912
-6.66756
-6.64352
-6.61717
-6.59549
-6.57949
-6.57303
-6.5713
-6.57836
-6.58838
-6.60633
-6.63066
-6.65828
-6.68858
-6.71488
-6.73267
-6.73796
-6.73046
-6.71229
-6.68379
-6.6499
-6.61602
-6.58903
-6.57456
-6.57172
-6.58281
-6.60708
-6.63813
-6.67317
-6.70491
-6.7345
-6.75588
-6.76988
-6.77109
-6.7635
-6.74647
-6.72336
-6.6997
-6.67473
-6.65505
-6.63586
-6.62155
-6.60854
-6.5993
-6.59338
-6.59155
-6.59701
-6.6108
-6.63
-6.65239
-6.6742
-6.69023
-6.70358
-6.70825
-6.70836
-6.69897
-6.68283
-6.66407
-6.64285
-6.62634
-6.60845
-6.59508
-6.584
-6.57774
-6.57461
-6.57455
-6.57918
-6.58666
-6.59724
-6.6035
-6.60456
-6.60177
-6.59503
-6.5766
-6.55922
-6.54077
-6.52934
-6.53053
-6.54741
-6.57652
-6.61618
-6.6573
-6.69373
-6.72475
-6.74296
-6.74984
-6.74735
-6.73587
-6.72342
-6.71201
-6.70104
-6.6968
-6.70158
-6.71147
-6.72424
-6.73254
-6.73911
-6.73666
-6.72561
-6.71081
-6.68972
-6.66241
-6.63411
-6.60959
-6.58863
-6.5742
-6.56379
-6.5577
-6.55497
-6.55818
-6.56582
-6.57751
-6.58954
-6.60178
-6.61279
-6.62157
-6.62866
-6.63458
-6.64159
-6.65223
-6.66191
-6.67204
-6.68026
-6.6839
-6.68722
-6.68701
-6.68233
-6.67951
-6.67177
-6.65842
-6.64448
-6.62685
-6.61297
-6.60485
-6.60119
-6.6089
-6.62217
-6.63737
-6.65167
-6.66231
-6.66885
-6.66968
-6.66469
-6.65588
-6.64282
-6.6254
-6.60567
-6.58302
-6.56057
-6.54169
-6.53238
-6.53698
-6.55629
-6.58833
-6.62221
-6.65741
-6.68745
-6.70492
-6.71539
-6.71901
-6.71838
-6.71474
-6.71665
-6.71618
-6.72255
-6.73615
-6.75322
-6.77338
-6.79774
-6.82036
-6.84053
-6.85253
-6.85302
-6.84284
-6.81857
-6.77947
-6.72655
-6.6676
-6.60311
-6.54586
-6.50054
-6.46872
-6.45391
-6.45617
-6.46586
-6.48973
-6.52033
-6.55456
-6.58906
-6.62093
-6.64562
-6.66123
-6.66994
-6.66997
-6.66472
-6.65881
-6.6515
-6.6425
-6.63684
-6.63345
-6.63381
-6.63485
-6.63519
-6.63705
-6.63497
-6.62876
-6.62531
-6.62408
-6.6283
-6.63274
-6.64181
-6.65219
-6.66362
-6.67265
-6.67654
-6.67726
-6.67557
-6.66681
-6.65563
-6.63659
-6.61634
-6.59883
-6.58109
-6.56827
-6.56383
-6.5663
-6.57508
-6.58975
-6.60869
-6.63214
-6.65478
-6.6787
-6.70151
-6.72001
-6.73678
-6.75109
-6.76004
-6.76176
-6.75712
-6.74939
-6.73711
-6.72223
-6.70396
-6.68438
-6.66171
-6.6377
-6.61283
-6.58464
-6.55931
-6.5406
-6.53343
-6.5466
-6.57397
-6.60791
-6.63764
-6.66582
-6.68516
-6.69832
-6.7056
-6.70515
-6.70227
-6.69469
-6.68506
-6.67821
-6.67149
-6.66449
-6.65791
-6.65194
-6.64393
-6.63349
-6.62534
-6.6169
-6.61349
-6.61535
-6.62334
-6.63319
-6.64637
-6.65781
-6.66262
-6.65816
-6.6398
-6.61029
-6.57162
-6.53124
-6.49717
-6.47374
-6.46693
-6.47703
-6.50378
-6.54704
-6.59757
-6.65015
-6.69931
-6.74058
-6.77109
-6.78928
-6.79674
-6.79258
-6.78479
-6.77203
-6.75271
-6.72977
-6.70775
-6.68641
-6.66967
-6.65466
-6.64241
-6.62879
-6.61657
-6.60257
-6.59046
-6.58166
-6.57485
-6.57213
-6.56989
-6.56948
-6.57315
-6.57589
-6.57933
-6.58353
-6.58968
-6.59612
-6.60615
-6.61797
-6.63436
-6.65179
-6.66866
-6.68377
-6.6986
-6.70762
-6.71641
-6.71971
-6.71852
-6.71571
-6.70789
-6.69584
-6.68169
-6.66701
-6.65677
-6.6468
-6.64138
-6.63566
-6.63584
-6.63516
-6.63781
-6.6448
-6.6541
-6.66214
-6.66682
-6.66817
-6.66583
-6.65625
-6.64389
-6.62981
-6.61624
-6.604
-6.59169
-6.58675
-6.58721
-6.58846
-6.59844
-6.6108
-6.62474
-6.64143
-6.65741
-6.67199
-6.6797
-6.67864
-6.67203
-6.66381
-6.65261
-6.63885
-6.62974
-6.6269
-6.63163
-6.64086
-6.6544
-6.66721
-6.67638
-6.68138
-6.68334
-6.68401
-6.68532
-6.68992
-6.69426
-6.69982
-6.70283
-6.70454
-6.70035
-6.69644
-6.68961
-6.68245
-6.67797
-6.67494
-6.67612
-6.67501
-6.67244
-6.66818
-6.65737
-6.64556
-6.6268
-6.60402
-6.58603
-6.57165
-6.56167
-6.55945
-6.56665
-6.57414
-6.58496
-6.59944
-6.61733
-6.63596
-6.65666
-6.67946
-6.69965
-6.71741
-6.73113
-6.74421
-6.75529
-6.76138
-6.7625
-6.75476
-6.7414
-6.7203
-6.69546
-6.66644
-6.63815
-6.6104
-6.58865
-6.57493
-6.56823
-6.57369
-6.58752
-6.60196
-6.61651
-6.62283
-6.62375
-6.61795
-6.61233
-6.60488
-6.59911
-6.59378
-6.5889
-6.58798
-6.5905
-6.5944
-6.60144
-6.60977
-6.62472
-6.64063
-6.65838
-6.67415
-6.69049
-6.70163
-6.71162
-6.71429
-6.71381
-6.70825
-6.69576
-6.68626
-6.6753
-6.66761
-6.66899
-6.67525
-6.6847
-6.69961
-6.71751
-6.73497
-6.74632
-6.75361
-6.74966
-6.73849
-6.72094
-6.69446
-6.6659
-6.63836
-6.61776
-6.60529
-6.60318
-6.60617
-6.61716
-6.63047
-6.6485
-6.66592
-6.68299
-6.69709
-6.70685
-6.70944
-6.70498
-6.69561
-6.67647
-6.653
-6.62212
-6.58593
-6.55201
-6.52388
-6.50607
-6.50169
-6.50844
-6.52262
-6.54637
-6.57308
-6.59451
-6.6183
-6.63281
-6.64765
-6.65777
-6.66598
-6.67026
-6.67245
-6.66918
-6.66093
-6.65061
-6.64028
-6.63208
-6.62476
-6.62557
-6.62882
-6.64011
-6.65266
-6.6664
-6.6776
-6.68923
-6.70094
-6.7101
-6.71687
-6.71601
-6.71416
-6.70577
-6.69509
-6.67992
-6.66496
-6.65313
-6.64796
-6.6477
-6.65423
-6.66932
-6.68412
-6.69659
-6.70622
-6.7119
-6.71242
-6.70845
-6.69633
-6.67993
-6.65834
-6.63723
-6.61727
-6.59749
-6.58208
-6.57141
-6.56577
-6.56221
-6.5632
-6.56343
-6.56279
-6.56478
-6.56943
-6.57637
-6.58545
-6.59795
-6.60826
-6.61943
-6.62977
-6.63457
-6.63811
-6.63853
-6.63782
-6.63674
-6.6378
-6.63907
-6.64355
-6.65108
-6.66094
-6.67161
-6.68185
-6.68685
-6.68783
-6.68574
-6.6765
-6.66459
-6.6454
-6.62547
-6.60334
-6.58529
-6.57028
-6.55837
-6.55182
-6.5509
-6.55658
-6.56889
-6.58175
-6.59486
-6.60544
-6.61499
-6.62001
-6.62003
-6.6159
-6.60534
-6.59169
-6.57818
-6.56932
-6.56828
-6.57639
-6.59266
-6.61722
-6.64706
-6.67624
-6.70418
-6.73098
-6.75156
-6.76743
-6.77397
-6.77319
-6.76216
-6.74559
-6.72749
-6.70813
-6.69584
-6.68758
-6.6856
-6.68883
-6.69742
-6.70565
-6.71554
-6.72282
-6.72954
-6.73103
-6.7284
-6.7171
-6.69863
-6.67435
-6.64446
-6.61691
-6.59103
-6.57071
-6.55761
-6.55298
-6.55596
-6.56968
-6.5856
-6.60196
-6.61446
-6.62128
-6.61946
-6.61328
-6.60586
-6.59715
-6.58767
-6.58593
-6.59174
-6.60166
-6.61521
-6.6317
-6.64408
-6.65423
-6.65974
-6.66988
-6.67834
-6.68923
-6.70234
-6.71448
-6.72197
-6.72487
-6.7207
-6.71484
-6.70573
-6.69761
-6.68439
-6.67185
-6.65876
-6.64735
-6.6422
-6.64295
-6.64986
-6.66454
-6.68431
-6.70363
-6.71626
-6.72281
-6.72223
-6.71527
-6.70267
-6.68553
-6.67073
-6.65402
-6.63801
-6.61859
-6.60128
-6.5858
-6.57417
-6.57117
-6.57693
-6.59785
-6.62626
-6.66517
-6.70353
-6.73942
-6.76657
-6.78197
-6.77655
-6.76268
-6.73281
-6.6911
-6.6442
-6.58948
-6.54187
-6.50598
-6.48693
-6.48626
-6.50132
-6.53058
-6.57168
-6.6172
-6.6641
-6.71073
-6.75237
-6.78576
-6.80938
-6.81642
-6.81469
-6.79828
-6.76787
-6.72998
-6.68778
-6.6435
-6.60172
-6.56258
-6.53123
-6.50778
-6.4968
-6.49332
-6.50098
-6.51883
-6.54312
-6.57241
-6.60769
-6.64189
-6.66993
-6.69193
-6.70321
-6.7073
-6.70591
-6.70075
-6.69265
-6.68669
-6.68009
-6.67828
-6.67651
-6.67603
-6.67503
-6.67085
-6.66557
-6.65651
-6.64772
-6.64321
-6.64495
-6.65419
-6.66929
-6.68497
-6.69665
-6.70197
-6.69818
-6.68515
-6.66469
-6.64132
-6.61948
-6.59928
-6.58877
-6.58416
-6.58366
-6.58706
-6.59295
-6.60145
-6.61247
-6.62373
-6.63655
-6.64968
-6.66255
-6.67045
-6.67342
-6.67059
-6.66254
-6.65016
-6.63533
-6.62084
-6.60725
-6.59902
-6.59491
-6.59556
-6.60398
-6.61796
-6.63853
-6.6646
-6.69546
-6.7245
-6.74814
-6.76289
-6.76534
-6.75113
-6.72482
-6.68718
-6.64645
-6.60483
-6.56721
-6.53635
-6.51534
-6.50624
-6.5092
-6.519
-6.53318
-6.54704
-6.56378
-6.58134
-6.60149
-6.62671
-6.65148
-6.67846
-6.70337
-6.72369
-6.7381
-6.74465
-6.74517
-6.73929
-6.72669
-6.71627
-6.7094
-6.70144
-6.69994
-6.69736
-6.69096
-6.68754
-6.68351
-6.67231
-6.65998
-6.64297
-6.62452
-6.60862
-6.59632
-6.59174
-6.59242
-6.59881
-6.60643
-6.61249
-6.61915
-6.62246
-6.62124
-6.61684
-6.60663
-6.59266
-6.57955
-6.56514
-6.55058
-6.54127
-6.54259
-6.5578
-6.58315
-6.61677
-6.6575
-6.6979
-6.73574
-6.7691
-6.79252
-6.80584
-6.8085
-6.80092
-6.78056
-6.74579
-6.70673
-6.66406
-6.62957
-6.6051
-6.59171
-6.59197
-6.60089
-6.61161
-6.62453
-6.63658
-6.6458
-6.65219
-6.65435
-6.65902
-6.66391
-6.66876
-6.66989
-6.67079
-6.67114
-6.66862
-6.6674
-6.66195
-6.66061
-6.65702
-6.65723
-6.66265
-6.6684
-6.67872
-6.68894
-6.70076
-6.70993
-6.71434
-6.7147
-6.70909
-6.69998
-6.68662
-6.67529
-6.66829
-6.66165
-6.65966
-6.662
-6.66172
-6.66066
-6.65422
-6.64159
-6.62575
-6.60589
-6.58288
-6.56302
-6.54318
-6.52658
-6.52027
-6.52434
-6.54126
-6.56644
-6.59643
-6.63162
-6.66508
-6.6994
-6.72944
-6.7572
-6.77924
-6.7949
-6.79717
-6.79279
-6.77498
-6.75071
-6.7193
-6.68643
-6.65665
-6.63017
-6.61271
-6.60376
-6.60003
-6.60153
-6.60353
-6.60495
-6.60473
-6.6004
-6.59
-6.57585
-6.56214
-6.55011
-6.53865
-6.53272
-6.53209
-6.53694
-6.54999
-6.56649
-6.58543
-6.60564
-6.61998
-6.63055
-6.63815
-6.63822
-6.63742
-6.63459
-6.63019
-6.62936
-6.62705
-6.62971
-6.63335
-6.63879
-6.64467
-6.64885
-6.65177
-6.65291
-6.65131
-6.64198
-6.6338
-6.62799
-6.62386
-6.62877
-6.63659
-6.64683
-6.65619
-6.66285
-6.66071
-6.65638
-6.64595
-6.63082
-6.61899
-6.61535
-6.61997
-6.6316
-6.64652
-6.66485
-6.67822
-6.68737
-6.691
-6.68661
-6.68006
-6.67139
-6.6696
-6.67268
-6.68482
-6.70013
-6.7134
-6.73215
-6.7474
-6.75645
-6.7593
-6.75348
-6.74016
-6.71686
-6.68472
-6.65141
-6.61812
-6.58864
-6.56784
-6.56252
-6.56667
-6.58474
-6.60642
-6.62958
-6.65571
-6.67355
-6.68357
-6.69091
-6.69515
-6.70356
-6.71522
-6.72639
-6.73018
-6.72605
-6.71108
-6.68936
-6.66099
-6.62899
-6.59988
-6.58202
-6.57269
-6.57897
-6.59213
-6.61617
-6.6401
-6.66177
-6.67656
-6.68696
-6.68727
-6.68141
-6.67516
-6.66541
-6.65998
-6.65652
-6.65609
-6.65619
-6.65938
-6.65918
-6.66131
-6.66944
-6.68164
-6.69179
-6.70544
-6.71893
-6.73104
-6.73654
-6.73598
-6.72977
-6.71633
-6.69754
-6.6771
-6.65737
-6.63857
-6.62164
-6.60858
-6.60069
-6.59999
-6.6
-6.59805
-6.59807
-6.59759
-6.59862
-6.59729
-6.59873
-6.60103
-6.60244
-6.60156
-6.59957
-6.59585
-6.59248
-6.59541
-6.60674
-6.62629
-6.64907
-6.67228
-6.69258
-6.70483
-6.71178
-6.71268
-6.71083
-6.71209
-6.71322
-6.71435
-6.71765
-6.71942
-6.71924
-6.71709
-6.70722
-6.69452
-6.67859
-6.65768
-6.63839
-6.6203
-6.61048
-6.60984
-6.6169
-6.62908
-6.64339
-6.65699
-6.66853
-6.67711
-6.68271
-6.67999
-6.67435
-6.66342
-6.65227
-6.64514
-6.64091
-6.64081
-6.64996
-6.66502
-6.68385
-6.70301
-6.71957
-6.72949
-6.73112
-6.7214
-6.70712
-6.6838
-6.65713
-6.62833
-6.59995
-6.57686
-6.5565
-6.54392
-6.54295
-6.55452
-6.58026
-6.61415
-6.65123
-6.69095
-6.72328
-6.74764
-6.76185
-6.75998
-6.74768
-6.72746
-6.69939
-6.66648
-6.63572
-6.61036
-6.59159
-6.58149
-6.5831
-6.59135
-6.60246
-6.61642
-6.63313
-6.64494
-6.65698
-6.6662
-6.6737
-6.67838
-6.68207
-6.68797
-6.68988
-6.68787
-6.68432
-6.67955
-6.67502
-6.67253
-6.66691
-6.66284
-6.66014
-6.65394
-6.65248
-6.65302
-6.65568
-6.66392
-6.66568
-6.66563
-6.65822
-6.64542
-6.62812
-6.60741
-6.58707
-6.57159
-6.55939
-6.55301
-6.55032
-6.55234
-6.55923
-6.57316
-6.58894
-6.61071
-6.63254
-6.6555
-6.67611
-6.69588
-6.71601
-6.73624
-6.75469
-6.77365
-6.7909
-6.80141
-6.80005
-6.78542
-6.75709
-6.71554
-6.66926
-6.61803
-6.57681
-6.54822
-6.54059
-6.55218
-6.57474
-6.60048
-6.62293
-6.63985
-6.65
-6.65247
-6.64904
-6.64573
-6.64245
-6.63915
-6.64142
-6.64234
-6.64131
-6.63836
-6.63842
-6.63968
-6.64485
-6.65432
-6.66558
-6.67597
-6.68752
-6.69599
-6.69752
-6.69704
-6.69551
-6.6962
-6.69947
-6.70268
-6.71083
-6.71529
-6.71579
-6.71027
-6.70058
-6.68013
-6.65608
-6.62823
-6.59768
-6.5712
-6.55061
-6.53772
-6.53644
-6.54736
-6.57038
-6.60337
-6.64157
-6.67874
-6.70899
-6.72975
-6.73717
-6.737
-6.72439
-6.70425
-6.68477
-6.6681
-6.65625
-6.64945
-6.6474
-6.64742
-6.65071
-6.65162
-6.65013
-6.64404
-6.63395
-6.6251
-6.61684
-6.6146
-6.61751
-6.6208
-6.62919
-6.6396
-6.65513
-6.67098
-6.68745
-6.69897
-6.7101
-6.71238
-6.71433
-6.71242
-6.71018
-6.70423
-6.69126
-6.67565
-6.65976
-6.64219
-6.62424
-6.60951
-6.59618
-6.58651
-6.58006
-6.57822
-6.58471
-6.59596
-6.61342
-6.63054
-6.64686
-6.6637
-6.67845
-6.68884
-6.69818
-6.70833
-6.7147
-6.7223
-6.73165
-6.74207
-6.75502
-6.76298
-6.76795
-6.76446
-6.75253
-6.73415
-6.70466
-6.66816
-6.62398
-6.58025
-6.54189
-6.51563
-6.50223
-6.50701
-6.52625
-6.55322
-6.57977
-6.60415
-6.62558
-6.6443
-6.66029
-6.67347
-6.68336
-6.69221
-6.69965
-6.71274
-6.72502
-6.73448
-6.74235
-6.74606
-6.74273
-6.73988
-6.73366
-6.72407
-6.71038
-6.6949
-6.67963
-6.65724
-6.64094
-6.62704
-6.61553
-6.60961
-6.60518
-6.60564
-6.60681
-6.6106
-6.61437
-6.61818
-6.61902
-6.62313
-6.62719
-6.62749
-6.6251
-6.62125
-6.61495
-6.60973
-6.6087
-6.61694
-6.63097
-6.65419
-6.67873
-6.70315
-6.72462
-6.73685
-6.74078
-6.73366
-6.72204
-6.70536
-6.68463
-6.66199
-6.63843
-6.61373
-6.58476
-6.55728
-6.53914
-6.53472
-6.54128
-6.56323
-6.59869
-6.64167
-6.68764
-6.72886
-6.76015
-6.78514
-6.80106
-6.80717
-6.80759
-6.80187
-6.79494
-6.7827
-6.76381
-6.74219
-6.71256
-6.68204
-6.64754
-6.61673
-6.59641
-6.58582
-6.59171
-6.6112
-6.64027
-6.67806
-6.71556
-6.74544
-6.76844
-6.77775
-6.7733
-6.75685
-6.72285
-6.67481
-6.61477
-6.55044
-6.49308
-6.44736
-6.419
-6.41021
-6.41608
-6.4349
-6.46398
-6.496
-6.53637
-6.57628
-6.61638
-6.65021
-6.67538
-6.69204
-6.69997
-6.70126
-6.70166
-6.70349
-6.70577
-6.70461
-6.69954
-6.6923
-6.68589
-6.67772
-6.66622
-6.65743
-6.64837
-6.64028
-6.63473
-6.633
-6.63706
-6.64318
-6.65478
-6.66823
-6.6832
-6.69805
-6.71222
-6.72187
-6.72851
-6.73343
-6.73021
-6.7216
-6.71231
-6.70096
-6.68719
-6.67288
-6.66109
-6.65686
-6.65361
-6.65395
-6.65142
-6.64739
-6.64154
-6.63113
-6.62236
-6.61448
-6.60947
-6.6079
-6.61068
-6.61724
-6.62672
-6.63433
-6.64037
-6.65425
-6.66685
-6.67602
-6.68749
-6.69513
-6.69979
-6.70121
-6.70095
-6.70048
-6.69951
-6.69825
-6.69651
-6.694
-6.69717
-6.69349
-6.69275
-6.69293
-6.6909
-6.68657
-6.67816
-6.66396
-6.64621
-6.6283
-6.61245
-6.59814
-6.58949
-6.58535
-6.58444
-6.59235
-6.60352
-6.61624
-6.631
-6.64958
-6.66872
-6.68994
-6.70966
-6.72537
-6.7396
-6.74919
-6.74933
-6.74271
-6.73011
-6.71762
-6.70349
-6.69212
-6.67978
-6.67149
-6.66156
-6.65335
-6.64209
-6.63342
-6.62864
-6.62939
-6.63495
-6.64219
-6.64887
-6.65522
-6.66271
-6.67464
-6.68731
-6.70058
-6.70978
-6.71308
-6.70823
-6.69306
-6.67314
-6.64391
-6.6182
-6.60053
-6.58959
-6.58731
-6.59641
-6.61483
-6.63598
-6.66475
-6.69365
-6.71723
-6.73989
-6.75529
-6.76701
-6.76964
-6.76826
-6.75708
-6.73797
-6.70997
-6.6791
-6.64833
-6.62136
-6.59813
-6.58064
-6.56804
-6.55835
-6.55655
-6.56148
-6.57136
-6.58623
-6.60816
-6.63087
-6.65116
-6.66886
-6.67931
-6.68776
-6.68984
-6.69165
-6.6864
-6.68634
-6.6837
-6.68506
-6.69295
-6.69956
-6.70461
-6.70925
-6.71425
-6.71549
-6.71386
-6.71031
-6.70685
-6.70234
-6.69869
-6.69024
-6.68085
-6.66766
-6.64991
-6.6296
-6.60692
-6.58549
-6.5659
-6.5526
-6.54704
-6.54551
-6.55262
-6.56697
-6.58641
-6.60748
-6.63069
-6.64919
-6.66062
-6.66326
-6.65402
-6.63792
-6.61849
-6.59735
-6.58262
-6.57403
-6.57428
-6.58393
-6.6014
-6.62283
-6.64857
-6.67693
-6.70291
-6.72617
-6.74571
-6.76167
-6.76823
-6.7683
-6.76596
-6.76332
-6.75952
-6.7602
-6.76345
-6.7626
-6.76185
-6.76012
-6.75646
-6.7477
-6.7357
-6.72168
-6.70078
-6.67983
-6.6575
-6.64111
-6.63383
-6.63299
-6.63624
-6.64542
-6.65852
-6.6653
-6.66602
-6.66635
-6.66126
-6.65128
-6.6327
-6.61553
-6.59711
-6.57999
-6.56928
-6.56447
-6.56363
-6.56716
-6.57148
-6.56856
-6.56447
-6.55719
-6.55097
-6.54507
-6.54453
-6.54983
-6.55505
-6.56807
-6.58829
-6.61286
-6.64146
-6.67112
-6.69621
-6.71666
-6.73183
-6.74427
-6.75181
-6.75658
-6.75831
-6.75698
-6.75469
-6.74882
-6.73754
-6.72324
-6.70361
-6.68481
-6.66878
-6.65923
-6.65888
-6.67269
-6.69346
-6.71744
-6.74498
-6.77164
-6.78809
-6.79679
-6.79984
-6.79245
-6.78036
-6.75913
-6.72947
-6.69308
-6.65437
-6.60869
-6.55887
-6.51423
-6.4799
-6.46423
-6.47103
-6.4993
-6.54501
-6.59718
-6.64917
-6.69753
-6.73546
-6.75815
-6.771
-6.77463
-6.76988
-6.76019
-6.74385
-6.72312
-6.69477
-6.65828
-6.61645
-6.57317
-6.53386
-6.50187
-6.47892
-6.47235
-6.48186
-6.50716
-6.54312
-6.58188
-6.61831
-6.64589
-6.66348
-6.67316
-6.67353
-6.67202
-6.66604
-6.66076
-6.66144
-6.66099
-6.66178
-6.66407
-6.66114
-6.65854
-6.65011
-6.64482
-6.64482
-6.65051
-6.66136
-6.67767
-6.69306
-6.70595
-6.71509
-6.72156
-6.72427
-6.72556
-6.72845
-6.73284
-6.7373
-6.74039
-6.74547
-6.74497
-6.73764
-6.72535
-6.71325
-6.70432
-6.70189
-6.70903
-6.71956
-6.73176
-6.73909
-6.74269
-6.7397
-6.73118
-6.72049
-6.70767
-6.69201
-6.67577
-6.6576
-6.63905
-6.62268
-6.60705
-6.59151
-6.57361
-6.55864
-6.5446
-6.53194
-6.52274
-6.5197
-6.52439
-6.53005
-6.53832
-6.54749
-6.55564
-6.5569
-6.5533
-6.54783
-6.54116
-6.53971
-6.54557
-6.55984
-6.58142
-6.60898
-6.63821
-6.67153
-6.70261
-6.7328
-6.76055
-6.78248
-6.79752
-6.80196
-6.79318
-6.77798
-6.75063
-6.71786
-6.68062
-6.64846
-6.62449
-6.60979
-6.60792
-6.61741
-6.63449
-6.65179
-6.66821
-6.67805
-6.68411
-6.6852
-6.68424
-6.68086
-6.67566
-6.67365
-6.6697
-6.66656
-6.66112
-6.66097
-6.65864
-6.65623
-6.65665
-6.6575
-6.66115
-6.66423
-6.66983
-6.67617
-6.68077
-6.68207
-6.67907
-6.67561
-6.66991
-6.66505
-6.6634
-6.66759
-6.67434
-6.68488
-6.69505
-6.70062
-6.6988
-6.69132
-6.67185
-6.64368
-6.61498
-6.58146
-6.55021
-6.52755
-6.51211
-6.5031
-6.50371
-6.51732
-6.5412
-6.57369
-6.61602
-6.66112
-6.70493
-6.74406
-6.77515
-6.79311
-6.79645
-6.78898
-6.76997
-6.74373
-6.7076
-6.669
-6.63024
-6.59373
-6.56438
-6.55289
-6.55465
-6.57323
-6.60557
-6.64364
-6.68433
-6.72465
-6.75925
-6.78641
-6.80031
-6.80806
-6.80158
-6.78459
-6.76121
-6.72993
-6.6941
-6.65882
-6.62358
-6.59541
-6.5749
-6.57074
-6.57096
-6.57918
-6.59527
-6.61582
-6.6418
-6.66462
-6.68772
-6.7093
-6.72954
-6.74052
-6.74416
-6.74388
-6.73819
-6.72745
-6.71637
-6.70182
-6.68997
-6.67971
-6.67132
-6.66217
-6.64936
-6.63572
-6.61796
-6.59552
-6.57669
-6.5663
-6.57204
-6.58713
-6.61303
-6.63988
-6.66266
-6.67976
-6.687
-6.68619
-6.68203
-6.67125
-6.65823
-6.64429
-6.63613
-6.63176
-6.63243
-6.63919
-6.64452
-6.65228
-6.65741
-6.65924
-6.66244
-6.66427
-6.66782
-6.66719
-6.66407
-6.66074
-6.65457
-6.64888
-6.64213
-6.6342
-6.62823
-6.62433
-6.62589
-6.63139
-6.6377
-6.64748
-6.65667
-6.66453
-6.66921
-6.67722
-6.68451
-6.69914
-6.71627
-6.73403
-6.75327
-6.76911
-6.77907
-6.78405
-6.78237
-6.77141
-6.75617
-6.73569
-6.71224
-6.68996
-6.67283
-6.65893
-6.64363
-6.63274
-6.62211
-6.6116
-6.60131
-6.59158
-6.58593
-6.58174
-6.57961
-6.58578
-6.59392
-6.60748
-6.62135
-6.6389
-6.65813
-6.67794
-6.69568
-6.71561
-6.73423
-6.74988
-6.76008
-6.76411
-6.75883
-6.74618
-6.72423
-6.69803
-6.67277
-6.64978
-6.63403
-6.62485
-6.61883
-6.61497
-6.61545
-6.61378
-6.61243
-6.61469
-6.61769
-6.6209
-6.62152
-6.61952
-6.62001
-6.61866
-6.61634
-6.61687
-6.62197
-6.63497
-6.65293
-6.67528
-6.69681
-6.71914
-6.7362
-6.74635
-6.74602
-6.74102
-6.73342
-6.72027
-6.70704
-6.6923
-6.67912
-6.6689
-6.659
-6.64929
-6.63892
-6.62928
-6.61883
-6.61017
-6.60301
-6.60607
-6.6209
-6.64871
-6.68795
-6.73547
-6.78168
-6.81731
-6.84237
-6.85094
-6.84121
-6.81993
-6.78756
-6.74631
-6.7023
-6.65662
-6.60859
-6.56823
-6.5345
-6.50954
-6.4976
-6.49812
-6.51043
-6.53474
-6.56484
-6.59856
-6.63183
-6.6659
-6.69624
-6.72294
-6.74192
-6.75291
-6.75405
-6.74998
-6.74174
-6.72435
-6.70977
-6.69556
-6.68274
-6.6708
-6.65964
-6.64922
-6.63977
-6.63155
-6.62818
-6.62975
-6.63764
-6.64823
-6.6607
-6.66933
-6.67308
-6.66918
-6.6573
-6.64484
-6.6322
-6.61782
-6.60813
-6.60653
-6.61127
-6.62415
-6.64027
-6.65777
-6.67736
-6.69322
-6.70283
-6.70557
-6.70389
-6.69593
-6.68307
-6.66782
-6.65195
-6.63709
-6.62207
-6.60714
-6.59043
-6.57454
-6.56086
-6.5477
-6.5413
-6.54314
-6.55484
-6.57454
-6.59877
-6.63175
-6.66252
-6.69292
-6.7183
-6.73887
-6.75444
-6.7604
-6.76187
-6.76104
-6.75912
-6.75596
-6.75185
-6.74586
-6.73802
-6.72427
-6.71044
-6.69937
-6.68764
-6.68143
-6.67951
-6.67892
-6.68965
-6.70094
-6.71121
-6.72135
-6.72781
-6.73209
-6.73272
-6.73217
-6.72765
-6.72216
-6.70925
-6.69648
-6.67955
-6.66153
-6.6414
-6.6172
-6.5939
-6.57447
-6.55945
-6.55327
-6.55488
-6.56434
-6.57923
-6.59576
-6.61193
-6.62234
-6.62841
-6.62404
-6.61376
-6.59979
-6.58351
-6.56508
-6.54946
-6.53391
-6.52468
-6.51821
-6.51772
-6.52718
-6.54635
-6.57727
-6.61676
-6.66142
-6.70595
-6.74622
-6.77288
-6.79229
-6.7992
-6.79766
-6.79117
-6.78251
-6.77784
-6.77621
-6.77912
-6.78295
-6.78682
-6.78977
-6.78676
-6.77859
-6.769
-6.75752
-6.74748
-6.74146
-6.73751
-6.73711
-6.73428
-6.72557
-6.70919
-6.68505
-6.65128
-6.61546
-6.57897
-6.54997
-6.52747
-6.52012
-6.52214
-6.53077
-6.54411
-6.56281
-6.58393
-6.61059
-6.6384
-6.66758
-6.69638
-6.71716
-6.73019
-6.73264
-6.7252
-6.71118
-6.68557
-6.65565
-6.62364
-6.58889
-6.5578
-6.5294
-6.51063
-6.50076
-6.50341
-6.52228
-6.55217
-6.59014
-6.62871
-6.66856
-6.70403
-6.73221
-6.75134
-6.75739
-6.75316
-6.73937
-6.72182
-6.70669
-6.6949
-6.68698
-6.67994
-6.68095
-6.68119
-6.68689
-6.6982
-6.71266
-6.72741
-6.74482
-6.76022
-6.76827
-6.77288
-6.76956
-6.76167
-6.75009
-6.7318
-6.71422
-6.69858
-6.69023
-6.68301
-6.67901
-6.67194
-6.66375
-6.65263
-6.6389
-6.62908
-6.62032
-6.61412
-6.61234
-6.6134
-6.61558
-6.61731
-6.61367
-6.61022
-6.60623
-6.60438
-6.60605
-6.61345
-6.62536
-6.63852
-6.65345
-6.66562
-6.67204
-6.67471
-6.67115
-6.66803
-6.66786
-6.66444
-6.66269
-6.65966
-6.65575
-6.64666
-6.63189
-6.61138
-6.59104
-6.57126
-6.55615
-6.54641
-6.54526
-6.55039
-6.56332
-6.58277
-6.60826
-6.63777
-6.6682
-6.70135
-6.73249
-6.76166
-6.78401
-6.80566
-6.82357
-6.8366
-6.84627
-6.84906
-6.84209
-6.82516
-6.80083
-6.76796
-6.73194
-6.6958
-6.66369
-6.63866
-6.62476
-6.62015
-6.62859
-6.64403
-6.66286
-6.68086
-6.69268
-6.69638
-6.68893
-6.67582
-6.65547
-6.63104
-6.60669
-6.58402
-6.56536
-6.55033
-6.53983
-6.53575
-6.54154
-6.5564
-6.57867
-6.60408
-6.63075
-6.65491
-6.67337
-6.68359
-6.68117
-6.66617
-6.64798
-6.62717
-6.61302
-6.60351
-6.59879
-6.59935
-6.6046
-6.61007
-6.61353
-6.61964
-6.62589
-6.63163
-6.63707
-6.64351
-6.64586
-6.65481
-6.65938
-6.6666
-6.67246
-6.67802
-6.68048
-6.68078
-6.68191
-6.68376
-6.68634
-6.69446
-6.70687
-6.72105
-6.73653
-6.7548
-6.76968
-6.77921
-6.78293
-6.77994
-6.77266
-6.75801
-6.7407
-6.72114
-6.69973
-6.67894
-6.66262
-6.65712
-6.66061
-6.66464
-6.6736
-6.67961
-6.6802
-6.67244
-6.65944
-6.64586
-6.63223
-6.62556
-6.62934
-6.63778
-6.65348
-6.66894
-6.6872
-6.69968
-6.70625
-6.70446
-6.69555
-6.67887
-6.65935
-6.63776
-6.61862
-6.60437
-6.59864
-6.59472
-6.5948
-6.598
-6.60328
-6.61596
-6.62588
-6.63745
-6.64017
-6.64069
-6.64043
-6.63778
-6.63759
-6.64149
-6.64574
-6.6555
-6.66509
-6.67298
-6.68163
-6.69425
-6.70431
-6.71327
-6.72074
-6.72891
-6.73043
-6.72884
-6.72366
-6.71753
-6.70906
-6.6978
-6.68996
-6.68286
-6.68373
-6.68575
-6.69222
-6.70103
-6.71254
-6.72243
-6.73155
-6.73317
-6.73168
-6.72304
-6.70547
-6.68656
-6.66062
-6.62811
-6.59277
-6.55523
-6.51943
-6.49012
-6.46491
-6.45134
-6.44922
-6.4579
-6.47638
-6.50338
-6.53772
-6.57781
-6.6173
-6.6536
-6.68092
-6.70106
-6.71332
-6.71926
-6.72307
-6.72215
-6.71908
-6.71006
-6.7044
-6.69952
-6.69578
-6.69643
-6.70051
-6.70507
-6.70775
-6.70639
-6.70336
-6.69423
-6.68629
-6.67951
-6.67732
-6.68186
-6.69227
-6.70775
-6.72595
-6.74695
-6.76373
-6.77573
-6.77717
-6.76984
-6.75546
-6.72757
-6.69652
-6.6642
-6.63245
-6.60771
-6.59018
-6.58275
-6.58127
-6.58688
-6.59561
-6.60867
-6.61937
-6.62697
-6.62778
-6.62392
-6.61872
-6.61524
-6.61847
-6.6219
-6.62953
-6.63536
-6.63841
-6.64188
-6.64481
-6.65294
-6.66952
-6.68761
-6.70828
-6.73126
-6.74957
-6.75918
-6.7611
-6.75403
-6.74095
-6.72434
-6.70798
-6.69564
-6.68609
-6.68137
-6.67851
-6.67628
-6.66545
-6.6531
-6.63892
-6.62265
-6.60651
-6.59154
-6.5786
-6.57458
-6.57515
-6.58442
-6.60079
-6.62661
-6.65583
-6.68371
-6.71121
-6.72907
-6.73634
-6.72886
-6.71477
-6.68938
-6.6636
-6.63657
-6.61038
-6.59357
-6.58235
-6.57502
-6.5752
-6.58318
-6.59673
-6.61527
-6.6372
-6.66224
-6.68743
-6.70683
-6.72448
-6.73786
-6.7461
-6.75162
-6.75471
-6.75285
-6.74831
-6.74023
-6.73025
-6.71596
-6.70262
-6.69144
-6.68363
-6.68172
-6.67866
-6.67854
-6.6814
-6.68557
-6.69265
-6.69677
-6.7022
-6.70487
-6.70514
-6.70007
-6.6918
-6.68291
-6.67312
-6.66289
-6.65762
-6.65601
-6.65705
-6.66003
-6.66185
-6.66423
-6.66567
-6.66418
-6.65643
-6.64438
-6.62645
-6.6058
-6.58312
-6.56299
-6.5468
-6.5364
-6.53216
-6.53061
-6.53327
-6.53909
-6.54742
-6.55526
-6.5612
-6.56416
-6.56577
-6.56553
-6.56816
-6.56879
-6.57296
-6.57735
-6.58275
-6.58964
-6.59714
-6.59944
-6.60536
-6.60733
-6.60837
-6.60943
-6.61123
-6.61402
-6.62218
-6.63675
-6.65927
-6.68812
-6.71903
-6.75024
-6.7805
-6.801
-6.81316
-6.81396
-6.80331
-6.78258
-6.75645
-6.7255
-6.69298
-6.66875
-6.65036
-6.64029
-6.64001
-6.64384
-6.65185
-6.66317
-6.67539
-6.6842
-6.69101
-6.69307
-6.69272
-6.68635
-6.67848
-6.6653
-6.65273
-6.64081
-6.63913
-6.64617
-6.6591
-6.676
-6.6962
-6.71636
-6.73463
-6.74655
-6.75542
-6.75718
-6.74823
-6.72682
-6.69782
-6.66454
-6.62917
-6.59327
-6.56354
-6.54106
-6.53612
-6.54455
-6.55962
-6.58513
-6.60833
-6.62888
-6.64887
-6.66209
-6.66906
-6.67026
-6.67051
-6.66809
-6.66093
-6.6508
-6.64093
-6.63114
-6.62591
-6.62675
-6.63198
-6.64074
-6.65057
-6.6584
-6.66324
-6.66669
-6.6726
-6.67748
-6.68327
-6.68708
-6.69376
-6.69731
-6.70117
-6.70313
-6.70084
-6.69773
-6.69559
-6.69252
-6.68643
-6.6799
-6.6748
-6.66831
-6.66415
-6.66473
-6.66961
-6.68231
-6.70209
-6.72288
-6.73919
-6.75424
-6.76339
-6.76965
-6.77242
-6.77418
-6.77525
-6.77695
-6.7737
-6.76069
-6.73994
-6.70845
-6.66472
-6.61533
-6.5676
-6.52667
-6.50162
-6.49236
-6.49939
-6.51526
-6.53691
-6.55793
-6.57386
-6.58165
-6.58514
-6.58267
-6.58237
-6.58322
-6.58706
-6.59453
-6.60767
-6.62559
-6.6457
-6.66361
-6.68277
-6.69856
-6.70849
-6.71043
-6.70753
-6.69711
-6.68331
-6.66699
-6.65228
-6.64259
-6.63517
-6.63677
-6.64267
-6.65343
-6.66563
-6.68117
-6.69529
-6.70962
-6.72655
-6.74297
-6.75912
-6.77397
-6.78161
-6.78442
-6.7809
-6.7707
-6.7535
-6.73563
-6.71486
-6.6938
-6.67947
-6.67057
-6.66919
-6.67078
-6.6771
-6.68566
-6.69604
-6.70482
-6.7121
-6.71644
-6.71382
-6.70531
-6.69135
-6.66761
-6.63876
-6.60634
-6.57878
-6.55413
-6.53355
-6.5248
-6.52274
-6.52972
-6.54182
-6.55953
-6.5804
-6.60654
-6.63417
-6.66032
-6.68156
-6.69324
-6.69762
-6.69542
-6.68878
-6.67983
-6.67193
-6.67034
-6.67359
-6.68443
-6.6974
-6.71066
-6.7214
-6.72634
-6.72363
-6.71621
-6.7059
-6.69194
-6.67687
-6.66051
-6.64698
-6.63323
-6.62218
-6.61447
-6.60574
-6.60256
-6.60686
-6.61571
-6.63269
-6.65648
-6.68437
-6.71126
-6.73512
-6.75332
-6.76371
-6.76555
-6.75833
-6.7501
-6.73759
-6.72487
-6.71254
-6.7008
-6.69196
-6.6875
-6.68668
-6.68715
-6.6906
-6.69233
-6.69443
-6.69109
-6.68824
-6.68187
-6.67122
-6.65486
-6.63641
-6.61395
-6.5912
-6.57062
-6.55444
-6.5451
-6.54348
-6.54621
-6.55306
-6.55883
-6.5625
-6.56865
-6.57405
-6.58376
-6.59726
-6.61671
-6.64052
-6.67072
-6.69884
-6.72605
-6.74998
-6.76846
-6.78006
-6.78499
-6.78509
-6.78259
-6.77345
-6.76203
-6.74947
-6.73284
-6.71363
-6.69117
-6.66691
-6.64088
-6.61425
