1.19039
1.1575
1.10253
1.02723
0.934275
0.827831
0.71361
0.598761
0.491401
0.399585
0.329985
0.286625
0.270145
0.277891
0.304751
0.344361
0.390328
0.437082
0.480344
0.51724
0.546219
0.566841
0.579531
0.5853
0.585613
0.582118
0.576501
0.570371
0.565175
0.562009
0.561593
0.564255
0.569938
0.578313
0.588709
0.600405
0.612652
0.624758
0.636136
0.646278
0.654835
0.661476
0.665893
0.667863
0.667157
0.663648
0.657322
0.648469
0.637748
0.626171
0.61503
0.605698
0.599443
0.597264
0.599652
0.606478
0.61699
0.630058
0.644248
0.658069
0.670137
0.679387
0.68507
0.686816
0.684587
0.678754
0.66999
0.659229
0.647473
0.635654
0.624439
0.614147
0.604845
0.596432
0.588881
0.582404
0.577498
0.574844
0.575035
0.578192
0.583787
0.590677
0.597538
0.603419
0.607993
0.611483
0.614379
0.617098
0.619679
0.621834
0.622985
0.622584
0.620288
0.616042
0.610147
0.60307
0.595352
0.587464
0.579884
0.573032
0.567324
0.563154
0.560966
0.561096
0.563716
0.56878
0.57601
0.584881
0.594773
0.605037
0.615076
0.624475
0.633018
0.640582
0.647049
0.652279
0.656052
0.658137
0.658351
0.656559
0.65281
0.647427
0.640833
0.633649
0.626488
0.619947
0.614423
0.610088
0.606906
0.604699
0.603164
0.601972
0.600825
0.599597
0.598312
0.597234
0.596836
0.597662
0.600131
0.604432
0.610334
0.617145
0.623908
0.629525
0.633046
0.633834
0.631741
0.627149
0.620777
0.613569
0.606411
0.599824
0.594009
0.588756
0.583608
0.578173
0.572335
0.566378
0.560992
0.557174
0.55595
0.558099
0.563996
0.573532
0.586123
0.600867
0.61674
0.632705
0.647881
0.661585
0.67329
0.682708
0.689646
0.693984
0.695602
0.694534
0.690859
0.684783
0.676589
0.66662
0.655239
0.642702
0.629222
0.615027
0.600417
0.585868
0.571997
0.559527
0.549125
0.541315
0.536371
0.534289
0.534853
0.537693
0.542429
0.548717
0.556247
0.564752
0.573994
0.583739
0.593698
0.603617
0.613249
0.622394
0.63103
0.639195
0.647
0.654533
0.661825
0.668764
0.675073
0.680334
0.684121
0.685978
0.685596
0.682673
0.67702
0.668611
0.657678
0.644813
0.630777
0.616459
0.60275
0.590372
0.579874
0.571643
0.566026
0.563428
0.564123
0.568075
0.574924
0.583934
0.594121
0.604491
0.614077
0.622066
0.62784
0.630956
0.631252
0.628828
0.624019
0.617345
0.609558
0.601458
0.59382
0.587235
0.582196
0.579059
0.578127
0.579617
0.583597
0.589988
0.59847
0.608389
0.61899
0.629512
0.639274
0.647779
0.654819
0.660423
0.664644
0.667559
0.669151
0.66928
0.667672
0.664056
0.658293
0.650517
0.641078
0.630602
0.619859
0.609549
0.600239
0.592284
0.58578
0.580551
0.576382
0.573034
0.570299
0.568205
0.566971
0.566953
0.568595
0.572258
0.578118
0.586011
0.595372
0.60541
0.615112
0.623413
0.629387
0.632479
0.632578
0.630122
0.625949
0.621035
0.616308
0.612404
0.609616
0.607926
0.607176
0.607137
0.607582
0.608325
0.609274
0.610448
0.611909
0.613731
0.61593
0.618444
0.6211
0.6235
0.625129
0.625415
0.623899
0.620279
0.614617
0.607441
0.599593
0.592153
0.586199
0.582577
0.581729
0.583681
0.587964
0.593792
0.600115
0.605905
0.610367
0.613069
0.614088
0.613917
0.613299
0.612988
0.613556
0.615259
0.61815
0.622058
0.626663
0.631513
0.636071
0.639739
0.641889
0.641909
0.639407
0.634344
0.627022
0.618194
0.608923
0.600508
0.594182
0.590918
0.591172
0.594834
0.60128
0.609443
0.618067
0.625891
0.631856
0.635155
0.635389
0.632551
0.627001
0.619306
0.61022
0.600427
0.590563
0.58122
0.572995
0.566598
0.562791
0.562259
0.565469
0.572536
0.583163
0.596638
0.611991
0.628034
0.643465
0.657029
0.667662
0.67456
0.677249
0.675661
0.670143
0.661445
0.650617
0.638862
0.627354
0.617059
0.608686
0.602643
0.598974
0.597483
0.597693
0.598961
0.600448
0.601283
0.600793
0.598621
0.594817
0.589758
0.584107
0.578623
0.573962
0.570666
0.569059
0.569306
0.571503
0.575652
0.581714
0.589493
0.598695
0.608929
0.619648
0.630234
0.639981
0.648186
0.654336
0.658038
0.65918
0.657882
0.654479
0.649514
0.643586
0.637375
0.631523
0.626567
0.622762
0.620163
0.618613
0.617718
0.616954
0.615703
0.613423
0.609719
0.604539
0.598097
0.590919
0.583872
0.577998
0.574317
0.573581
0.576088
0.581495
0.588927
0.59706
0.60456
0.610447
0.6143
0.61641
0.617677
0.619267
0.622171
0.626721
0.632565
0.638844
0.644568
0.649035
0.65189
0.653008
0.652515
0.650586
0.647329
0.642927
0.637649
0.631792
0.625822
0.620021
0.614599
0.609649
0.605259
0.601567
0.598786
0.597275
0.597497
0.599857
0.604565
0.611593
0.620506
0.630566
0.640739
0.649782
0.656597
0.660082
0.659427
0.654189
0.644411
0.63062
0.613799
0.595395
0.577175
0.56095
0.548414
0.540876
0.539148
0.543347
0.552782
0.566064
0.581282
0.596199
0.6087
0.617172
0.620795
0.619674
0.61478
0.607714
0.600324
0.594245
0.590651
0.590001
0.592105
0.596318
0.601636
0.607028
0.611606
0.614735
0.616173
0.61604
0.614784
0.613043
0.611506
0.610785
0.6113
0.613211
0.616434
0.620818
0.626117
0.632175
0.638827
0.645926
0.653256
0.660546
0.667395
0.673362
0.678065
0.681162
0.682279
0.681136
0.677545
0.671397
0.66279
0.652128
0.640079
0.627492
0.615092
0.603341
0.592333
0.581837
0.571561
0.561343
0.551294
0.541835
0.533563
0.527167
0.523298
0.522411
0.524703
0.530137
0.538494
0.549318
0.562118
0.576306
0.591238
0.606267
0.620766
0.634139
0.645833
0.655291
0.662076
0.665933
0.666764
0.664654
0.659769
0.652393
0.642926
0.631813
0.619654
0.607189
0.595242
0.584718
0.576561
0.571497
0.570119
0.572733
0.579209
0.588815
0.600336
0.61228
0.623249
0.632187
0.638528
0.642171
0.643335
0.642477
0.640087
0.636772
0.633117
0.629639
0.62681
0.624872
0.623783
0.623316
0.623205
0.623167
0.623016
0.622728
0.622311
0.621874
0.621587
0.621643
0.622148
0.623172
0.624616
0.626191
0.627397
0.627594
0.626187
0.622704
0.616923
0.608997
0.59945
0.589147
0.579171
0.570674
0.564661
0.5618
0.562328
0.566064
0.57247
0.580703
0.58975
0.598454
0.605599
0.610127
0.611342
0.609142
0.60412
0.597461
0.590748
0.585652
0.583567
0.5854
0.591384
0.601042
0.613366
0.626901
0.64012
0.651671
0.660603
0.666407
0.66906
0.668913
0.666529
0.66252
0.657354
0.651353
0.644623
0.637235
0.629317
0.621104
0.612976
0.605508
0.599387
0.595217
0.593407
0.594096
0.59706
0.601716
0.607212
0.612622
0.6171
0.619962
0.620852
0.619689
0.616637
0.612006
0.606211
0.599769
0.59322
0.587131
0.582004
0.578447
0.576999
0.578108
0.582107
0.589109
0.598937
0.611111
0.624773
0.638765
0.651825
0.662764
0.670704
0.675018
0.675294
0.671311
0.663086
0.65092
0.635587
0.618364
0.601028
0.585627
0.574187
0.568138
0.568141
0.573887
0.584261
0.59758
0.612053
0.626041
0.638244
0.647725
0.653849
0.656217
0.654634
0.649156
0.640175
0.628396
0.614858
0.600805
0.587523
0.576121
0.567386
0.561767
0.55939
0.560072
0.563387
0.568715
0.575332
0.58251
0.589678
0.596499
0.60291
0.609095
0.615246
0.621581
0.628152
0.634826
0.64126
0.646959
0.651387
0.654025
0.654385
0.65215
0.647199
0.639646
0.629866
0.618467
0.606316
0.594387
0.583741
0.575408
0.57025
0.568718
0.57068
0.575484
0.582006
0.588947
0.59515
0.59983
0.602725
0.60404
0.604335
0.604407
0.605105
0.607146
0.610935
0.616434
0.623236
0.63068
0.638027
0.644627
0.649987
0.653718
0.655499
0.655065
0.652136
0.64665
0.638718
0.628841
0.61785
0.606895
0.59735
0.590434
0.587062
0.58751
0.591332
0.597467
0.604591
0.611374
0.616775
0.620124
0.621197
0.620154
0.617396
0.613499
0.609067
0.604697
0.60084
0.597907
0.596243
0.59617
0.597856
0.601365
0.606475
0.612779
0.619597
0.626173
0.631659
0.635326
0.636713
0.635711
0.632575
0.627762
0.621833
0.615536
0.609701
0.605181
0.602691
0.602734
0.605375
0.610327
0.616922
0.624335
0.631707
0.63831
0.643571
0.647153
0.648993
0.64923
0.648158
0.64614
0.643342
0.639675
0.634988
0.629163
0.622242
0.614529
0.606601
0.599195
0.592918
0.588118
0.584823
0.582745
0.581432
0.580508
0.579755
0.579212
0.579069
0.579729
0.581597
0.584994
0.590054
0.59663
0.604304
0.612504
0.620576
0.627871
0.633789
0.637864
0.639769
0.639324
0.636583
0.631784
0.625321
0.617783
0.6099
0.602441
0.596107
0.591376
0.588539
0.587777
0.589139
0.592565
0.597939
0.604994
0.613314
0.622227
0.630912
0.638488
0.644119
0.647217
0.647481
0.645049
0.640332
0.63385
0.626238
0.618084
0.609933
0.602269
0.595558
0.590271
0.586775
0.585202
0.58543
0.586934
0.588934
0.590554
0.590939
0.589491
0.586053
0.581057
0.575502
0.570819
0.568581
0.570115
0.576249
0.587111
0.602039
0.619712
0.638352
0.656012
0.670875
0.681498
0.687092
0.687608
0.683656
0.676419
0.667303
0.657661
0.648577
0.640681
0.634235
0.629268
0.625711
0.623483
0.622452
0.622366
0.622761
0.622883
0.62192
0.619034
0.613637
0.605464
0.594707
0.581953
0.568249
0.554947
0.543409
0.534797
0.529915
0.52906
0.53221
0.539068
0.549174
0.561989
0.576963
0.593503
0.611013
0.628887
0.646402
0.662768
0.67703
0.688184
0.695341
0.697868
0.695457
0.688203
0.676498
0.661112
0.643041
0.623489
0.603887
0.585737
0.570554
0.559736
0.55435
0.554807
0.560791
0.571316
0.584931
0.600082
0.615299
0.629346
0.641182
0.650055
0.655468
0.657177
0.655294
0.65022
0.642587
0.633129
0.622606
0.611736
0.601275
0.592039
0.584744
0.579992
0.578101
0.579087
0.582692
0.588378
0.595575
0.603793
0.6127
0.622078
0.631758
0.641486
0.650825
1.20546
1.19756
1.17527
1.13903
1.09028
1.03171
0.967453
0.902546
0.842441
0.791859
0.754092
0.730685
0.721542
0.725249
0.739384
0.760779
0.78584
0.811076
0.833538
0.851078
0.862484
0.867242
0.865599
0.858378
0.847011
0.833452
0.819886
0.808557
0.801618
0.800738
0.806917
0.820153
0.839351
0.862464
0.886945
0.910276
0.930322
0.945596
0.955511
0.96033
0.960995
0.958841
0.955466
0.952301
0.950522
0.950741
0.953024
0.956818
0.961225
0.965041
0.96685
0.965193
0.958971
0.947759
0.931974
0.912932
0.892531
0.872789
0.855564
0.842284
0.833943
0.831079
0.834033
0.842839
0.857256
0.876424
0.898745
0.921946
0.943368
0.96051
0.971569
0.975732
0.973287
0.965531
0.954524
0.942566
0.931721
0.923467
0.918258
0.915775
0.915139
0.915259
0.915113
0.913975
0.911483
0.907585
0.902325
0.895895
0.888862
0.882304
0.877839
0.877063
0.881025
0.889633
0.901375
0.913696
0.92361
0.928378
0.926065
0.915852
0.898049
0.873988
0.845762
0.81603
0.787697
0.763622
0.746294
0.737597
0.738682
0.749778
0.769949
0.797411
0.829792
0.864569
0.899391
0.932223
0.961333
0.985326
1.00316
1.01402
1.01748
1.01361
1.00319
0.987662
0.969057
0.949661
0.931627
0.916532
0.905327
0.898435
0.895915
0.897525
0.902865
0.91111
0.921056
0.931222
0.940096
0.94634
0.948921
0.947168
0.940827
0.929966
0.915254
0.897927
0.879739
0.862721
0.848932
0.83983
0.835985
0.837079
0.841926
0.848858
0.856266
0.863104
0.869321
0.875719
0.883377
0.892911
0.904032
0.915642
0.926454
0.935692
0.9435
0.950619
0.958003
0.966068
0.974593
0.982835
0.989847
0.994632
0.996496
0.995091
0.990243
0.981941
0.970212
0.955124
0.936889
0.915951
0.893079
0.869454
0.846643
0.826461
0.810604
0.800446
0.796864
0.800164
0.810152
0.825948
0.845941
0.867812
0.888726
0.905653
0.915855
0.917472
0.910053
0.89493
0.875106
0.854676
0.838052
0.828746
0.828656
0.837805
0.854601
0.876515
0.900614
0.924127
0.944724
0.960696
0.971258
0.976685
0.978057
0.976772
0.974025
0.970673
0.967556
0.965682
0.965886
0.968399
0.972287
0.975519
0.975704
0.970991
0.960834
0.945999
0.928525
0.910974
0.895729
0.884556
0.87841
0.877496
0.881364
0.889019
0.898947
0.909332
0.918267
0.924097
0.925475
0.921534
0.911983
0.89746
0.879422
0.860087
0.842137
0.828367
0.821217
0.822168
0.831364
0.847414
0.867607
0.888566
0.90704
0.920646
0.928152
0.929647
0.92618
0.919397
0.911071
0.902691
0.895223
0.889116
0.884414
0.881069
0.879069
0.878598
0.879862
0.883049
0.888206
0.895007
0.902739
0.910443
0.917162
0.922298
0.925777
0.928
0.929691
0.931407
0.933121
0.934348
0.93443
0.933023
0.930284
0.926797
0.923352
0.920497
0.918563
0.917466
0.916914
0.916434
0.915542
0.914012
0.911821
0.909082
0.90604
0.902946
0.90009
0.897649
0.895612
0.893751
0.89171
0.889208
0.886173
0.882899
0.879896
0.877438
0.875448
0.873591
0.871556
0.869312
0.867227
0.865775
0.865374
0.866266
0.868405
0.871648
0.875862
0.880965
0.886745
0.892745
0.898127
0.901764
0.90252
0.899553
0.892567
0.88188
0.868373
0.853426
0.838732
0.826239
0.817921
0.815317
0.819227
0.829514
0.845287
0.865065
0.887131
0.90967
0.931107
0.95019
0.966192
0.978849
0.988154
0.994239
0.99724
0.997213
0.994193
0.988164
0.979205
0.967594
0.95392
0.939251
0.925095
0.913105
0.90474
0.900689
0.900557
0.903005
0.906202
0.908487
0.908834
0.906973
0.903197
0.898026
0.892022
0.885649
0.879297
0.873319
0.868164
0.864479
0.863041
0.864824
0.870782
0.881345
0.896074
0.913472
0.931171
0.946601
0.957529
0.962623
0.961682
0.95562
0.945981
0.934569
0.922782
0.911387
0.900532
0.890089
0.88003
0.870524
0.861969
0.854805
0.849258
0.845227
0.842523
0.841011
0.840837
0.842105
0.844777
0.848655
0.853363
0.858779
0.865004
0.872138
0.880167
0.888754
0.897285
0.905186
0.912203
0.918577
0.924951
0.932223
0.94103
0.951334
0.962387
0.972946
0.981567
0.986794
0.987291
0.981983
0.970282
0.952497
0.929945
0.904839
0.88006
0.858455
0.842618
0.834744
0.83649
0.848475
0.869781
0.897774
0.928627
0.958312
0.983557
1.00226
1.01337
1.01656
1.01203
1.00012
0.981285
0.956254
0.926271
0.893446
0.860682
0.831504
0.809149
0.795951
0.792965
0.799818
0.815122
0.83661
0.86135
0.88609
0.907556
0.922821
0.929923
0.928138
0.918012
0.901406
0.881279
0.861231
0.845014
0.835668
0.834738
0.842072
0.855977
0.873997
0.893679
0.913104
0.931049
0.947001
0.96102
0.973404
0.984447
0.993996
1.00129
1.00516
1.00433
0.997794
0.985303
0.967397
0.945449
0.921431
0.897754
0.877038
0.861841
0.854265
0.855508
0.865509
0.882791
0.904626
0.927368
0.947163
0.960683
0.965751
0.961749
0.949612
0.931461
0.910202
0.888933
0.870485
0.856953
0.849283
0.847345
0.850343
0.857383
0.867623
0.880452
0.89516
0.910586
0.925128
0.936974
0.944366
0.946072
0.941662
0.931698
0.917615
0.901646
0.886332
0.874226
0.867158
0.865652
0.86887
0.875108
0.882264
0.888283
0.891437
0.890616
0.885509
0.876578
0.86499
0.852341
0.840307
0.830307
0.823502
0.820922
0.823439
0.83155
0.845131
0.863074
0.883496
0.904284
0.923811
0.941444
0.957494
0.972534
0.986421
0.998065
1.00594
1.00892
1.0066
0.999258
0.98757
0.972466
0.954868
0.935961
0.91684
0.898552
0.881905
0.867615
0.856452
0.849223
0.846748
0.849623
0.857844
0.870672
0.886635
0.903635
0.919382
0.93156
0.938238
0.938166
0.931058
0.917676
0.899773
0.879741
0.860263
0.843766
0.83214
0.82644
0.826878
0.833129
0.844626
0.86071
0.880407
0.90226
0.924216
0.94377
0.958517
0.966655
0.967405
0.961133
0.949251
0.934023
0.917856
0.90289
0.890693
0.882038
0.876948
0.874967
0.875395
0.877515
0.880812
0.88489
0.889471
0.894274
0.898934
0.903057
0.906218
0.908155
0.908722
0.907929
0.905786
0.902448
0.89823
0.89346
0.88851
0.883767
0.879583
0.876269
0.874131
0.873539
0.874846
0.878355
0.883984
0.891296
0.899421
0.907331
0.914266
0.920075
0.925251
0.930702
0.937251
0.94502
0.953127
0.960163
0.96465
0.965617
0.962936
0.956899
0.947599
0.934837
0.918502
0.899132
0.878074
0.857118
0.837963
0.821988
0.810264
0.80359
0.802483
0.806995
0.816745
0.830915
0.848424
0.868025
0.888359
0.907939
0.925311
0.939442
0.94997
0.957051
0.961099
0.962377
0.960907
0.956605
0.949548
0.940313
0.930126
0.920594
0.913389
0.909764
0.910162
0.914088
0.920242
0.926971
0.932794
0.936855
0.939086
0.939972
0.940233
0.940366
0.940428
0.939993
0.938237
0.934134
0.926805
0.915849
0.901547
0.884915
0.867606
0.851632
0.838873
0.830721
0.827803
0.830017
0.836642
0.846623
0.858797
0.871981
0.885026
0.896866
0.906566
0.91332
0.916635
0.916422
0.912961
0.906849
0.898883
0.889938
0.880903
0.872451
0.865105
0.859091
0.854463
0.851375
0.850339
0.85216
0.857533
0.866428
0.877808
0.889857
0.900515
0.908139
0.911858
0.911655
0.908188
0.902473
0.8956
0.888476
0.881677
0.875696
0.871129
0.868601
0.868815
0.872238
0.878835
0.887926
0.898345
0.908742
0.917916
0.925163
0.930277
0.933513
0.935459
0.936573
0.937092
0.936907
0.935681
0.933045
0.928958
0.923876
0.918596
0.914086
0.911142
0.910065
0.910454
0.911345
0.911521
0.909891
0.905927
0.899842
0.892612
0.885616
0.880327
0.877939
0.879031
0.883387
0.890168
0.898041
0.905511
0.911207
0.914072
0.913525
0.909479
0.902356
0.893087
0.882956
0.873419
0.865863
0.861427
0.86063
0.863326
0.868843
0.876117
0.883964
0.891389
0.897619
0.902161
0.904656
0.904876
0.90263
0.89787
0.890624
0.88123
0.87042
0.85927
0.8491
0.84109
0.835993
0.834048
0.835091
0.838885
0.845338
0.854573
0.866611
0.881204
0.897537
0.914179
0.929498
0.942036
0.950804
0.955666
0.957222
0.95679
0.956014
0.95637
0.95864
0.962678
0.967452
0.971578
0.973982
0.97424
0.972654
0.970013
0.967071
0.964311
0.961592
0.958132
0.952594
0.943483
0.92981
0.911626
0.890244
0.867915
0.847442
0.831639
0.822623
0.821364
0.827556
0.839514
0.854516
0.869393
0.881273
0.888025
0.888598
0.883054
0.87245
0.858498
0.84313
0.828126
0.814944
0.804612
0.797902
0.795444
0.797686
0.804797
0.816423
0.831579
0.848833
0.866711
0.883971
0.899917
0.914307
0.927265
0.939164
0.950455
0.96138
0.971847
0.981415
0.989233
0.994219
0.995343
0.991834
0.983168
0.969136
0.94999
0.926692
0.901047
0.875917
0.85475
0.840903
0.836591
0.842415
0.857393
0.879434
0.905841
0.933776
0.960491
0.983603
1.00124
1.01227
1.01628
1.01349
1.00463
0.990856
0.973798
0.955302
0.937309
0.921491
0.908904
0.899641
0.892907
0.887365
0.881678
0.874954
0.866775
0.857132
0.846264
0.834403
0.821736
0.808514
0.794997
0.7815
0.768286
0.755442
0.743146
0.732092
0.723928
0.721145
0.72633
0.741162
0.765649
0.79799
0.835018
0.872921
0.908194
0.93822
0.961516
0.977707
0.987315
0.991344
0.991069
0.987794
0.982697
0.976639
0.970147
0.963266
0.955608
0.946615
0.935935
0.923814
0.911166
0.899367
0.889824
0.883616
0.881181
0.882325
0.886301
0.891957
0.898112
0.903735
0.908095
0.911
0.912764
0.914063
0.915521
0.917518
0.919989
0.922466
0.924243
0.924722
0.923505
0.920532
0.916117
0.910982
0.906276
0.903268
0.903101
0.906241
0.912231
0.919666
0.92657
0.931
0.931609
0.928023
0.920664
0.910746
0.899775
0.889264
0.880533
0.874499
0.871523
0.871437
0.873621
0.877125
0.880907
0.88385
0.885025
0.883841
0.880237
0.874816
0.868634
0.863012
0.859204
0.858135
0.860272
0.865612
0.873577
0.883052
0.892453
1.20462
1.19818
1.1799
1.15106
1.1145
1.0742
1.03453
0.999263
0.970789
0.950032
0.936785
0.930383
0.930389
0.936563
0.948663
0.966312
0.988778
1.01484
1.04288
1.07088
1.09653
1.11739
1.13132
1.13671
1.13281
1.11979
1.09878
1.072
1.04265
1.01462
0.991909
0.978031
0.975109
0.983331
1.00096
1.0248
1.05094
1.07564
1.09589
1.10965
1.11595
1.11476
1.10701
1.09424
1.0785
1.06203
1.04742
1.03734
1.03408
1.03904
1.0522
1.07202
1.09585
1.12053
1.14304
1.16104
1.17297
1.17817
1.17665
1.16907
1.15671
1.14126
1.1244
1.10748
1.09119
1.07566
1.06078
1.04657
1.03334
1.02169
1.01224
1.00568
1.00248
1.00273
1.00593
1.01107
1.01671
1.02133
1.02371
1.02321
1.01983
1.01419
1.00726
1.00012
0.993618
0.988237
0.984144
0.981338
0.979893
0.979998
0.98207
0.986821
0.995137
1.00782
1.0253
1.04728
1.07281
1.10027
1.12767
1.15291
1.174
1.18941
1.19833
1.20082
1.19776
1.19046
1.18022
1.1681
1.15476
1.14053
1.12561
1.11013
1.09424
1.07803
1.06142
1.04452
1.02759
1.01113
0.995876
0.982752
0.972603
0.965919
0.962716
0.962433
0.964188
0.96717
0.970882
0.975514
0.982043
0.991951
1.00674
1.02726
1.05312
1.08284
1.1141
1.14419
1.17042
1.19006
1.20046
1.19928
1.1849
1.15668
1.11584
1.06564
1.01162
0.96123
0.922182
0.90015
0.897117
0.911206
0.938218
0.972965
1.0104
1.04653
1.07875
1.10574
1.12699
1.14205
1.15026
1.15113
1.14514
1.13408
1.12081
1.10817
1.09792
1.09046
1.08518
1.08095
1.07652
1.0708
1.06285
1.05201
1.03804
1.02111
1.00202
0.982383
0.964599
0.951425
0.945376
0.948073
0.959795
0.979162
1.00356
1.02985
1.05508
1.07708
1.09464
1.10735
1.1153
1.11883
1.11842
1.11469
1.1084
1.10017
1.09052
1.07976
1.06828
1.05681
1.04632
1.03801
1.0329
1.03164
1.03462
1.04202
1.05365
1.06862
1.08551
1.10254
1.11817
1.13135
1.14175
1.14924
1.15331
1.15278
1.14625
1.13291
1.11331
1.08973
1.06582
1.04546
1.03162
1.02549
1.02642
1.03236
1.04044
1.04777
1.05225
1.05324
1.05151
1.04896
1.04762
1.04876
1.0525
1.0578
1.06309
1.06678
1.06796
1.06672
1.06387
1.06044
1.05727
1.05457
1.05193
1.04875
1.04444
1.03873
1.03196
1.02488
1.01866
1.01451
1.01341
1.01603
1.02246
1.03202
1.04325
1.05412
1.06252
1.06685
1.06641
1.0617
1.05437
1.0467
1.04094
1.03878
1.04111
1.04804
1.05918
1.07381
1.09093
1.10917
1.12682
1.14202
1.15309
1.15884
1.15883
1.15329
1.14304
1.12934
1.11387
1.09862
1.08569
1.0768
1.0727
1.07289
1.07553
1.0781
1.07834
1.07476
1.06687
1.05494
1.03989
1.02331
1.00766
0.995773
0.990045
0.991329
0.998449
1.00891
1.02018
1.03068
1.03995
1.0483
1.05633
1.06419
1.0711
1.07546
1.07566
1.07099
1.06225
1.05153
1.04148
1.03405
1.03
1.02912
1.03097
1.03512
1.04113
1.04832
1.05573
1.06252
1.06827
1.0728
1.0762
1.07864
1.0801
1.08036
1.07901
1.07569
1.07016
1.0627
1.05448
1.04737
1.04338
1.0438
1.04853
1.05592
1.06332
1.06821
1.06883
1.06468
1.05636
1.04524
1.03304
1.02137
1.01141
1.00398
0.999744
0.999527
1.00422
1.01442
1.03031
1.05111
1.0751
1.0999
1.1228
1.14105
1.15228
1.15511
1.14957
1.13743
1.12185
1.10628
1.09342
1.08495
1.08168
1.08369
1.09014
1.09912
1.10783
1.1131
1.11215
1.10319
1.08573
1.0609
1.03174
1.00335
0.982722
0.976723
0.988271
1.01386
1.04593
1.0771
1.10261
1.12007
1.12865
1.12847
1.12056
1.10688
1.09026
1.07429
1.06252
1.05764
1.06066
1.0705
1.08435
1.09855
1.10935
1.11395
1.11077
1.09986
1.08273
1.06195
1.0405
1.02128
1.00671
0.998564
0.997681
1.00394
1.01624
1.03268
1.05102
1.06916
1.08596
1.10158
1.1168
1.13173
1.14455
1.15207
1.15119
1.14038
1.12024
1.0934
1.06385
1.03596
1.01349
0.998569
0.991397
0.990251
0.992654
0.99665
1.00178
1.00908
1.01994
1.0349
1.05315
1.07277
1.09106
1.10482
1.1111
1.10852
1.09798
1.08217
1.06447
1.04783
1.0343
1.02485
1.0196
1.01831
1.02076
1.02685
1.03636
1.04857
1.06222
1.07559
1.08706
1.09555
1.10092
1.10381
1.10526
1.10595
1.10579
1.10393
1.09923
1.09113
1.0804
1.06888
1.05889
1.05228
1.05012
1.0526
1.05932
1.06952
1.08218
1.09615
1.11014
1.12277
1.13267
1.13855
1.13945
1.13466
1.12407
1.10835
1.08907
1.06864
1.05032
1.03735
1.03155
1.03235
1.03725
1.04317
1.04803
1.05113
1.05286
1.0542
1.05623
1.05969
1.06463
1.0704
1.0757
1.07903
1.07907
1.07501
1.06677
1.05486
1.0404
1.02464
1.00876
0.993642
0.979772
0.967687
0.958126
0.952188
0.951095
0.955811
0.966418
0.982059
1.00096
1.02103
1.04044
1.05791
1.07288
1.08542
1.09588
1.10454
1.11128
1.11553
1.11648
1.11354
1.10661
1.09634
1.08402
1.07161
1.06153
1.05624
1.05745
1.06552
1.0791
1.09553
1.1117
1.1247
1.13234
1.13348
1.12789
1.11632
1.10027
1.08166
1.06221
1.04308
1.02491
1.00825
0.993756
0.982306
0.974677
0.97145
0.972833
0.978557
0.987914
0.999812
1.01312
1.02699
1.0411
1.05554
1.07043
1.08562
1.10044
1.11382
1.12443
1.13098
1.13246
1.12839
1.11878
1.10427
1.08615
1.06651
1.04802
1.03343
1.0249
1.02344
1.02869
1.03929
1.05337
1.06892
1.084
1.09686
1.10613
1.111
1.11106
1.10634
1.09725
1.08453
1.0692
1.05257
1.03606
1.02106
1.00889
1.00067
0.997384
0.999512
1.00662
1.01735
1.0299
1.04274
1.05496
1.06643
1.07722
1.08742
1.0969
1.10532
1.11213
1.11669
1.11824
1.11603
1.10967
1.09914
1.08543
1.07043
1.05664
1.04648
1.04143
1.0416
1.0458
1.0523
1.05932
1.06548
1.06998
1.07231
1.07231
1.06995
1.06532
1.05893
1.05174
1.04494
1.03968
1.03665
1.03601
1.03754
1.04097
1.04592
1.05193
1.05821
1.06385
1.06793
1.06965
1.06855
1.06459
1.0584
1.05121
1.0448
1.04108
1.04177
1.04773
1.05853
1.07203
1.08492
1.09367
1.09574
1.09046
1.07905
1.06404
1.04849
1.03498
1.02521
1.02009
1.02
1.02515
1.03536
1.04984
1.06699
1.08468
1.10066
1.11295
1.1203
1.12246
1.12016
1.11482
1.10799
1.10102
1.09461
1.08882
1.08326
1.07734
1.07051
1.06271
1.05455
1.04732
1.04245
1.04102
1.04337
1.04902
1.05689
1.06553
1.07326
1.07831
1.07896
1.07403
1.06352
1.04878
1.03223
1.01669
1.00457
0.997201
0.995334
0.999533
1.00999
1.02633
1.04709
1.06962
1.09072
1.10728
1.11698
1.11883
1.11329
1.10217
1.08807
1.07372
1.06137
1.05229
1.04682
1.04464
1.04508
1.04735
1.05056
1.05385
1.05625
1.05683
1.05473
1.04937
1.04068
1.02932
1.01668
1.00472
0.995733
0.991885
0.994665
1.0045
1.02067
1.04121
1.06336
1.08429
1.10165
1.11409
1.12132
1.12386
1.12281
1.11941
1.11487
1.11021
1.10626
1.10358
1.10236
1.10227
1.1023
1.10111
1.09725
1.08968
1.07802
1.06273
1.04513
1.02726
1.0114
0.999412
0.992386
0.990426
0.992742
0.998121
1.0053
1.01323
1.02089
1.02719
1.03101
1.03158
1.02902
1.02452
1.02019
1.01848
1.02122
1.02897
1.04087
1.05505
1.06921
1.08143
1.09051
1.096
1.09813
1.09744
1.0946
1.09013
1.08423
1.07684
1.06771
1.05682
1.04457
1.03201
1.02049
1.01124
1.00511
1.00264
1.00407
1.00926
1.01785
1.02921
1.04267
1.05745
1.07255
1.08691
1.09944
1.10927
1.11597
1.1197
1.12102
1.12046
1.11815
1.11346
1.10542
1.09308
1.07626
1.05618
1.03569
1.01897
1.01039
1.01301
1.0268
1.04832
1.07216
1.09333
1.10893
1.11837
1.12283
1.12431
1.12479
1.12559
1.12727
1.12953
1.13124
1.13088
1.12685
1.1181
1.10434
1.08609
1.06442
1.04063
1.01595
0.991616
0.969022
0.949896
0.93636
0.930622
0.934166
0.946817
0.966715
0.990743
1.01541
1.03768
1.05561
1.06851
1.07692
1.08206
1.08515
1.08719
1.08853
1.08909
1.08854
1.08676
1.08417
1.08158
1.07989
1.0798
1.08143
1.08431
1.08763
1.09064
1.09271
1.09327
1.09177
1.08776
1.08103
1.07191
1.06118
1.04992
1.03938
1.03084
1.02551
1.02427
1.0276
1.03538
1.04672
1.0603
1.07455
1.08801
1.09936
1.10748
1.1116
1.11131
1.10698
1.09972
1.09124
1.08322
1.07681
1.07232
1.06926
1.06694
1.0648
1.06249
1.05979
1.0564
1.05167
1.04485
1.03553
1.02427
1.01286
1.00383
0.999514
1.00105
1.00813
1.01947
1.03362
1.04949
1.06639
1.08388
1.10141
1.11818
1.13324
1.1455
1.15395
1.15766
1.15587
1.14814
1.13417
1.11389
1.08742
1.05535
1.01895
0.980437
0.943004
0.910389
0.886243
0.873114
0.871699
0.880753
0.897727
0.919662
0.943998
0.969005
0.994026
1.01918
1.04511
1.07236
1.10079
1.1293
1.15587
1.17791
1.19322
1.20053
1.19996
1.19303
1.18213
1.16988
1.1582
1.14805
1.13952
1.13205
1.12496
1.11767
1.10984
1.10117
1.09164
1.08146
1.07103
1.06087
1.05135
1.04249
1.03411
1.02587
1.01721
1.00763
0.996969
0.985778
0.975468
0.968415
0.967761
0.97666
0.997052
1.02843
1.06713
1.10696
1.14116
1.16426
1.17338
1.16831
1.15101
1.12492
1.09398
1.06187
1.0316
1.0054
0.984798
0.970572
0.962933
0.961495
0.96535
1.20591
1.20883
1.20797
1.20364
1.19674
1.18846
1.18015
1.17298
1.16777
1.16486
1.16417
1.16536
1.16797
1.17174
1.17625
1.18081
1.18437
1.1859
1.18488
1.18133
1.17582
1.16907
1.16151
1.15306
1.14343
1.13252
1.12101
1.11037
1.10235
1.09795
1.09679
1.09743
1.09858
1.10043
1.10499
1.11509
1.13267
1.15754
1.18734
1.21857
1.2476
1.27137
1.28759
1.29496
1.29329
1.28351
1.26753
1.24789
1.22719
1.20744
1.18962
1.17372
1.15885
1.14414
1.1293
1.11491
1.10255
1.09434
1.09229
1.09747
1.10926
1.12545
1.1429
1.15893
1.17221
1.18282
1.19168
1.19972
1.20744
1.21465
1.22077
1.22547
1.22883
1.23152
1.2345
1.23916
1.24676
1.25788
1.27186
1.28664
1.29939
1.30756
1.30977
1.30602
1.29738
1.2851
1.27034
1.25425
1.23845
1.22457
1.21354
1.20505
1.19795
1.191
1.18345
1.17524
1.16672
1.15852
1.1512
1.14523
1.14043
1.13591
1.13002
1.12105
1.10792
1.09087
1.07165
1.05329
1.03934
1.03314
1.03691
1.05122
1.07481
1.10501
1.13855
1.1722
1.20344
1.23048
1.25206
1.26747
1.27635
1.27877
1.27509
1.26606
1.25282
1.23676
1.21977
1.20414
1.19243
1.18706
1.18944
1.19958
1.21567
1.23452
1.25229
1.26529
1.27072
1.26717
1.25476
1.23479
1.20948
1.18141
1.15322
1.12747
1.10655
1.09236
1.08592
1.08714
1.09509
1.10868
1.12691
1.14907
1.17443
1.20198
1.23026
1.25776
1.28319
1.30537
1.32305
1.33486
1.33917
1.33446
1.31964
1.29439
1.25959
1.21766
1.17266
1.12988
1.09448
1.0697
1.05589
1.05086
1.05149
1.05548
1.06183
1.07033
1.08083
1.09273
1.1051
1.11698
1.12754
1.13624
1.14294
1.14821
1.15329
1.15985
1.1691
1.18154
1.19678
1.21371
1.23073
1.24608
1.25842
1.26699
1.27179
1.2732
1.27155
1.26706
1.25999
1.25095
1.24071
1.22982
1.21823
1.20536
1.19081
1.17512
1.16004
1.1483
1.14279
1.14526
1.15558
1.1716
1.19011
1.2079
1.22258
1.2325
1.23656
1.23411
1.22517
1.21078
1.1932
1.17561
1.16148
1.15339
1.15225
1.15722
1.16646
1.17816
1.19106
1.20441
1.21742
1.22878
1.23688
1.2406
1.23976
1.23522
1.22845
1.221
1.21413
1.20844
1.20389
1.19987
1.19562
1.1906
1.18491
1.17946
1.17599
1.17639
1.18158
1.19075
1.20153
1.21057
1.21449
1.21071
1.19832
1.17843
1.1542
1.13026
1.11177
1.10311
1.10684
1.12303
1.14959
1.18284
1.21841
1.25193
1.27961
1.2987
1.30786
1.30711
1.29763
1.2816
1.26173
1.24093
1.22167
1.20541
1.19247
1.18218
1.17362
1.16619
1.15993
1.15546
1.15352
1.1544
1.15764
1.1622
1.16678
1.17051
1.17349
1.17683
1.18208
1.19054
1.20238
1.21644
1.23034
1.24111
1.24596
1.2429
1.23132
1.21225
1.1883
1.16308
1.14025
1.1225
1.11102
1.10535
1.10396
1.10487
1.10627
1.10674
1.10556
1.10288
1.09951
1.0965
1.09489
1.09525
1.09746
1.10064
1.10312
1.10256
1.0969
1.08543
1.0701
1.05604
1.05034
1.05885
1.08312
1.12019
1.16491
1.21221
1.25774
1.29801
1.33039
1.35331
1.3662
1.36942
1.36421
1.35243
1.33645
1.31885
1.30197
1.2874
1.27568
1.26615
1.25727
1.24726
1.23474
1.21923
1.20142
1.18312
1.167
1.15605
1.15277
1.15849
1.17288
1.19401
1.21875
1.24323
1.26331
1.27529
1.27649
1.26574
1.24367
1.21271
1.17649
1.1392
1.10481
1.07678
1.05766
1.04894
1.05079
1.06211
1.08073
1.10387
1.12846
1.15134
1.16968
1.18172
1.18732
1.1879
1.18607
1.18493
1.18732
1.19498
1.20809
1.22511
1.24307
1.25855
1.26834
1.27018
1.26304
1.24686
1.22267
1.19245
1.15905
1.12594
1.09676
1.0748
1.06224
1.05974
1.06662
1.08141
1.10234
1.12758
1.15534
1.18357
1.20992
1.2318
1.24701
1.25418
1.25304
1.24467
1.23109
1.2151
1.19985
1.18828
1.18252
1.18353
1.19088
1.20297
1.21729
1.23096
1.24124
1.246
1.24432
1.23659
1.22438
1.2097
1.19427
1.17922
1.16538
1.1534
1.14384
1.13699
1.13275
1.1308
1.13069
1.13197
1.1342
1.13711
1.14069
1.1451
1.15033
1.15576
1.16006
1.16158
1.15896
1.15181
1.14099
1.12835
1.11618
1.10645
1.10032
1.09798
1.09911
1.10362
1.11153
1.1225
1.13572
1.1502
1.16523
1.18017
1.19431
1.2071
1.21871
1.23017
1.24296
1.25813
1.27566
1.29447
1.31274
1.32813
1.33812
1.34027
1.33295
1.31574
1.2901
1.25887
1.22604
1.19567
1.17137
1.15555
1.1491
1.1514
1.16042
1.17348
1.18763
1.20022
1.20909
1.21271
1.21021
1.20165
1.18829
1.17252
1.15733
1.14537
1.13798
1.13494
1.13491
1.13656
1.13949
1.14412
1.15115
1.16052
1.17126
1.18186
1.19108
1.19807
1.20218
1.2027
1.19927
1.19206
1.18183
1.16965
1.1566
1.1434
1.13081
1.11992
1.11255
1.11091
1.11652
1.12957
1.1489
1.17251
1.19826
1.22407
1.24802
1.26837
1.28367
1.29309
1.29661
1.29475
1.28816
1.27733
1.26272
1.24532
1.22721
1.21165
1.20199
1.19992
1.20424
1.21128
1.2164
1.216
1.2087
1.19555
1.17935
1.1636
1.15155
1.14533
1.14567
1.15175
1.16129
1.17096
1.17722
1.17741
1.17052
1.15731
1.14008
1.12212
1.10686
1.09756
1.09672
1.10564
1.12421
1.15079
1.18235
1.21487
1.24421
1.26687
1.28062
1.28469
1.27973
1.26749
1.25028
1.2306
1.21082
1.1929
1.17829
1.1679
1.16204
1.16034
1.16193
1.16566
1.17041
1.17551
1.18063
1.18584
1.19146
1.19789
1.20562
1.21507
1.22606
1.23756
1.24796
1.25553
1.25906
1.25801
1.25252
1.24297
1.23018
1.21553
1.20092
1.18802
1.17743
1.1687
1.16081
1.15306
1.14538
1.13801
1.13117
1.12491
1.11945
1.11536
1.11334
1.11387
1.11695
1.12218
1.12907
1.13771
1.14894
1.16407
1.18396
1.20804
1.23374
1.25713
1.27413
1.28154
1.27769
1.26253
1.23729
1.20441
1.16751
1.1319
1.10425
1.09062
1.09321
1.10923
1.13281
1.15814
1.18135
1.20051
1.21496
1.22467
1.22984
1.23064
1.22725
1.22007
1.20999
1.19871
1.18841
1.18133
1.17902
1.18225
1.191
1.2045
1.22119
1.23883
1.25531
1.26909
1.27952
1.28636
1.2893
1.2877
1.28073
1.26807
1.24976
1.22654
1.19973
1.17127
1.1434
1.11822
1.09725
1.08128
1.07051
1.06499
1.06482
1.0699
1.07956
1.09253
1.10717
1.12182
1.13523
1.14675
1.15637
1.16451
1.17186
1.17901
1.18596
1.19202
1.19609
1.19705
1.19439
1.18833
1.17986
1.17065
1.16281
1.15864
1.1604
1.16992
1.18782
1.21284
1.24159
1.26905
1.29011
1.30092
1.30001
1.28839
1.26894
1.2453
1.22086
1.19814
1.17871
1.1637
1.15411
1.15086
1.1544
1.1642
1.17858
1.19494
1.21038
1.22251
1.23007
1.23363
1.2355
1.23923
1.24809
1.26321
1.28281
1.30295
1.31916
1.32769
1.32612
1.31334
1.28947
1.25582
1.21509
1.17123
1.12957
1.0963
1.07733
1.07604
1.09124
1.11724
1.14646
1.17251
1.192
1.20439
1.21093
1.21345
1.21351
1.21205
1.20947
1.20574
1.20053
1.19309
1.18222
1.16668
1.14568
1.11979
1.09144
1.06461
1.04391
1.03301
1.03345
1.04434
1.0632
1.08683
1.11239
1.13781
1.16165
1.1831
1.20176
1.21762
1.23093
1.24184
1.24981
1.25389
1.25291
1.24611
1.23382
1.21795
1.20146
1.18777
1.17963
1.17843
1.18412
1.19531
1.21022
1.22695
1.24378
1.25918
1.27188
1.28081
1.28512
1.2844
1.27858
1.26768
1.25175
1.23125
1.20755
1.18263
1.15868
1.13734
1.11962
1.10612
1.09741
1.09419
1.0972
1.10685
1.12293
1.14445
1.16971
1.19626
1.22094
1.23986
1.24907
1.24566
1.22911
1.20215
1.17039
1.14049
1.11778
1.10477
1.10127
1.1054
1.11466
1.12653
1.13884
1.14991
1.15859
1.16436
1.16767
1.1697
1.17226
1.17738
1.18662
1.20035
1.21733
1.23493
1.24987
1.25923
1.26138
1.25643
1.24606
1.23255
1.21795
1.2037
1.19081
1.18066
1.17486
1.17497
1.18171
1.19451
1.21156
1.23019
1.2475
1.26089
1.26853
1.26972
1.2647
1.2541
1.23824
1.21723
1.19165
1.16347
1.13647
1.11563
1.10515
1.10627
1.11658
1.13175
1.14782
1.16249
1.17496
1.18498
1.19232
1.19637
1.19657
1.1927
1.18501
1.17442
1.16257
1.15153
1.14331
1.13926
1.13956
1.14331
1.14879
1.15406
1.15731
1.15719
1.15291
1.14428
1.13196
1.11791
1.10548
1.09872
1.10111
1.11446
1.13794
1.16825
1.20076
1.23089
1.25527
1.27215
1.28145
1.28432
1.28254
1.27831
1.27365
1.26992
1.26755
1.26593
1.26356
1.2585
1.24905
1.23448
1.21509
1.19222
1.16807
1.14535
1.12678
1.11465
1.11014
1.11292
1.12141
1.13339
1.14668
1.1596
1.17126
1.18123
1.18942
1.19589
1.2007
1.20376
1.20512
1.20494
1.20341
1.20054
1.19623
1.19046
1.18377
1.1772
1.1719
1.16833
1.16619
1.16475
1.16328
1.16146
1.15921
1.15652
1.15391
1.15296
1.15599
1.16462
1.1784
1.19512
1.21219
1.2275
1.23982
1.24859
1.25376
1.25581
1.25545
1.25332
1.24987
1.24544
1.24043
1.23515
1.2294
1.22223
1.21229
1.19896
1.18325
1.16811
1.15726
1.15332
1.1567
1.16555
1.17717
1.18926
1.20042
1.20972
1.21657
1.22064
1.22182
1.22035
1.21658
1.21084
1.20331
1.19395
1.18227
1.16774
1.14998
1.12953
1.10818
1.08888
1.07493
1.06899
1.20234
1.2093
1.2191
1.22978
1.23953
1.24693
1.25101
1.25134
1.24837
1.24345
1.2385
1.23565
1.23659
1.24219
1.25216
1.26516
1.27918
1.2921
1.30227
1.30866
1.31082
1.30867
1.30244
1.29255
1.27992
1.26611
1.25321
1.2433
1.23781
1.23696
1.23974
1.24449
1.24964
1.25421
1.25806
1.26154
1.26497
1.2683
1.27085
1.27158
1.26985
1.26641
1.26375
1.26526
1.27329
1.28787
1.30666
1.32611
1.34238
1.35223
1.35344
1.34526
1.32835
1.30448
1.27603
1.2455
1.21522
1.18733
1.16391
1.14702
1.13845
1.13917
1.14878
1.16537
1.18601
1.20747
1.22709
1.24317
1.2551
1.2631
1.26769
1.26923
1.26762
1.2624
1.25327
1.24071
1.22627
1.21248
1.20236
1.19874
1.20351
1.21694
1.23741
1.26172
1.28592
1.30651
1.32135
1.33007
1.3336
1.33323
1.32969
1.32297
1.31278
1.2991
1.28241
1.26366
1.24407
1.22522
1.20924
1.19842
1.19451
1.19798
1.20788
1.22221
1.23868
1.25498
1.26933
1.28045
1.28766
1.29081
1.29028
1.28656
1.28024
1.27218
1.26371
1.25633
1.25137
1.24979
1.25193
1.2574
1.2654
1.27491
1.28481
1.29364
1.29974
1.30191
1.29992
1.29434
1.2862
1.27628
1.26455
1.25036
1.2333
1.21419
1.19538
1.18032
1.17238
1.17362
1.18417
1.20205
1.22391
1.24591
1.26459
1.27747
1.28343
1.28251
1.27608
1.26655
1.25694
1.25031
1.24915
1.25473
1.26686
1.28379
1.30263
1.32002
1.33288
1.33904
1.33773
1.32943
1.31546
1.29732
1.27664
1.25521
1.23482
1.21641
1.19927
1.18162
1.16182
1.13994
1.11814
1.10014
1.08997
1.09084
1.10414
1.12881
1.16165
1.19833
1.2346
1.26738
1.29513
1.3178
1.33611
1.35077
1.36182
1.36878
1.37098
1.36803
1.35986
1.3467
1.32863
1.30598
1.27981
1.25271
1.22851
1.21113
1.20266
1.20235
1.20726
1.21376
1.21912
1.22217
1.2232
1.22334
1.22392
1.22593
1.22998
1.23628
1.24473
1.25501
1.26666
1.27886
1.29049
1.30018
1.30667
1.3095
1.30939
1.30787
1.30622
1.30473
1.30266
1.2992
1.29409
1.28762
1.28011
1.27175
1.26251
1.25261
1.24265
1.23382
1.22772
1.22622
1.23061
1.24069
1.25424
1.26749
1.27651
1.2788
1.27436
1.26567
1.25664
1.25124
1.25224
1.26064
1.27577
1.29572
1.3176
1.33811
1.35395
1.36244
1.36204
1.35273
1.3361
1.3149
1.29251
1.27205
1.25581
1.2449
1.23934
1.23868
1.24207
1.24825
1.25551
1.26178
1.2652
1.26459
1.25973
1.25122
1.24011
1.22748
1.21428
1.20135
1.18947
1.17913
1.17031
1.1629
1.15719
1.15412
1.15487
1.16015
1.16977
1.18241
1.19635
1.20986
1.22166
1.23095
1.23744
1.24128
1.24315
1.24416
1.24554
1.24819
1.25226
1.2573
1.26267
1.26785
1.27256
1.27674
1.28044
1.28391
1.2875
1.29155
1.29617
1.30108
1.30551
1.30826
1.30819
1.30466
1.29787
1.28878
1.27869
1.26901
1.26107
1.25618
1.25554
1.25989
1.26898
1.28079
1.29231
1.30071
1.3041
1.30223
1.29616
1.28784
1.27931
1.27205
1.26665
1.26278
1.25962
1.25617
1.25165
1.24544
1.23677
1.22503
1.21003
1.19266
1.17536
1.16189
1.15608
1.16006
1.17332
1.19314
1.21606
1.23899
1.25977
1.27687
1.28928
1.29637
1.29789
1.29391
1.28501
1.27213
1.25665
1.24016
1.22443
1.21116
1.20198
1.19863
1.20289
1.21586
1.23695
1.26313
1.28962
1.31151
1.32523
1.32908
1.32289
1.30761
1.28502
1.25755
1.22813
1.20001
1.17643
1.16014
1.15281
1.15479
1.1653
1.18287
1.20574
1.2317
1.25797
1.28099
1.29678
1.30215
1.29581
1.2794
1.25723
1.23455
1.216
1.20483
1.20285
1.2107
1.22776
1.2521
1.28062
1.30963
1.33558
1.35564
1.3678
1.37113
1.36577
1.35338
1.3373
1.32161
1.3096
1.30227
1.29825
1.29517
1.29112
1.28515
1.27712
1.26731
1.25643
1.24586
1.23734
1.23236
1.23126
1.23287
1.23509
1.23603
1.23492
1.23227
1.22941
1.22781
1.2286
1.23254
1.24022
1.25195
1.26738
1.2852
1.30274
1.3167
1.3239
1.32239
1.31206
1.29424
1.27106
1.24499
1.21888
1.19593
1.17922
1.17083
1.17178
1.18183
1.19975
1.22326
1.24888
1.27236
1.28971
1.29811
1.297
1.28812
1.2751
1.26231
1.25345
1.25078
1.25463
1.26372
1.27547
1.28661
1.2939
1.29517
1.28997
1.27954
1.26622
1.25298
1.24291
1.23863
1.2418
1.25274
1.27041
1.29244
1.3154
1.33518
1.34764
1.34956
1.33952
1.31859
1.29039
1.26026
1.23355
1.21368
1.20164
1.19715
1.20018
1.21062
1.22726
1.24711
1.26617
1.28061
1.28764
1.28592
1.2757
1.25845
1.23703
1.21541
1.19808
1.1887
1.18886
1.19801
1.21443
1.23638
1.26241
1.29085
1.31929
1.34461
1.36386
1.37477
1.37616
1.36781
1.35064
1.32641
1.29751
1.26665
1.23623
1.2082
1.18388
1.16388
1.14868
1.1392
1.13723
1.14515
1.16512
1.19765
1.24047
1.28875
1.33644
1.37807
1.40956
1.42844
1.43361
1.42524
1.40467
1.37431
1.33748
1.29822
1.26102
1.23026
1.20929
1.19959
1.20046
1.20949
1.22313
1.23751
1.24938
1.25661
1.25853
1.25562
1.24892
1.23928
1.22696
1.21157
1.19256
1.16998
1.14516
1.12065
1.09988
1.08639
1.08294
1.09073
1.10902
1.13529
1.16598
1.1972
1.22539
1.24766
1.26229
1.26916
1.26964
1.26604
1.26054
1.25468
1.24929
1.24494
1.24246
1.24278
1.24677
1.25485
1.26688
1.28208
1.29921
1.31667
1.33277
1.34604
1.35555
1.36134
1.36443
1.3664
1.36883
1.37263
1.37738
1.38127
1.38157
1.37563
1.36178
1.33985
1.31141
1.27959
1.24832
1.22149
1.20185
1.19065
1.18739
1.19033
1.197
1.20498
1.21242
1.21823
1.22216
1.22483
1.22758
1.23152
1.23661
1.24134
1.24378
1.24252
1.23708
1.22785
1.21562
1.20156
1.18719
1.17414
1.16375
1.15699
1.15438
1.15607
1.16173
1.17059
1.18168
1.19409
1.20713
1.22025
1.23299
1.24521
1.25698
1.26843
1.27978
1.29096
1.30155
1.31092
1.3183
1.32312
1.325
1.32381
1.31955
1.31234
1.30257
1.29084
1.27804
1.26511
1.25307
1.24285
1.23517
1.23049
1.22885
1.22976
1.23239
1.23592
1.23951
1.24259
1.2451
1.24769
1.2518
1.25903
1.27046
1.28604
1.30432
1.32284
1.33867
1.34897
1.35165
1.34555
1.33077
1.30874
1.28219
1.25473
1.23031
1.21264
1.20444
1.20701
1.21991
1.24097
1.26638
1.29107
1.30992
1.31932
1.31871
1.31086
1.29992
1.28823
1.27522
1.25958
1.24179
1.22456
1.21158
1.20588
1.20868
1.21904
1.2345
1.25178
1.26768
1.27975
1.28685
1.28941
1.28911
1.28793
1.28697
1.28593
1.28335
1.27744
1.26683
1.25115
1.23164
1.21136
1.19508
1.18764
1.19175
1.2066
1.22813
1.25111
1.27095
1.28448
1.29015
1.28771
1.27781
1.2616
1.24048
1.21647
1.19267
1.17324
1.16253
1.16334
1.1759
1.198
1.22596
1.25595
1.28467
1.30961
1.32907
1.34191
1.34731
1.34459
1.33322
1.31318
1.28563
1.25322
1.22006
1.19033
1.16654
1.14869
1.13486
1.12314
1.11315
1.10658
1.10672
1.11673
1.13786
1.16831
1.20379
1.23918
1.27023
1.29459
1.31176
1.32234
1.32749
1.32846
1.32621
1.32128
1.31416
1.30556
1.29656
1.28875
1.28392
1.28356
1.28819
1.29732
1.30967
1.32357
1.33716
1.3484
1.35471
1.35349
1.34248
1.32065
1.28874
1.24951
1.20758
1.16907
1.14052
1.12735
1.13205
1.15331
1.18617
1.22357
1.25817
1.28415
1.2983
1.30019
1.29165
1.27557
1.25481
1.23146
1.20677
1.18172
1.15762
1.13664
1.12163
1.11546
1.12023
1.13622
1.16166
1.19307
1.22611
1.25676
1.28206
1.30064
1.31266
1.31944
1.32273
1.32388
1.32343
1.32112
1.31641
1.30881
1.29826
1.28526
1.27077
1.25621
1.24345
1.23451
1.23128
1.23517
1.24679
1.26515
1.28683
1.3069
1.32119
1.32773
1.32639
1.31745
1.30116
1.27828
1.25076
1.22169
1.1951
1.17517
1.16551
1.16791
1.18155
1.20282
1.22615
1.24559
1.25677
1.25826
1.25248
1.24586
1.24709
1.26266
1.29192
1.32767
1.36153
1.38821
1.40593
1.4151
1.41691
1.41281
1.40427
1.39257
1.37862
1.3629
1.34557
1.32648
1.30542
1.28235
1.25767
1.2324
1.20835
1.18785
1.17337
1.16676
1.16838
1.17685
1.18946
1.20289
1.21419
1.22128
1.22317
1.21989
1.21221
1.2013
1.18865
1.17617
1.16614
1.1612
1.16394
1.17649
1.19962
1.23212
1.27047
1.30958
1.34371
1.36769
1.37785
1.37266
1.35299
1.32192
1.28411
1.24505
1.20994
1.18245
1.16414
1.15477
1.15314
1.15806
1.16855
1.18383
1.203
1.22469
1.24715
1.26819
1.28582
1.29862
1.30624
1.30951
1.31021
1.31031
1.31157
1.31494
1.32069
1.32852
1.3378
1.34784
1.35767
1.36601
1.37138
1.37256
1.36918
1.36186
1.35183
1.34045
1.32886
1.31787
1.30769
1.29777
1.28674
1.27271
1.25413
1.23057
1.20309
1.17389
1.14608
1.12293
1.10719
1.10042
1.10275
1.11288
1.12858
1.14745
1.16746
1.18736
1.20656
1.22469
1.2413
1.25585
1.26793
1.2774
1.28452
1.28982
1.29375
1.29666
1.29867
1.29997
1.30106
1.30266
1.30525
1.3086
1.31187
1.31381
1.3133
1.30974
1.30278
1.29214
1.27783
1.26064
1.24258
1.22645
1.21482
1.20948
1.21126
1.22038
1.23637
1.25779
1.28191
1.305
1.32325
1.33357
1.33458
1.32685
1.31265
1.29535
1.18597
1.17749
1.17676
1.18358
1.19663
1.21399
1.23357
1.25314
1.27048
1.28394
1.29274
1.29712
1.29789
1.29562
1.29017
1.28088
1.26718
1.24928
1.22844
1.20634
1.18451
1.1639
1.14495
1.128
1.11418
1.10533
1.10294
1.10693
1.11547
1.12647
1.1387
1.15172
1.16516
1.17813
1.18923
1.19713
1.20108
1.2013
1.19883
1.19505
1.19136
1.18891
1.18852
1.19059
1.19506
1.20156
1.20984
1.21999
1.23203
1.24548
1.25909
1.27097
1.27922
1.28238
1.27996
1.27265
1.26246
1.25239
1.24562
1.24429
1.24881
1.2578
1.2687
1.27868
1.28531
1.28684
1.28237
1.2717
1.25515
1.2336
1.20889
1.18393
1.16235
1.14716
1.13952
1.13854
1.14268
1.15072
1.16181
1.1751
1.18898
1.20119
1.20896
1.20968
1.20158
1.18463
1.16113
1.13553
1.11339
1.09916
1.09455
1.09835
1.10805
1.12155
1.13796
1.15727
1.17951
1.20413
1.22973
1.25405
1.27436
1.28781
1.29201
1.28542
1.26786
1.24088
1.20796
1.17423
1.14542
1.1262
1.119
1.12376
1.13831
1.15905
1.18179
1.20283
1.22016
1.23355
1.24387
1.25207
1.25869
1.2637
1.26706
1.26883
1.26899
1.2675
1.2642
1.25905
1.25213
1.24361
1.2336
1.22214
1.20924
1.19528
1.18111
1.16832
1.15903
1.15537
1.15858
1.16855
1.18387
1.20252
1.22246
1.24196
1.25951
1.27366
1.28294
1.28637
1.28363
1.27517
1.26208
1.24575
1.22752
1.20829
1.18858
1.16877
1.14934
1.13104
1.11477
1.10115
1.0905
1.08308
1.07934
1.08005
1.08628
1.09892
1.11799
1.14214
1.16882
1.19489
1.21747
1.23464
1.24574
1.2514
1.25322
1.25345
1.25435
1.25734
1.26257
1.26917
1.27589
1.28122
1.28355
1.28119
1.27257
1.25672
1.23362
1.20451
1.17208
1.14041
1.11433
1.098
1.09368
1.10075
1.11611
1.13527
1.15396
1.16923
1.18014
1.18751
1.19319
1.19907
1.20628
1.21517
1.22542
1.23626
1.24649
1.25469
1.25974
1.26128
1.25997
1.25722
1.25473
1.25378
1.25473
1.25677
1.25837
1.25775
1.25348
1.245
1.23293
1.21885
1.20496
1.19323
1.18476
1.17963
1.17715
1.17642
1.17682
1.17778
1.17875
1.17886
1.17701
1.17217
1.16412
1.15405
1.14419
1.13704
1.13424
1.13585
1.14074
1.14742
1.15461
1.16171
1.16879
1.17656
1.18561
1.19591
1.20669
1.21671
1.22475
1.2302
1.23324
1.23479
1.23622
1.23871
1.24271
1.24758
1.2519
1.25386
1.25205
1.24608
1.23691
1.22651
1.21768
1.21361
1.21708
1.22917
1.24843
1.27086
1.29114
1.30446
1.30774
1.3002
1.28322
1.25977
1.23363
1.20863
1.18796
1.17389
1.16777
1.16997
1.17941
1.19344
1.20819
1.21959
1.22495
1.22371
1.21743
1.20875
1.20056
1.19541
1.19514
1.20057
1.21116
1.22493
1.23928
1.25186
1.261
1.26587
1.26634
1.26305
1.25732
1.25063
1.24368
1.23618
1.22712
1.21579
1.20241
1.1884
1.17615
1.16818
1.16585
1.1685
1.17351
1.17757
1.17794
1.17337
1.1643
1.1526
1.14141
1.13454
1.13527
1.14496
1.16202
1.18263
1.20264
1.21927
1.23164
1.23994
1.24435
1.24442
1.23957
1.22982
1.21645
1.2022
1.19076
1.18572
1.18948
1.20269
1.22424
1.25186
1.28242
1.31224
1.33742
1.3543
1.35982
1.35205
1.33057
1.29694
1.25521
1.21167
1.17319
1.14482
1.12815
1.12157
1.12181
1.12509
1.12768
1.12664
1.12056
1.11042
1.09989
1.0942
1.09815
1.11423
1.1416
1.17679
1.21534
1.25338
1.28825
1.3181
1.34141
1.35639
1.36083
1.35257
1.3302
1.29372
1.24507
1.1884
1.12984
1.07683
1.03646
1.01425
1.01321
1.03351
1.07221
1.12328
1.17905
1.2324
1.27819
1.31362
1.33757
1.34986
1.35101
1.34214
1.32483
1.301
1.27281
1.24282
1.2141
1.18958
1.17156
1.16117
1.15835
1.16221
1.17125
1.18366
1.19765
1.21172
1.22504
1.23767
1.25013
1.26271
1.27469
1.28406
1.28803
1.28404
1.27091
1.24956
1.2232
1.19659
1.17431
1.15884
1.1498
1.14491
1.14177
1.13903
1.13669
1.13575
1.1379
1.14507
1.15886
1.17989
1.2073
1.23869
1.27077
1.30014
1.32406
1.34083
1.34965
1.35004
1.34174
1.32432
1.29738
1.2611
1.21679
1.16756
1.11862
1.07688
1.04937
1.04111
1.0536
1.08471
1.12972
1.18248
1.2362
1.28442
1.32189
1.34536
1.35389
1.34839
1.33095
1.30429
1.27154
1.23613
1.20137
1.16998
1.14355
1.12279
1.10772
1.09812
1.0937
1.09406
1.09864
1.10676
1.11808
1.13273
1.15097
1.17265
1.19638
1.21975
1.23992
1.25453
1.26247
1.264
1.26055
1.25422
1.24713
1.24085
1.23619
1.2331
1.23103
1.22902
1.22577
1.21951
1.20868
1.19289
1.17345
1.15357
1.13755
1.12951
1.13238
1.14737
1.17332
1.20672
1.24213
1.27383
1.2973
1.31003
1.31151
1.30288
1.28661
1.2658
1.24329
1.22112
1.19999
1.17984
1.16053
1.1424
1.12619
1.11295
1.10403
1.10099
1.10534
1.1177
1.13694
1.15993
1.18244
1.20091
1.2138
1.22177
1.22692
1.23124
1.23566
1.24015
1.24451
1.24928
1.25561
1.2647
1.27677
1.29059
1.30407
1.31496
1.32149
1.32246
1.31729
1.30574
1.28801
1.26499
1.23849
1.21112
1.18578
1.16498
1.15044
1.14253
1.14008
1.14074
1.14212
1.14293
1.14357
1.14557
1.15044
1.15872
1.16957
1.18117
1.19146
1.19909
1.20431
1.20897
1.21518
1.22367
1.23322
1.24177
1.24765
1.25019
1.24939
1.24556
1.23906
1.23022
1.21945
1.2075
1.19537
1.18433
1.17548
1.1693
1.16565
1.16405
1.16413
1.16618
1.17131
1.18098
1.196
1.21599
1.23936
1.2639
1.28765
1.30906
1.32659
1.33849
1.34294
1.33884
1.32654
1.30815
1.28685
1.26556
1.24609
1.2292
1.21521
1.20448
1.19749
1.19443
1.19499
1.19808
1.20191
1.20433
1.20349
1.19856
1.18995
1.17889
1.16687
1.15488
1.14331
1.13212
1.12125
1.11118
1.10304
1.09839
1.09904
1.10665
1.12192
1.14364
1.16824
1.19056
1.20555
1.20995
1.20334
1.1882
1.16916
1.1514
1.13907
1.1341
1.13611
1.1426
1.15032
1.1572
1.16484
1.17903
1.20451
1.23834
1.27135
1.2956
1.30845
1.31152
1.30818
1.30183
1.29521
1.28989
1.28617
1.28318
1.27963
1.27447
1.26755
1.2595
1.25141
1.24381
1.23612
1.22719
1.21628
1.20393
1.19226
1.1841
1.18187
1.18629
1.19617
1.20911
1.22253
1.23442
1.24349
1.24903
1.2505
1.24753
1.23982
1.22739
1.21094
1.19207
1.17342
1.1582
1.14939
1.1488
1.1564
1.17059
1.18876
1.20786
1.2249
1.23733
1.24343
1.24252
1.23499
1.22193
1.20482
1.18524
1.16501
1.14647
1.13213
1.12413
1.12361
1.13042
1.14316
1.15964
1.17734
1.194
1.20808
1.21899
1.22704
1.23284
1.23687
1.23888
1.23781
1.23238
1.22178
1.20638
1.18806
1.17001
1.15586
1.14861
1.14984
1.15934
1.17528
1.19458
1.2136
1.22917
1.23961
1.24521
1.24771
1.24922
1.251
1.25293
1.25441
1.25521
1.2555
1.25567
1.25592
1.25632
1.25703
1.25813
1.2594
1.2603
1.26011
1.25841
1.25522
1.25098
1.24644
1.24249
1.2397
1.23833
1.23808
1.23829
1.23816
1.23704
1.23469
1.23129
1.22688
1.22102
1.21282
1.201
1.18458
1.16334
1.13812
1.11109
1.08555
1.06553
1.05511
1.05749
1.07396
1.10312
1.14079
1.18101
1.21784
1.24711
1.26703
1.27774
1.28055
1.27729
1.2701
1.26151
1.2543
1.25084
1.25234
1.25838
1.26684
1.27449
1.27796
1.27457
1.26325
1.24499
1.22283
1.2009
1.18297
1.17071
1.16333
1.15867
1.15504
1.15211
1.15087
1.15305
1.16018
1.17266
1.18912
1.20648
1.22089
1.22931
1.23025
1.22419
1.21329
1.20072
1.18999
1.18413
1.18474
1.19112
1.20051
1.2098
1.21737
1.22383
1.23102
1.24046
1.25227
1.26521
1.27744
1.28719
1.29315
1.29451
1.29107
1.28315
1.2716
1.25789
1.24369
1.2306
1.21996
1.21269
1.20953
1.21109
1.21786
1.22974
1.24551
1.26274
1.27815
1.28815
1.28956
1.28026
1.25977
1.22966
1.19359
1.15654
1.1236
1.09856
1.08304
1.07662
1.07787
1.08529
1.09769
1.11398
1.13287
1.1531
1.17364
1.19372
1.21274
1.23004
1.24516
1.25773
1.26772
1.27541
1.28122
1.28563
1.28894
1.29084
1.29057
1.28721
1.27983
1.26782
1.25154
1.23296
1.21565
1.20297
1.19556
1.19102
1.18591
1.17804
1.16726
1.15522
1.14447
1.1375
1.13597
1.14019
1.14915
1.1609
1.17373
1.18681
1.20026
1.21427
1.22819
1.24036
1.24875
1.25223
1.25104
1.24616
1.23903
1.23116
1.22409
1.21929
1.21803
1.22089
1.22743
1.23616
1.24513
1.25275
1.25825
1.26154
1.26269
1.26142
1.25704
1.24881
1.23659
1.2213
1.20488
1.18973
1.17794
1.17043
1.16662
1.16505
1.16421
1.16346
1.16322
1.16445
1.16749
1.1717
1.1761
1.18046
1.1857
1.19328
1.20392
1.21669
1.22906
1.23754
1.23888
1.23125
1.21501
1.19284
1.16923
1.14964
1.13908
1.14078
1.15544
1.18128
1.21461
1.2506
1.28438
1.31197
1.33115
1.34119
1.3423
1.33489
1.31936
1.29643
1.26783
1.23646
1.20628
1.18118
1.16397
1.15567
1.15566
1.16234
1.17364
1.18737
1.20142
1.21429
1.22584
1.23714
1.24898
1.2601
1.26683
1.26556
1.25514
1.23718
1.21481
1.19113
1.16863
1.14935
1.13512
1.12748
1.12728
1.13428
1.14724
1.16433
1.18349
1.20252
1.21923
1.23177
1.23965
1.24402
1.20354
1.20998
1.22037
1.23461
1.25136
1.26862
1.28392
1.29459
1.29814
1.29296
1.27869
1.25644
1.22817
1.1961
1.16207
1.12748
1.09383
1.06298
1.03726
1.0191
1.01021
1.01117
1.02162
1.04077
1.06733
1.09929
1.1338
1.16776
1.19847
1.22402
1.24326
1.25582
1.26196
1.26251
1.25879
1.25222
1.2441
1.23563
1.22774
1.22139
1.21763
1.21739
1.22139
1.22967
1.24141
1.25498
1.26818
1.27853
1.28346
1.28037
1.26744
1.24416
1.21204
1.1744
1.13539
1.09879
1.06734
1.04263
1.02509
1.01437
1.00954
1.00957
1.01357
1.02134
1.03354
1.05138
1.07587
1.10682
1.14252
1.18
1.21589
1.24738
1.27245
1.29012
1.30003
1.30216
1.29646
1.28291
1.2618
1.23421
1.20207
1.16777
1.13376
1.10238
1.07601
1.05742
1.04971
1.05587
1.07777
1.11483
1.16348
1.21777
1.27093
1.31707
1.35212
1.37387
1.38182
1.37656
1.35975
1.33396
1.30249
1.26857
1.23461
1.20208
1.17235
1.14767
1.13141
1.12687
1.13533
1.1545
1.17923
1.20375
1.22386
1.23781
1.2458
1.2491
1.24925
1.24737
1.24396
1.23868
1.23066
1.21891
1.20304
1.18357
1.16193
1.14008
1.12009
1.10381
1.09247
1.08644
1.08523
1.0877
1.09284
1.10048
1.11158
1.1279
1.15075
1.1796
1.21173
1.24325
1.27031
1.28993
1.30038
1.30136
1.29391
1.27995
1.26163
1.24051
1.21755
1.19343
1.16922
1.14672
1.12846
1.11697
1.11372
1.11848
1.12922
1.14287
1.15632
1.16711
1.17389
1.17662
1.17628
1.17432
1.17181
1.16925
1.16673
1.16441
1.16288
1.16275
1.16436
1.16731
1.17062
1.17323
1.17468
1.17564
1.17766
1.18216
1.18947
1.19845
1.20708
1.21356
1.21701
1.21734
1.21473
1.20934
1.20148
1.19174
1.18145
1.17227
1.16539
1.16093
1.15778
1.15404
1.14788
1.13829
1.12534
1.11011
1.0944
1.08067
1.07176
1.07022
1.07752
1.09342
1.11638
1.14433
1.17524
1.20728
1.2387
1.26768
1.29228
1.31072
1.32171
1.32481
1.32051
1.31026
1.29618
1.28046
1.26469
1.24963
1.23515
1.22078
1.20622
1.1917
1.17802
1.16624
1.15689
1.14955
1.143
1.13587
1.12744
1.1182
1.10927
1.1016
1.09523
1.08952
1.08374
1.0774
1.07055
1.06363
1.05775
1.05502
1.05842
1.07077
1.0934
1.12518
1.16265
1.20109
1.23596
1.2635
1.28125
1.28826
1.28513
1.27396
1.25764
1.23918
1.22098
1.20425
1.18934
1.17589
1.16366
1.15279
1.14387
1.13767
1.13497
1.1363
1.14184
1.15124
1.16388
1.17905
1.19607
1.21409
1.23175
1.24711
1.25817
1.2638
1.26424
1.26109
1.25652
1.25252
1.25007
1.24913
1.24872
1.2474
1.24379
1.23701
1.22699
1.21459
1.20138
1.18943
1.18053
1.17562
1.17443
1.17567
1.17738
1.17749
1.17431
1.167
1.15563
1.14108
1.12494
1.10937
1.09684
1.08961
1.08909
1.09542
1.10741
1.12311
1.14029
1.15695
1.17155
1.18317
1.19161
1.19728
1.2011
1.20429
1.20798
1.21297
1.21924
1.22618
1.23278
1.23773
1.23988
1.23838
1.23279
1.22324
1.2108
1.19754
1.18612
1.17867
1.1759
1.17665
1.17856
1.17916
1.17698
1.17212
1.1659
1.16019
1.15626
1.15464
1.15513
1.15707
1.1597
1.16205
1.16331
1.16297
1.16102
1.15809
1.15533
1.15396
1.15485
1.15819
1.16356
1.17028
1.17786
1.18622
1.19557
1.20619
1.21819
1.23157
1.24652
1.26331
1.28167
1.30008
1.3155
1.3243
1.32382
1.31314
1.29299
1.26505
1.23158
1.1954
1.15986
1.12859
1.10424
1.08748
1.0773
1.07185
1.06959
1.06998
1.0734
1.08052
1.09178
1.10713
1.12612
1.14804
1.17176
1.19581
1.21856
1.23841
1.25409
1.2648
1.27015
1.27025
1.26567
1.25743
1.24668
1.2345
1.22163
1.20861
1.19593
1.1846
1.17635
1.17332
1.17719
1.18833
1.20508
1.22395
1.2405
1.25066
1.252
1.24417
1.2285
1.20706
1.18211
1.1559
1.1309
1.11
1.09616
1.09177
1.09783
1.11361
1.13708
1.16545
1.19605
1.2265
1.25478
1.27888
1.29706
1.30781
1.31015
1.30347
1.2874
1.26172
1.22631
1.18156
1.12903
1.07203
1.01575
0.966834
0.93213
0.916999
0.924174
0.953207
1.00108
1.06315
1.13355
1.2059
1.27373
1.33119
1.37383
1.399
1.40601
1.39612
1.37234
1.33936
1.30294
1.26866
1.24012
1.21783
1.1997
1.18274
1.16463
1.1449
1.12497
1.10778
1.09655
1.09345
1.09872
1.11071
1.12671
1.14409
1.16086
1.17558
1.18696
1.19383
1.19537
1.1914
1.18273
1.17121
1.15912
1.14878
1.1417
1.13853
1.13921
1.14365
1.15208
1.16491
1.18254
1.20493
1.23123
1.25954
1.28689
1.30987
1.32509
1.32988
1.32266
1.30299
1.27174
1.23118
1.18507
1.13826
1.09604
1.06317
1.04275
1.03583
1.04158
1.05776
1.08136
1.10921
1.13834
1.16615
1.19065
1.21026
1.22399
1.23104
1.23093
1.22333
1.20824
1.18595
1.15738
1.12475
1.09205
1.06543
1.05199
1.05721
1.08166
1.12036
1.16505
1.20749
1.24155
1.26379
1.27309
1.27027
1.25737
1.23737
1.21368
1.19022
1.17098
1.15938
1.15749
1.16556
1.18189
1.20328
1.22593
1.24617
1.26105
1.26855
1.26789
1.25962
1.24555
1.22853
1.2118
1.19801
1.18863
1.18354
1.18158
1.18121
1.18108
1.18025
1.1781
1.17433
1.1688
1.16149
1.15255
1.14246
1.13213
1.12309
1.11722
1.11623
1.12117
1.1321
1.14804
1.16732
1.18814
1.2088
1.22764
1.24295
1.25302
1.25644
1.25248
1.24146
1.22485
1.20488
1.18405
1.16488
1.14939
1.139
1.13415
1.13439
1.13849
1.14493
1.15222
1.15895
1.16378
1.16559
1.1638
1.15891
1.15262
1.14712
1.14404
1.14362
1.14494
1.1467
1.14805
1.14908
1.15067
1.15405
1.16031
1.16981
1.18182
1.19485
1.20728
1.21821
1.2279
1.23771
1.24917
1.26293
1.27786
1.29108
1.29918
1.29948
1.29088
1.27387
1.25012
1.22199
1.19228
1.16412
1.14054
1.12432
1.11743
1.12046
1.13236
1.15043
1.17107
1.19051
1.20551
1.21406
1.21556
1.21085
1.20177
1.19061
1.17943
1.16949
1.16134
1.15503
1.15033
1.14713
1.14536
1.14505
1.14638
1.14974
1.15543
1.16325
1.17237
1.18183
1.19128
1.201
1.21156
1.22323
1.23564
1.24778
1.2584
1.26632
1.27056
1.27041
1.2654
1.25543
1.24084
1.22268
1.20264
1.1829
1.16565
1.15279
1.14571
1.14504
1.15018
1.15891
1.16772
1.17272
1.17073
1.16042
1.14301
1.12206
1.10265
1.09029
1.08962
1.10321
1.13063
1.1681
1.20939
1.24773
1.2774
1.29481
1.29881
1.29009
1.27093
1.24455
1.21473
1.18503
1.15844
1.13703
1.12188
1.11328
1.11083
1.11349
1.11974
1.12773
1.13565
1.14214
1.14664
1.14942
1.1513
1.15344
1.15687
1.16246
1.17076
1.1819
1.19572
1.2117
1.22881
1.2456
1.26009
1.27027
1.27451
1.27161
1.26091
1.24236
1.21661
1.18524
1.15059
1.11556
1.08331
1.05712
1.04004
1.03438
1.04132
1.06052
1.0906
1.12934
1.17407
1.22145
1.2675
1.30795
1.33888
1.35751
1.36238
1.35332
1.33145
1.2994
1.26155
1.22356
1.19107
1.16789
1.15508
1.15155
1.15497
1.16269
1.17194
1.18001
1.18494
1.18622
1.18496
1.18342
1.18396
1.18806
1.1957
1.20567
1.21601
1.2243
1.22793
1.22469
1.21353
1.19541
1.17355
1.15268
1.13765
1.13178
1.13557
1.14669
1.16098
1.17393
1.18203
1.1835
1.17847
1.16869
1.15703
1.14658
1.13987
1.13807
1.14087
1.14679
1.15383
1.16035
1.16576
1.17026
1.17379
1.17572
1.17552
1.17395
1.1732
1.17583
1.1834
1.19572
1.21099
1.22676
1.2409
1.2523
1.26126
1.269
1.27694
1.28607
1.29585
1.30405
1.30744
1.30303
1.28918
1.2664
1.23734
1.20588
1.1758
1.14936
1.12715
1.10913
1.09552
1.08696
1.08407
1.08708
1.09564
1.10878
1.12509
1.14286
1.16
1.17415
1.18299
1.18479
1.17896
1.1665
1.14997
1.13294
1.11966
1.11402
1.11808
1.13121
1.15006
1.16967
1.18528
1.1937
1.19393
1.1871
1.1758
1.16319
1.15197
1.14374
1.13904
1.13774
1.13945
1.14405
1.15176
1.16337
1.1797
1.20057
1.2242
1.24735
1.26647
1.27887
1.28334
1.27993
1.26947
1.25311
1.23197
1.20731
1.18078
1.15461
1.13139
1.11381
1.10382
1.1023
1.10872
1.12147
1.13839
1.15728
1.1765
1.19504
1.21206
1.22674
1.23823
1.24596
1.24987
1.2503
1.24801
1.2439
1.23865
1.23275
1.22632
1.21909
1.21044
1.19968
1.18653
1.17137
1.15512
1.13878
1.12297
1.10799
1.09406
1.08181
1.07245
1.06753
1.06831
1.075
1.08684
1.10253
1.12081
1.14064
1.16147
1.18323
1.20624
1.23076
1.25651
1.28211
1.30517
1.32267
1.33186
1.33093
1.31951
1.29884
1.27149
1.24086
1.21028
1.18239
1.15875
1.13989
1.12552
1.1152
1.10859
1.10557
1.1057
1.1081
1.1116
1.11534
1.11913
1.12325
1.12802
1.13347
1.13946
1.14569
1.15165
1.15656
1.15964
1.16067
1.16025
1.15963
1.16046
1.16444
1.17264
1.18466
1.19806
1.2093
1.21524
1.21453
1.20798
1.1983
1.1888
1.18235
1.18041
1.18283
1.18854
1.19649
1.20616
1.21745
1.23007
1.24296
1.25414
1.26159
1.26374
1.25985
1.25003
1.23492
1.21573
1.19466
1.17503
1.16071
1.15474
1.15757
1.16677
1.17811
1.18743
1.19205
1.19139
1.1865
1.17904
1.17031
1.16075
1.15044
1.13988
1.13029
1.12368
1.12217
1.12726
1.13935
1.2176
1.23793
1.25677
1.27046
1.27608
1.27205
1.25862
1.23771
1.21269
1.18764
1.16629
1.15125
1.1435
1.14274
1.14818
1.1595
1.17681
1.19984
1.22713
1.25549
1.28048
1.29763
1.30357
1.29671
1.27757
1.24875
1.21486
1.18164
1.15497
1.13953
1.13766
1.14908
1.17141
1.20116
1.23458
1.26793
1.29752
1.31987
1.33225
1.33346
1.32425
1.3069
1.28477
1.2611
1.23841
1.21807
1.2005
1.18555
1.17318
1.16394
1.159
1.15976
1.16716
1.18095
1.1995
1.22027
1.24046
1.25746
1.26919
1.27418
1.2717
1.26199
1.2465
1.22774
1.20846
1.19066
1.17503
1.16166
1.15091
1.14368
1.14087
1.14275
1.14868
1.15713
1.16609
1.17332
1.17665
1.17417
1.16485
1.14901
1.12904
1.10963
1.09722
1.09777
1.114
1.14408
1.18276
1.22356
1.26063
1.28971
1.30825
1.31545
1.31231
1.30148
1.28709
1.27374
1.26536
1.26404
1.26946
1.27935
1.29049
1.29977
1.30472
1.30356
1.2951
1.279
1.2563
1.22964
1.20263
1.17844
1.15878
1.14369
1.13263
1.12558
1.12317
1.12605
1.13402
1.1457
1.15903
1.17192
1.18293
1.1917
1.19879
1.20537
1.2127
1.2214
1.23107
1.24056
1.24845
1.25371
1.25606
1.25585
1.25344
1.24867
1.24093
1.22952
1.21461
1.19795
1.18278
1.17272
1.17036
1.17612
1.18809
1.20297
1.21726
1.22823
1.23444
1.2356
1.23191
1.22374
1.21133
1.19488
1.17483
1.1525
1.13038
1.11214
1.10251
1.10582
1.12383
1.15392
1.18975
1.22429
1.25239
1.2718
1.2826
1.28622
1.28495
1.28163
1.27933
1.2808
1.28782
1.30078
1.31882
1.34027
1.36301
1.38466
1.40256
1.41392
1.4157
1.4052
1.3806
1.34183
1.29085
1.23191
1.17099
1.11471
1.06907
1.0379
1.02244
1.02179
1.03406
1.05696
1.08756
1.12211
1.1566
1.1875
1.21219
1.2291
1.23781
1.23914
1.23486
1.22733
1.21905
1.212
1.2073
1.20521
1.20525
1.20628
1.20695
1.20589
1.20252
1.1976
1.19318
1.19163
1.19423
1.20061
1.20936
1.21876
1.2276
1.23501
1.24019
1.24221
1.23987
1.2324
1.21961
1.20251
1.18324
1.16443
1.14863
1.13776
1.13299
1.13481
1.14327
1.15793
1.17785
1.2013
1.2262
1.25044
1.27228
1.29078
1.30561
1.31668
1.32369
1.32606
1.32336
1.31563
1.30367
1.28847
1.27085
1.25126
1.22956
1.20523
1.1781
1.14958
1.12361
1.1062
1.10291
1.11576
1.14183
1.1748
1.20775
1.23561
1.25592
1.26844
1.27409
1.27429
1.27044
1.26384
1.25583
1.24768
1.24031
1.23396
1.22802
1.22141
1.2134
1.20426
1.19546
1.18896
1.18652
1.18903
1.19637
1.2072
1.21908
1.22857
1.23176
1.22503
1.20634
1.17619
1.13817
1.09844
1.06406
1.04127
1.03447
1.04554
1.07358
1.11521
1.16542
1.21832
1.26813
1.31004
1.34088
1.35939
1.3662
1.36334
1.35328
1.33825
1.31991
1.29956
1.27851
1.25814
1.23946
1.22282
1.20799
1.19437
1.1815
1.16943
1.15862
1.14982
1.14366
1.14029
1.13935
1.14023
1.14228
1.14502
1.14814
1.15169
1.15622
1.16266
1.17204
1.18483
1.20058
1.21801
1.23552
1.2516
1.26513
1.27546
1.28229
1.2856
1.28538
1.2816
1.27443
1.26432
1.25211
1.23905
1.22655
1.21593
1.20792
1.20284
1.20076
1.2017
1.20564
1.2123
1.22064
1.22867
1.234
1.2347
1.23009
1.22084
1.20848
1.19473
1.18116
1.16924
1.16017
1.15491
1.15407
1.15791
1.16628
1.17863
1.19387
1.21024
1.22556
1.23755
1.24429
1.24485
1.23953
1.22969
1.21752
1.20571
1.19725
1.19474
1.19914
1.20902
1.22126
1.23277
1.24162
1.24726
1.2502
1.25184
1.2538
1.25711
1.26177
1.26668
1.27034
1.27139
1.26915
1.26395
1.25712
1.25061
1.24613
1.24407
1.24363
1.24317
1.24092
1.23537
1.22552
1.21113
1.19302
1.17315
1.15419
1.13884
1.12918
1.12599
1.12898
1.13713
1.14924
1.16436
1.18193
1.20153
1.22255
1.24406
1.26489
1.28396
1.30026
1.31302
1.3215
1.32501
1.32288
1.31481
1.30081
1.28133
1.25746
1.23071
1.20307
1.17694
1.1552
1.14083
1.13607
1.1412
1.15373
1.16882
1.18142
1.18839
1.18931
1.18578
1.17984
1.17303
1.16629
1.16032
1.15608
1.15452
1.15607
1.16062
1.16797
1.17825
1.19157
1.20749
1.22491
1.2423
1.25799
1.27043
1.27848
1.28147
1.27937
1.27285
1.26327
1.25247
1.24249
1.23545
1.23326
1.23725
1.24767
1.26322
1.28112
1.29794
1.31058
1.3169
1.31554
1.30534
1.28616
1.26002
1.23114
1.20456
1.18429
1.17246
1.16938
1.17399
1.18466
1.19959
1.21697
1.23504
1.25178
1.26524
1.2737
1.27597
1.27151
1.26019
1.24202
1.21725
1.1867
1.15278
1.11951
1.09203
1.07487
1.07049
1.07854
1.09627
1.11969
1.14478
1.16848
1.18903
1.20581
1.21902
1.22915
1.23639
1.24034
1.24026
1.23571
1.22712
1.21616
1.20519
1.19667
1.19226
1.19275
1.19794
1.20697
1.21855
1.23131
1.24414
1.25608
1.26649
1.27469
1.27983
1.28124
1.27842
1.27132
1.26032
1.24644
1.23181
1.21933
1.21222
1.21261
1.22044
1.23358
1.2487
1.26247
1.27242
1.27712
1.27603
1.26915
1.25703
1.24062
1.2213
1.20052
1.17991
1.16111
1.14569
1.13471
1.12842
1.12615
1.12649
1.12802
1.12996
1.13261
1.13693
1.14387
1.1536
1.16545
1.17803
1.18984
1.19953
1.20627
1.20982
1.21057
1.20953
1.20813
1.20789
1.21014
1.21559
1.22409
1.23459
1.24526
1.25421
1.25985
1.26115
1.25744
1.24853
1.23467
1.21679
1.19653
1.17602
1.15732
1.14199
1.13106
1.12515
1.12455
1.12927
1.13866
1.15119
1.16463
1.17683
1.18605
1.19107
1.19109
1.18566
1.17511
1.16113
1.14698
1.13683
1.1345
1.14195
1.15887
1.1831
1.21164
1.24147
1.27006
1.29556
1.31646
1.33137
1.33888
1.3381
1.32934
1.31439
1.29629
1.27855
1.26432
1.25573
1.25343
1.25666
1.26363
1.2725
1.28174
1.29
1.29574
1.29723
1.29266
1.28104
1.26256
1.23861
1.21164
1.18441
1.1595
1.13918
1.12576
1.12145
1.12703
1.14042
1.15731
1.17302
1.18422
1.18942
1.18858
1.18272
1.17369
1.164
1.15647
1.15375
1.15763
1.16787
1.18206
1.19661
1.20866
1.21751
1.22465
1.23252
1.24292
1.25576
1.26919
1.28068
1.28816
1.29075
1.28852
1.28233
1.27323
1.2622
1.24995
1.23708
1.22464
1.2142
1.20808
1.20851
1.21671
1.23171
1.25051
1.26885
1.28278
1.28965
1.28875
1.28114
1.26886
1.254
1.2379
1.22119
1.20388
1.18608
1.16845
1.15265
1.14135
1.13771
1.14443
1.16276
1.19181
1.22846
1.26778
1.304
1.33147
1.34589
1.34501
1.32855
1.29803
1.25632
1.20748
1.15665
1.11002
1.07414
1.05443
1.05344
1.07011
1.10067
1.14047
1.18534
1.23192
1.27725
1.31824
1.35163
1.37427
1.38391
1.37959
1.36188
1.33277
1.29521
1.25268
1.20872
1.16662
1.1291
1.0984
1.07625
1.06397
1.06211
1.07041
1.08794
1.11321
1.14411
1.17777
1.21068
1.23936
1.26104
1.27426
1.279
1.27664
1.26954
1.26047
1.25192
1.24565
1.24222
1.24109
1.24094
1.23993
1.2364
1.2295
1.22012
1.21101
1.20618
1.20889
1.21975
1.23614
1.25344
1.26674
1.27237
1.26858
1.25556
1.23542
1.21174
1.1886
1.16969
1.15725
1.15166
1.15181
1.15585
1.16206
1.16959
1.17867
1.18993
1.2034
1.21782
1.23069
1.23923
1.24156
1.23743
1.22809
1.21539
1.20121
1.18705
1.17443
1.1649
1.16015
1.16145
1.16954
1.18449
1.20571
1.2321
1.26166
1.29102
1.31564
1.3307
1.33251
1.31959
1.29328
1.25726
1.21622
1.1746
1.13634
1.10515
1.08446
1.07601
1.07864
1.08877
1.10263
1.1181
1.13484
1.15338
1.17418
1.19713
1.22157
1.24628
1.26958
1.28924
1.30301
1.30924
1.30781
1.30031
1.28965
1.27892
1.27043
1.26506
1.26226
1.26065
1.25878
1.25536
1.24939
1.24013
1.22715
1.21079
1.19267
1.17579
1.16382
1.15924
1.16154
1.16793
1.17554
1.18258
1.18762
1.1893
1.18679
1.18012
1.16991
1.15691
1.14219
1.12745
1.11516
1.10844
1.11042
1.12336
1.14774
1.18167
1.22144
1.26248
1.30064
1.3327
1.35645
1.37042
1.3734
1.36453
1.34352
1.31167
1.27261
1.23221
1.19708
1.17228
1.15986
1.15916
1.16742
1.18072
1.19494
1.20699
1.21557
1.2213
1.22573
1.23008
1.23432
1.23756
1.23901
1.23861
1.23702
1.23483
1.23231
1.22944
1.22649
1.22419
1.22376
1.22627
1.23234
1.24169
1.25321
1.26503
1.27483
1.28054
1.2809
1.27594
1.26684
1.25575
1.24507
1.23677
1.23175
1.22976
1.22951
1.22922
1.22687
1.22075
1.20974
1.19358
1.17307
1.15007
1.12729
1.10778
1.09441
1.08941
1.09412
1.10877
1.13234
1.16264
1.19686
1.23226
1.26658
1.29791
1.3247
1.34544
1.35851
1.3624
1.35609
1.33957
1.31432
1.28325
1.25037
1.21995
1.19542
1.1786
1.16965
1.16721
1.16903
1.17232
1.1744
1.1732
1.16758
1.1575
1.144
1.12899
1.1147
1.10324
1.09634
1.09538
1.10121
1.11361
1.13107
1.15098
1.17022
1.18618
1.1974
1.2037
1.20572
1.20459
1.20176
1.19866
1.19653
1.19617
1.19786
1.2015
1.20662
1.2125
1.21797
1.22153
1.2217
1.21784
1.21077
1.2026
1.19614
1.19395
1.19724
1.20539
1.21594
1.22562
1.23131
1.23112
1.22485
1.21409
1.20188
1.192
1.18803
1.192
1.20363
1.22017
1.21627
1.23029
1.23814
1.23885
1.23349
1.22501
1.21731
1.2139
1.21665
1.22556
1.23925
1.25576
1.27288
1.28813
1.2988
1.30229
1.2968
1.28186
1.25856
1.22901
1.19603
1.16307
1.13456
1.11538
1.10909
1.11615
1.13389
1.15784
1.18326
1.20583
1.22238
1.23207
1.23716
1.24204
1.25013
1.26082
1.27003
1.2735
1.26872
1.25505
1.23333
1.20561
1.17556
1.14807
1.12827
1.11991
1.12392
1.13838
1.15951
1.18278
1.2038
1.21923
1.22737
1.22833
1.22376
1.21623
1.20841
1.20234
1.19888
1.1978
1.19823
1.19947
1.20154
1.20529
1.2118
1.22174
1.23479
1.24942
1.26323
1.27373
1.2789
1.27769
1.27018
1.25706
1.23958
1.21946
1.19876
1.17964
1.164
1.15289
1.14629
1.14332
1.14268
1.143
1.14334
1.14351
1.14389
1.14515
1.14756
1.15051
1.15257
1.15233
1.14937
1.14501
1.14229
1.14489
1.15525
1.17318
1.19563
1.21819
1.23687
1.24945
1.25575
1.25729
1.25642
1.25542
1.25557
1.25703
1.25903
1.26048
1.26029
1.2575
1.25119
1.24043
1.22483
1.20521
1.1843
1.16621
1.1551
1.15316
1.15958
1.17144
1.18541
1.19902
1.21056
1.21882
1.2228
1.22202
1.2167
1.20804
1.19818
1.18976
1.18521
1.18641
1.19426
1.20836
1.22685
1.24666
1.26387
1.27475
1.27671
1.26893
1.25239
1.22939
1.20272
1.17489
1.14781
1.12311
1.10307
1.09082
1.08985
1.1024
1.1278
1.16234
1.20072
1.23784
1.26953
1.29259
1.30485
1.30525
1.29392
1.27241
1.2437
1.21176
1.181
1.15532
1.13752
1.12904
1.12968
1.13792
1.1513
1.16688
1.18197
1.19475
1.20452
1.21148
1.21638
1.2201
1.22313
1.22548
1.22674
1.22635
1.22409
1.2203
1.21577
1.21133
1.20733
1.20359
1.19992
1.19663
1.19485
1.19571
1.19934
1.20434
1.20805
1.20767
1.20123
1.18843
1.17081
1.15107
1.13203
1.1159
1.10403
1.097
1.09495
1.09795
1.10614
1.11942
1.13714
1.15794
1.18009
1.20209
1.22302
1.24279
1.26195
1.28121
1.30095
1.32024
1.33651
1.34605
1.34501
1.3307
1.30238
1.2618
1.21326
1.16365
1.12147
1.0945
1.08687
1.09716
1.11939
1.14577
1.16951
1.18643
1.19528
1.19712
1.19434
1.18973
1.18548
1.18282
1.18186
1.18181
1.18175
1.18139
1.18145
1.18336
1.18853
1.19736
1.20894
1.22126
1.23184
1.23869
1.24119
1.24039
1.23854
1.23827
1.24121
1.24734
1.25484
1.26091
1.26271
1.25816
1.2462
1.22705
1.20203
1.17354
1.14461
1.11846
1.09819
1.0866
1.08597
1.09753
1.12087
1.15354
1.19108
1.22793
1.2585
1.27862
1.28636
1.28231
1.26904
1.25052
1.23106
1.21439
1.20286
1.19703
1.19594
1.19758
1.19958
1.19984
1.19706
1.19097
1.18249
1.17365
1.16669
1.16315
1.16346
1.1674
1.17482
1.18555
1.19914
1.21434
1.22919
1.24169
1.25055
1.25541
1.25672
1.25514
1.25095
1.24403
1.23397
1.22063
1.20474
1.18781
1.17149
1.15675
1.14407
1.13407
1.12795
1.12708
1.13228
1.1432
1.1584
1.17583
1.19345
1.20964
1.22342
1.23447
1.24316
1.2504
1.25741
1.26534
1.27469
1.28511
1.29546
1.30407
1.30872
1.30717
1.2975
1.27848
1.24996
1.21314
1.1709
1.12782
1.08979
1.06288
1.05142
1.0562
1.07415
1.09982
1.12766
1.15366
1.17573
1.19349
1.20754
1.2191
1.22931
1.23913
1.24917
1.25966
1.27032
1.2801
1.28765
1.29169
1.29159
1.28777
1.2809
1.27132
1.25892
1.24344
1.22526
1.20578
1.18722
1.17169
1.16051
1.15394
1.15145
1.15191
1.15406
1.15687
1.15999
1.16348
1.16756
1.17199
1.17573
1.17732
1.17558
1.17044
1.16348
1.15794
1.15757
1.16516
1.18113
1.20338
1.22824
1.25168
1.27024
1.2815
1.28446
1.27961
1.26832
1.25229
1.23285
1.21053
1.18535
1.15774
1.12942
1.10389
1.08575
1.07939
1.08757
1.11049
1.14562
1.18827
1.23262
1.27319
1.3061
1.32947
1.34345
1.34956
1.34998
1.34652
1.33992
1.32962
1.31429
1.29267
1.26465
1.23187
1.19769
1.16657
1.14334
1.1321
1.1354
1.15327
1.18298
1.21948
1.25665
1.2888
1.31147
1.32175
1.31794
1.29924
1.26556
1.21817
1.16039
1.09833
1.04033
0.994621
0.966264
0.955852
0.961072
0.97892
1.0067
1.04196
1.082
1.12353
1.16298
1.1968
1.22229
1.23831
1.24592
1.24818
1.24859
1.24912
1.24945
1.24829
1.24484
1.23922
1.23184
1.22302
1.21314
1.20274
1.1927
1.18429
1.17875
1.17701
1.17945
1.1859
1.19587
1.20868
1.22332
1.23849
1.25266
1.26425
1.27187
1.27452
1.27195
1.26463
1.25373
1.24076
1.22731
1.21495
1.2051
1.19861
1.19535
1.19407
1.19283
1.18978
1.18392
1.17546
1.16572
1.15686
1.15121
1.15029
1.15404
1.16092
1.1691
1.17769
1.18697
1.19761
1.20956
1.22164
1.23214
1.23946
1.24314
1.24392
1.24333
1.24286
1.24319
1.24387
1.24407
1.24318
1.2415
1.24008
1.23966
1.23984
1.23879
1.23413
1.22443
1.2099
1.19216
1.1736
1.15645
1.14247
1.13285
1.12838
1.12941
1.13571
1.14656
1.16089
1.17759
1.19585
1.21499
1.23427
1.25269
1.26872
1.28069
1.28704
1.28685
1.28023
1.26861
1.2545
1.2407
1.229
1.21958
1.21128
1.20265
1.19314
1.1835
1.17549
1.17102
1.17113
1.17539
1.18231
1.19028
1.19858
1.20768
1.21864
1.23163
1.24491
1.25507
1.25837
1.25223
1.23641
1.21326
1.18694
1.16221
1.14325
1.13296
1.13261
1.14204
1.15981
1.18355
1.21037
1.23733
1.26188
1.28227
1.29767
1.30777
1.31202
1.30934
1.29849
1.27905
1.25236
1.22149
1.19039
1.16245
1.13955
1.12206
1.10979
1.10268
1.1012
1.10582
1.11666
1.13316
1.15379
1.17618
1.19743
1.2148
1.22655
1.23241
1.23353
1.23177
1.22911
1.22711
1.22706
1.22972
1.23502
1.24195
1.24894
1.25455
1.25793
1.25885
1.25754
1.25464
1.25086
1.24667
1.24205
1.23619
1.22777
1.21555
1.19877
1.17781
1.15449
1.13176
1.11282
1.09984
1.09363
1.09405
1.10084
1.11388
1.13268
1.15537
1.17857
1.19804
1.20979
1.21146
1.20287
1.18613
1.16508
1.14426
1.12791
1.119
1.11894
1.12761
1.14378
1.16554
1.19063
1.21705
1.24302
1.26693
1.28679
1.30049
1.30704
1.30744
1.30446
1.3015
1.30094
1.30291
1.30583
1.30757
1.30682
1.30347
1.29787
1.29007
1.27937
1.2647
1.24575
1.22383
1.20215
1.18479
1.17492
1.17343
1.17863
1.18748
1.19701
1.20477
1.20904
1.20873
1.20332
1.19301
1.17864
1.1618
1.14436
1.12852
1.11653
1.11009
1.10925
1.11181
1.11418
1.11354
1.10912
1.10217
1.09498
1.08972
1.08789
1.0906
1.09873
1.11272
1.13262
1.15752
1.18547
1.21383
1.23989
1.26163
1.27809
1.28924
1.29581
1.29896
1.29973
1.29872
1.29578
1.28991
1.27992
1.2653
1.24697
1.22752
1.21085
1.2013
1.20225
1.21476
1.23682
1.26404
1.29126
1.31435
1.3308
1.33949
1.34028
1.33353
1.31982
1.29957
1.27282
1.23934
1.19901
1.15269
1.10352
1.05759
1.02326
1.00824
1.01634
1.0459
1.09096
1.14344
1.19543
1.24087
1.27621
1.3002
1.31338
1.31734
1.31388
1.30419
1.2885
1.26615
1.2365
1.20001
1.15883
1.11652
1.07721
1.0449
1.02325
1.01571
1.02457
1.04922
1.08517
1.12523
1.1623
1.1915
1.21071
1.22007
1.22141
1.21764
1.21199
1.20735
1.20544
1.20628
1.20836
1.20935
1.2074
1.20221
1.1954
1.19012
1.18947
1.19516
1.20665
1.22167
1.23706
1.24994
1.25876
1.26362
1.266
1.26794
1.27116
1.27619
1.28227
1.28762
1.29012
1.288
1.28067
1.26936
1.25725
1.24865
1.24687
1.25239
1.26259
1.27349
1.28148
1.28443
1.28176
1.27389
1.26191
1.24715
1.23083
1.21395
1.19707
1.18047
1.16409
1.14782
1.13163
1.11567
1.10038
1.08667
1.07562
1.06836
1.06565
1.06774
1.07405
1.08296
1.09214
1.09899
1.10155
1.09924
1.09345
1.08743
1.08534
1.09055
1.1045
1.1264
1.15395
1.18448
1.21585
1.24694
1.2768
1.3039
1.32583
1.33989
1.34402
1.33718
1.31972
1.29334
1.26089
1.22625
1.19409
1.16915
1.1551
1.15323
1.16207
1.17785
1.1958
1.21157
1.22237
1.22746
1.2279
1.22565
1.2226
1.21966
1.21668
1.21305
1.20862
1.20415
1.20076
1.19908
1.19894
1.19968
1.20117
1.20385
1.20823
1.21415
1.22049
1.22542
1.22736
1.22566
1.2209
1.21488
1.21002
1.2087
1.21224
1.22028
1.23082
1.24067
1.24655
1.2457
1.23628
1.21778
1.19123
1.1593
1.12578
1.09486
1.06993
1.05319
1.0458
1.04836
1.06132
1.08488
1.11833
1.15937
1.20415
1.24795
1.28611
1.31493
1.33224
1.3372
1.33005
1.31169
1.28351
1.24771
1.20749
1.16711
1.13157
1.10579
1.09366
1.09703
1.11529
1.14569
1.18407
1.22574
1.26605
1.30098
1.32749
1.34366
1.34881
1.34331
1.32793
1.30391
1.27296
1.23778
1.20185
1.16888
1.142
1.12344
1.11442
1.11496
1.12415
1.14024
1.16112
1.18482
1.20959
1.23365
1.25524
1.27256
1.28419
1.28945
1.28852
1.28218
1.27177
1.25907
1.24614
1.23461
1.225
1.21661
1.20778
1.1966
1.18166
1.16293
1.14243
1.12457
1.11516
1.11863
1.13501
1.15961
1.18582
1.20827
1.22407
1.23228
1.23309
1.22731
1.21653
1.20319
1.19023
1.18045
1.17575
1.17642
1.18124
1.18819
1.1953
1.2014
1.20615
1.20967
1.21215
1.21343
1.21312
1.19769
1.19339
1.18723
1.1796
1.17122
1.1633
1.15733
1.15472
1.15628
1.16179
1.17003
1.17916
1.18738
1.19394
1.1996
1.20631
1.21619
1.23017
1.24762
1.26668
1.28495
1.30014
1.31043
1.31443
1.31113
1.3005
1.28364
1.26283
1.241
1.22067
1.20322
1.18867
1.17628
1.16506
1.15443
1.14425
1.13461
1.12585
1.11858
1.11374
1.11259
1.11616
1.12462
1.13721
1.1527
1.16992
1.18817
1.20734
1.22734
1.2476
1.26654
1.28187
1.29141
1.2935
1.28725
1.27299
1.25233
1.22808
1.20379
1.18274
1.16699
1.15684
1.15114
1.14825
1.14679
1.1461
1.14603
1.14668
1.14806
1.14997
1.15189
1.15312
1.15297
1.15129
1.14898
1.14821
1.15202
1.16275
1.18072
1.20371
1.22783
1.24919
1.26495
1.2738
1.27574
1.27172
1.26314
1.25162
1.23871
1.22559
1.21306
1.20154
1.19099
1.18096
1.17091
1.16063
1.1505
1.14184
1.13695
1.13905
1.15194
1.17845
1.21801
1.2652
1.31141
1.34865
1.37209
1.38001
1.37288
1.35225
1.32053
1.28057
1.2356
1.18895
1.14383
1.10315
1.06942
1.04511
1.03252
1.03304
1.04632
1.06999
1.10041
1.1338
1.1674
1.19952
1.22889
1.25397
1.27294
1.28426
1.28734
1.28295
1.27276
1.25894
1.24371
1.22886
1.2154
1.20346
1.19262
1.18252
1.1734
1.16646
1.16342
1.16564
1.17321
1.18444
1.19626
1.20521
1.20864
1.20538
1.1961
1.18266
1.16776
1.15436
1.14531
1.14275
1.14749
1.15875
1.17454
1.19236
1.20968
1.22425
1.23419
1.23822
1.23589
1.22761
1.21475
1.19918
1.18266
1.1665
1.15116
1.13623
1.12114
1.1059
1.09157
1.08036
1.07493
1.07741
1.08879
1.10849
1.13466
1.16472
1.19582
1.22525
1.25062
1.27023
1.28321
1.28981
1.29128
1.28948
1.28626
1.28278
1.279
1.27397
1.26646
1.25594
1.24309
1.22975
1.21835
1.21117
1.20958
1.21352
1.22165
1.23197
1.24257
1.25205
1.25948
1.26409
1.26537
1.2632
1.25771
1.24931
1.23834
1.22492
1.20896
1.1903
1.1692
1.14661
1.12429
1.10454
1.08984
1.08236
1.08333
1.09246
1.10768
1.12549
1.14198
1.15369
1.15847
1.15571
1.14641
1.13244
1.11617
1.09968
1.08438
1.0711
1.06057
1.05411
1.05362
1.06146
1.07966
1.10896
1.1478
1.19213
1.23633
1.27499
1.30423
1.32235
1.32959
1.32804
1.32123
1.31322
1.30759
1.30628
1.30919
1.31432
1.31882
1.32015
1.31683
1.30898
1.2981
1.28661
1.2769
1.27055
1.26758
1.26621
1.26337
1.25563
1.24021
1.21607
1.18425
1.14811
1.1126
1.08295
1.06304
1.05407
1.05479
1.06278
1.07612
1.09384
1.11561
1.14098
1.16879
1.19699
1.22288
1.24366
1.25701
1.2614
1.25623
1.24189
1.21952
1.19089
1.15824
1.12414
1.09143
1.06336
1.0433
1.0344
1.03867
1.05625
1.08515
1.12183
1.16202
1.20154
1.23669
1.26422
1.28173
1.2881
1.28419
1.27268
1.2574
1.24194
1.22886
1.21932
1.21358
1.21135
1.21256
1.21761
1.22698
1.24046
1.25684
1.27392
1.289
1.29964
1.30392
1.30093
1.29109
1.27628
1.25928
1.243
1.22962
1.21998
1.2134
1.20811
1.20201
1.1935
1.18237
1.16994
1.15851
1.15039
1.14679
1.14727
1.14995
1.15245
1.15288
1.15054
1.14612
1.14148
1.13899
1.14066
1.14741
1.15867
1.17248
1.18611
1.19698
1.20341
1.2051
1.20316
1.19939
1.19567
1.19322
1.19211
1.19103
1.18776
1.17996
1.16617
1.14695
1.125
1.10425
1.08817
1.07876
1.07664
1.08176
1.09372
1.11187
1.13542
1.16331
1.19406
1.22592
1.25705
1.2859
1.31149
1.33346
1.35169
1.36569
1.37439
1.37621
1.36956
1.3536
1.32863
1.29641
1.26006
1.2236
1.19117
1.16647
1.15225
1.1499
1.15866
1.1754
1.1952
1.21287
1.22436
1.22742
1.22158
1.20783
1.18813
1.16499
1.14097
1.11831
1.09867
1.08332
1.07347
1.07036
1.07518
1.08841
1.10939
1.13577
1.16373
1.18854
1.20571
1.21236
1.208
1.19462
1.17611
1.15725
1.14212
1.13293
1.12983
1.13137
1.13564
1.14112
1.14684
1.1523
1.15725
1.1617
1.16585
1.17002
1.17464
1.18003
1.18622
1.19279
1.19897
1.20388
1.20699
1.20858
1.20972
1.21189
1.21642
1.22422
1.23566
1.25048
1.26758
1.28488
1.29976
1.30993
1.31398
1.31163
1.30338
1.29003
1.27239
1.25154
1.22948
1.20935
1.19464
1.18785
1.18907
1.19568
1.20368
1.20904
1.20898
1.20252
1.19081
1.17691
1.1649
1.15856
1.16007
1.16948
1.18486
1.2029
1.21987
1.23235
1.23795
1.23551
1.2253
1.20895
1.18911
1.16881
1.15097
1.13769
1.1297
1.12642
1.12682
1.13067
1.13854
1.15024
1.16308
1.17302
1.17769
1.17756
1.17504
1.17271
1.1722
1.17415
1.17873
1.1859
1.19549
1.20694
1.21915
1.23079
1.24086
1.24884
1.2547
1.25833
1.25953
1.25793
1.2534
1.24631
1.23751
1.22819
1.21971
1.21358
1.21121
1.21356
1.22067
1.23143
1.24358
1.25444
1.26162
1.26356
1.25981
1.25052
1.23587
1.21566
1.18973
1.15851
1.12349
1.08725
1.05275
1.02279
0.999853
0.985958
0.982548
0.990248
1.00874
1.0367
1.07169
1.11015
1.14802
1.18173
1.20906
1.22919
1.24243
1.24966
1.25186
1.24996
1.24495
1.23819
1.23156
1.22702
1.22586
1.22813
1.23254
1.23709
1.23976
1.23906
1.23441
1.22658
1.21767
1.21056
1.20805
1.21195
1.22267
1.23912
1.25894
1.27897
1.29575
1.30613
1.30789
1.29991
1.28229
1.25635
1.22466
1.19104
1.15994
1.1352
1.11897
1.11121
1.1107
1.11599
1.12569
1.13778
1.14913
1.15639
1.15786
1.15464
1.1501
1.14791
1.14985
1.15523
1.16188
1.16771
1.17206
1.17585
1.18105
1.18982
1.20349
1.2219
1.24322
1.26426
1.28127
1.2912
1.29247
1.2854
1.272
1.25539
1.23903
1.22572
1.21682
1.21177
1.20859
1.20474
1.19811
1.18771
1.17354
1.15662
1.13885
1.1226
1.1103
1.10401
1.10524
1.11483
1.13282
1.15798
1.18753
1.21734
1.2429
1.26044
1.26738
1.26281
1.24743
1.22367
1.1953
1.16665
1.14177
1.12334
1.11244
1.10867
1.11112
1.11909
1.13232
1.15054
1.17279
1.19719
1.22107
1.24209
1.25877
1.27086
1.27877
1.283
1.28383
1.28132
1.27548
1.26643
1.25484
1.24184
1.22915
1.21862
1.21177
1.2089
1.20908
1.2109
1.21343
1.21663
1.2208
1.22588
1.23099
1.23463
1.23522
1.23178
1.22448
1.21462
1.20418
1.19525
1.18933
1.18708
1.18811
1.19141
1.1955
1.19885
1.19997
1.19751
1.1904
1.17804
1.16075
1.1401
1.11839
1.09826
1.08175
1.07006
1.06355
1.062
1.06466
1.07048
1.07816
1.08633
1.09356
1.09879
1.10168
1.10274
1.1031
1.10406
1.10661
1.11099
1.11672
1.12296
1.12884
1.13374
1.13739
1.13968
1.14072
1.14113
1.14229
1.14605
1.15454
1.16943
1.19131
1.21918
1.25074
1.2826
1.3109
1.33206
1.34325
1.34308
1.33177
1.31105
1.28362
1.25299
1.22308
1.19755
1.17916
1.16941
1.16816
1.17393
1.18421
1.19617
1.20742
1.21655
1.22272
1.22542
1.2241
1.21838
1.20856
1.19603
1.18346
1.17446
1.17213
1.17788
1.1908
1.20868
1.22887
1.24903
1.26697
1.28052
1.28744
1.28596
1.27507
1.25496
1.22692
1.193
1.15601
1.11978
1.08909
1.06888
1.06264
1.07075
1.09003
1.11521
1.141
1.16381
1.18186
1.19476
1.2027
1.20616
1.20544
1.20076
1.19263
1.18217
1.17133
1.16251
1.15794
1.15878
1.16465
1.17373
1.18356
1.19204
1.19817
1.20227
1.2056
1.2095
1.21465
1.22073
1.22675
1.2316
1.23449
1.23515
1.23383
1.23105
1.22729
1.22292
1.21813
1.21289
1.20714
1.2013
1.19682
1.19611
1.20164
1.21433
1.2325
1.25263
1.27089
1.28464
1.29314
1.29746
1.29958
1.30135
1.30339
1.30444
1.30151
1.29109
1.27034
1.2382
1.1961
1.148
1.10027
1.06032
1.0343
1.02504
1.0311
1.04794
1.06958
1.09027
1.10588
1.11465
1.11716
1.11567
1.11311
1.11234
1.11553
1.12398
1.13775
1.15568
1.17579
1.19596
1.21415
1.22865
1.23792
1.24084
1.23697
1.22687
1.2121
1.19546
1.18011
1.16879
1.16331
1.16427
1.17114
1.18222
1.19539
1.20899
1.22279
1.23776
1.25469
1.27306
1.29083
1.30535
1.31428
1.31644
1.31162
1.30046
1.28423
1.26474
1.2443
1.22551
1.21085
1.20195
1.19928
1.20217
1.20913
1.21833
1.22806
1.23685
1.24348
1.24684
1.24552
1.23798
1.22305
1.2006
1.17207
1.14063
1.11048
1.08551
1.06817
1.0591
1.05768
1.06304
1.07449
1.09156
1.1134
1.13856
1.1649
1.18975
1.21034
1.22429
1.23029
1.22873
1.22177
1.21283
1.20557
1.20302
1.20659
1.21581
1.22844
1.24138
1.25147
1.25642
1.25532
1.24855
1.23727
1.22299
1.20727
1.19156
1.17706
1.16461
1.15453
1.14681
1.14164
1.13976
1.14277
1.15226
1.16892
1.19174
1.21801
1.24426
1.26714
1.28405
1.29346
1.2953
1.29067
1.28148
1.26961
1.25658
1.24359
1.23186
1.2227
1.21726
1.2158
1.21757
1.22101
1.22435
1.22613
1.22539
1.22156
1.21422
1.20293
1.18753
1.16844
1.14696
1.12518
1.10558
1.09036
1.08103
1.07778
1.07955
1.08445
1.09054
1.09647
1.10198
1.10803
1.11645
1.12929
1.14777
1.17159
1.19887
1.22698
1.25323
1.27554
1.29272
1.30432
1.31055
1.31194
1.30911
1.30257
1.29277
1.27988
1.2639
1.24469
1.22223
1.19699
1.17032
1.14434
