3.2
3.39829
3.75811
4.21904
4.77872
5.41226
6.07742
6.73611
7.34594
7.86435
8.25966
8.50346
8.59753
8.55641
8.40231
8.17574
7.91287
7.64652
7.39356
7.1774
7.0106
6.88881
6.80686
6.77068
6.77079
6.79772
6.83586
6.87557
6.90818
6.93176
6.9387
6.93214
6.90549
6.86453
6.81044
6.74296
6.66929
6.59369
6.52428
6.46027
6.40167
6.35662
6.32165
6.29921
6.29991
6.31746
6.3537
6.40458
6.46545
6.5318
6.59902
6.6606
6.69861
6.71728
6.70319
6.6653
6.60392
6.53872
6.45786
6.37961
6.3118
6.25512
6.22681
6.21807
6.23072
6.25877
6.31206
6.37781
6.44835
6.52261
6.58876
6.65643
6.71472
6.76483
6.81052
6.85091
6.8776
6.89136
6.88663
6.86099
6.82531
6.78079
6.72955
6.69318
6.6549
6.62544
6.60284
6.57988
6.55809
6.54708
6.5357
6.53949
6.55446
6.58566
6.61951
6.66471
6.71681
6.76228
6.81452
6.85607
6.89982
6.93186
6.95521
6.96212
6.95427
6.93101
6.898
6.84802
6.79646
6.73771
6.67646
6.6173
6.56112
6.51324
6.46897
6.43574
6.40998
6.38533
6.37708
6.38241
6.39755
6.42458
6.45834
6.49207
6.52944
6.56654
6.60041
6.62846
6.6492
6.66408
6.67448
6.67983
6.69001
6.69511
6.70267
6.70988
6.71372
6.7102
6.69877
6.6682
6.63614
6.59771
6.56223
6.53687
6.5224
6.51783
6.53372
6.55606
6.5922
6.63509
6.67732
6.71522
6.75195
6.78488
6.81607
6.85446
6.88997
6.92316
6.95601
6.97346
6.97933
6.96311
6.93199
6.87732
6.80704
6.72165
6.63161
6.53972
6.44881
6.3671
6.30116
6.24031
6.19228
6.16363
6.15214
6.15497
6.17654
6.21006
6.25741
6.31525
6.38223
6.45456
6.53141
6.60768
6.69979
6.78243
6.86354
6.93506
6.99211
7.03137
7.05373
7.0643
7.06013
7.04602
7.02471
6.9903
6.95703
6.91419
6.86926
6.8177
6.76714
6.71878
6.66105
6.6082
6.55907
6.51283
6.46345
6.41494
6.36822
6.32638
6.28915
6.24979
6.225
6.21024
6.2131
6.23239
6.26126
6.3074
6.37214
6.44804
6.52858
6.61358
6.69237
6.75864
6.81982
6.86505
6.89505
6.90846
6.90681
6.88763
6.84611
6.79697
6.7357
6.67988
6.62565
6.57618
6.54483
6.52903
6.52831
6.53928
6.56853
6.60805
6.65092
6.69976
6.74186
6.78222
6.81092
6.8272
6.83353
6.82589
6.79755
6.75904
6.71304
6.65171
6.59049
6.52586
6.46866
6.42166
6.37781
6.34232
6.31291
6.2978
6.28525
6.2832
6.28963
6.31513
6.35192
6.39435
6.44812
6.5112
6.57801
6.64521
6.69959
6.7545
6.79922
6.83205
6.85181
6.87154
6.88773
6.90933
6.92037
6.91972
6.90879
6.881
6.84427
6.7984
6.74369
6.68261
6.62574
6.56909
6.53181
6.5093
6.50644
6.51476
6.52994
6.55386
6.58372
6.61104
6.62478
6.63652
6.64951
6.65545
6.65673
6.65413
6.64947
6.64202
6.63508
6.62701
6.61365
6.59843
6.58197
6.57432
6.56078
6.55789
6.56822
6.59184
6.62759
6.67336
6.71392
6.75826
6.79133
6.81483
6.82049
6.81577
6.79442
6.76331
6.72997
6.69139
6.66318
6.64278
6.63489
6.62862
6.62735
6.62663
6.62012
6.60509
6.58426
6.56782
6.547
6.52003
6.49622
6.48023
6.47329
6.47554
6.49512
6.52424
6.57007
6.62194
6.66896
6.71261
6.74768
6.76483
6.75952
6.74016
6.70034
6.65929
6.6084
6.56314
6.52673
6.50585
6.50014
6.51558
6.54629
6.59423
6.64634
6.69945
6.75688
6.81851
6.86855
6.90413
6.92783
6.93285
6.92214
6.88509
6.8281
6.75418
6.66653
6.57531
6.48843
6.40941
6.34576
6.30219
6.28013
6.28587
6.30923
6.35129
6.40932
6.47122
6.53281
6.58734
6.62879
6.66484
6.68374
6.69426
6.69391
6.68687
6.68314
6.68356
6.69015
6.71028
6.73231
6.75694
6.78628
6.81988
6.84645
6.86532
6.87338
6.86764
6.85412
6.82939
6.8016
6.75838
6.70553
6.65022
6.59117
6.52969
6.47938
6.44102
6.40963
6.39212
6.39048
6.39982
6.42326
6.45367
6.48417
6.5118
6.54155
6.56922
6.59114
6.60699
6.61275
6.61406
6.61729
6.62215
6.63578
6.65106
6.67837
6.71237
6.74669
6.77966
6.80799
6.8257
6.83166
6.82083
6.78995
6.75064
6.70739
6.6642
6.63323
6.61669
6.60681
6.59415
6.58413
6.56555
6.54236
6.50652
6.46947
6.4384
6.41574
6.40218
6.40055
6.40829
6.42039
6.43679
6.46835
6.50562
6.54019
6.58224
6.62064
6.65331
6.67807
6.70075
6.7213
6.73923
6.74423
6.74259
6.73031
6.69521
6.65127
6.59042
6.53314
6.47242
6.42194
6.37672
6.35467
6.35524
6.38364
6.44249
6.52034
6.61513
6.71813
6.82467
6.91486
6.98854
7.03058
7.04566
7.02317
6.97512
6.90681
6.82929
6.74949
6.68368
6.63422
6.61565
6.61432
6.63252
6.66422
6.70416
6.73593
6.75334
6.75726
6.74207
6.716
6.69112
6.66077
6.63877
6.62282
6.61638
6.61465
6.61886
6.63121
6.63876
6.64379
6.63906
6.62642
6.60895
6.57761
6.54494
6.50847
6.46788
6.42219
6.37427
6.33369
6.29428
6.25985
6.23756
6.22719
6.22211
6.23495
6.26452
6.30258
6.35038
6.40907
6.47708
6.54927
6.62104
6.68711
6.75115
6.80991
6.87043
6.92783
6.98432
7.03702
7.08063
7.11082
7.13131
7.13411
7.12377
7.09343
7.04436
6.98454
6.91397
6.83381
6.75043
6.66387
6.5826
6.51354
6.4528
6.40188
6.36591
6.34418
6.33572
6.34851
6.38138
6.42477
6.48131
6.54408
6.60834
6.67857
6.74459
6.79805
6.84476
6.87024
6.87645
6.86266
6.82267
6.76665
6.70385
6.63647
6.57266
6.51593
6.48286
6.46079
6.45083
6.45141
6.46261
6.48053
6.50127
6.51778
6.53122
6.54324
6.54691
6.54972
6.5426
6.54535
6.55331
6.56113
6.56445
6.56549
6.57174
6.57575
6.57951
6.58118
6.57763
6.5703
6.56527
6.56938
6.58021
6.60808
6.64145
6.68737
6.74029
6.79713
6.84793
6.89228
6.92626
6.9399
6.94237
6.92111
6.88874
6.84609
6.79576
6.75525
6.70983
6.68415
6.67268
6.67735
6.69936
6.7318
6.7657
6.78534
6.78766
6.77437
6.74146
6.68652
6.61851
6.54227
6.46807
6.40607
6.35316
6.32278
6.30253
6.30829
6.3286
6.35235
6.38453
6.42943
6.47253
6.51298
6.56176
6.60889
6.6535
6.69259
6.72277
6.74181
6.74914
6.74504
6.73094
6.70234
6.67019
6.64233
6.62127
6.60421
6.60231
6.61394
6.63195
6.65887
6.69092
6.72734
6.76074
6.79202
6.82008
6.83656
6.83623
6.82433
6.7963
6.75381
6.69596
6.62514
6.54852
6.46562
6.39338
6.32779
6.2796
6.25599
6.25083
6.27159
6.32149
6.38997
6.4774
6.5758
6.67393
6.76557
6.83003
6.86503
6.87114
6.84279
6.78518
6.7121
6.63469
6.55779
6.49172
6.44068
6.40646
6.3993
6.41326
6.44586
6.50198
6.57047
6.65112
6.73411
6.80739
6.87745
6.92772
6.96048
6.97556
6.97312
6.95467
6.92566
6.88856
6.84655
6.80559
6.76475
6.72452
6.68068
6.64353
6.60227
6.55823
6.51729
6.47584
6.44304
6.41424
6.39464
6.39048
6.39584
6.41706
6.45418
6.51418
6.57659
6.65066
6.72096
6.7837
6.83043
6.86081
6.87382
6.86995
6.84696
6.81981
6.78745
6.75238
6.72298
6.70294
6.69492
6.6926
6.69055
6.68515
6.66923
6.6457
6.61334
6.57146
6.52779
6.49121
6.45611
6.42672
6.40742
6.39794
6.40478
6.4179
6.44743
6.49028
6.54073
6.59829
6.66013
6.7154
6.75607
6.77316
6.77589
6.75675
6.72484
6.68725
6.6483
6.61443
6.59361
6.58934
6.59459
6.61075
6.63472
6.66245
6.68217
6.70384
6.72362
6.73103
6.72647
6.72098
6.70104
6.66714
6.62946
6.58961
6.55057
6.51627
6.49213
6.48355
6.48984
6.51203
6.53645
6.56905
6.60224
6.63279
6.66094
6.67902
6.67999
6.67163
6.65248
6.61592
6.57679
6.53963
6.50356
6.47184
6.45149
6.43967
6.43518
6.43815
6.44632
6.4589
6.47893
6.50634
6.53457
6.57378
6.61586
6.65914
6.70623
6.74193
6.77141
6.79096
6.80263
6.8114
6.81772
6.81977
6.83002
6.83452
6.83047
6.8199
6.79553
6.76383
6.72568
6.67843
6.63306
6.58482
6.54664
6.51348
6.49096
6.47964
6.48484
6.49727
6.51993
6.5611
6.60679
6.65281
6.69898
6.73914
6.77095
6.78954
6.79582
6.79006
6.77173
6.7395
6.69924
6.65283
6.60341
6.55143
6.50825
6.47219
6.45582
6.45518
6.46701
6.49421
6.52893
6.57198
6.61586
6.66311
6.70594
6.74374
6.77886
6.80087
6.80831
6.80617
6.79778
6.78783
6.78586
6.78495
6.7895
6.80517
6.83391
6.86133
6.88569
6.89184
6.88275
6.85134
6.78932
6.70306
6.60525
6.50042
6.40179
6.31982
6.26005
6.2289
6.22464
6.2462
6.28527
6.33647
6.39665
6.44852
6.49676
6.53675
6.56516
6.58853
6.59601
6.59905
6.5986
6.59611
6.59499
6.59702
6.61168
6.63879
6.68135
6.74064
6.80779
6.88424
6.95428
7.01607
7.06238
7.09207
7.1015
7.08336
7.04176
6.98963
6.91159
6.82288
6.72628
6.6261
6.52398
6.42068
6.32098
6.23948
6.17467
6.14062
6.12816
6.14323
6.18469
6.25943
6.34833
6.45418
6.5651
6.67943
6.78582
6.87709
6.94261
6.98006
6.98488
6.96209
6.90261
6.82881
6.74623
6.66157
6.57986
6.50782
6.4522
6.41622
6.39869
6.40435
6.42634
6.4671
6.52271
6.58476
6.64478
6.70396
6.75759
6.80059
6.83078
6.84113
6.83834
6.82224
6.78694
6.74388
6.69157
6.63429
6.57793
6.51837
6.46398
6.40787
6.36598
6.40846
6.54213
6.75472
7.02952
7.36259
7.72728
8.09395
8.43765
8.72227
8.9399
9.07868
9.1308
9.11841
9.0413
8.9269
8.7847
8.64153
8.5116
8.4083
8.34211
8.31634
8.32724
8.37019
8.43494
8.51542
8.5991
8.66326
8.70573
8.7169
8.68466
8.61996
8.51493
8.39211
8.25643
8.1236
8.01171
7.91703
7.84974
7.81136
7.79342
7.79777
7.80946
7.82181
7.82253
7.81974
7.80752
7.78787
7.76548
7.75444
7.74794
7.76523
7.80458
7.867
7.95891
8.06953
8.19219
8.30039
8.39534
8.46426
8.50808
8.52021
8.50325
8.45084
8.37398
8.26288
8.13772
8.01013
7.89567
7.79841
7.73511
7.70885
7.71616
7.75312
7.80834
7.87044
7.92215
7.97065
8.00681
8.01932
8.02595
8.03434
8.04193
8.05243
8.07129
8.09109
8.12054
8.15398
8.18886
8.22289
8.24788
8.24873
8.22555
8.17815
8.12049
8.05209
8.00215
7.98508
8.00113
8.06452
8.16432
8.30453
8.46423
8.62868
8.79088
8.92725
9.02178
9.06946
9.05967
8.99128
8.87904
8.72004
8.5274
8.32247
8.12311
7.93354
7.76462
7.62527
7.51826
7.45659
7.43193
7.45346
7.5111
7.59821
7.70498
7.81886
7.92159
8.00821
8.07913
8.12995
8.15135
8.14571
8.12319
8.0786
8.02869
7.97263
7.92327
7.88829
7.87006
7.87948
7.91519
7.97503
8.05373
8.1493
8.25276
8.34589
8.41574
8.47069
8.49054
8.48757
8.46017
8.42065
8.36846
8.32699
8.28588
8.24602
8.20453
8.1535
8.09488
8.03583
7.97865
7.93157
7.88717
7.84773
7.80078
7.75331
7.70453
7.65579
7.61607
7.58383
7.57173
7.57459
7.59242
7.63777
7.70228
7.78701
7.89418
8.01186
8.14174
8.27767
8.40939
8.52549
8.62148
8.67845
8.70073
8.68794
8.63569
8.55526
8.45054
8.3384
8.22502
8.13861
8.08654
8.07986
8.12069
8.20466
8.30809
8.41552
8.50732
8.55354
8.5481
8.49684
8.40771
8.28692
8.15078
8.01936
7.89858
7.79441
7.73057
7.68993
7.67355
7.67148
7.68513
7.6984
7.71306
7.72184
7.72473
7.7187
7.70302
7.68925
7.69207
7.729
7.78854
7.87332
7.97766
8.07974
8.16343
8.22352
8.26034
8.26766
8.24572
8.2043
8.15174
8.09313
8.04239
8.01444
8.00746
8.02815
8.08038
8.15766
8.25386
8.35604
8.45105
8.52407
8.56249
8.54675
8.49474
8.40988
8.30108
8.18142
8.07668
8.00745
7.96847
7.95549
7.9781
8.01365
8.05837
8.10833
8.1529
8.19467
8.22274
8.24674
8.25718
8.26008
8.2585
8.24237
8.2154
8.17818
8.13322
8.08924
8.05003
8.00997
7.98821
7.97159
7.95803
7.95122
7.93915
7.93755
7.93535
7.94538
7.96245
7.97861
7.99771
8.01671
8.02685
8.03118
8.04109
8.04476
8.04583
8.05119
8.06816
8.08005
8.09153
8.10287
8.1171
8.13067
8.14233
8.15461
8.1692
8.18516
8.20736
8.22835
8.24613
8.26463
8.27608
8.29033
8.29814
8.30943
8.31264
8.31602
8.30922
8.29854
8.28033
8.25789
8.22602
8.19997
8.16452
8.1234
8.10178
8.08578
8.08681
8.10824
8.15688
8.22267
8.30441
8.4004
8.48312
8.56136
8.61162
8.62983
8.61107
8.55395
8.46487
8.35265
8.22834
8.10052
7.97876
7.86857
7.77281
7.69613
7.63944
7.60001
7.57721
7.57083
7.58015
7.61306
7.65921
7.72543
7.797
7.87451
7.94645
8.01397
8.06385
8.09174
8.09671
8.09265
8.08254
8.07846
8.08367
8.10043
8.12729
8.16352
8.20167
8.23327
8.26429
8.29867
8.32942
8.35095
8.35698
8.33705
8.29601
8.23292
8.14431
8.04335
7.94176
7.85174
7.7836
7.75011
7.74196
7.76752
7.81263
7.87317
7.93761
8.00033
8.06229
8.12034
8.18375
8.23883
8.2913
8.33547
8.37577
8.40951
8.43304
8.4508
8.46261
8.46257
8.45478
8.44222
8.42213
8.39504
8.36326
8.32271
8.27928
8.22711
8.17647
8.12762
8.08487
8.04019
7.99965
7.9529
7.89804
7.83432
7.76666
7.70392
7.65392
7.62305
7.61771
7.64556
7.71347
7.81236
7.932
8.0658
8.20677
8.32519
8.41103
8.45523
8.44563
8.37781
8.26609
8.11603
7.94438
7.77608
7.6339
7.53129
7.46916
7.45552
7.48073
7.5479
7.65415
7.79564
7.96411
8.14552
8.32652
8.48682
8.60955
8.68763
8.70821
8.67714
8.5963
8.4759
8.34123
8.20477
8.08622
8.00579
7.96874
7.97573
8.033
8.12345
8.23742
8.3446
8.4352
8.49045
8.4993
8.4626
8.38499
8.28529
8.17291
8.05922
7.94931
7.84898
7.75695
7.68189
7.61558
7.56372
7.52273
7.50229
7.50736
7.55027
7.62318
7.72879
7.84935
7.98433
8.11619
8.23139
8.31351
8.36015
8.3506
8.3005
8.20679
8.08218
7.96163
7.85924
7.78911
7.76271
7.78487
7.85089
7.95039
8.0625
8.17851
8.28829
8.36095
8.41148
8.42996
8.41559
8.38116
8.32925
8.26184
8.18594
8.10098
8.02141
7.95936
7.91873
7.90918
7.92618
7.9763
8.04924
8.13553
8.21799
8.28315
8.32626
8.33984
8.32617
8.29595
8.2579
8.23344
8.22183
8.22839
8.25576
8.30231
8.3627
8.43203
8.49293
8.54533
8.58064
8.59267
8.57551
8.52381
8.44633
8.34472
8.22537
8.11072
7.99957
7.89844
7.80924
7.72427
7.64963
7.58316
7.54515
7.53132
7.54853
7.59653
7.65945
7.73921
7.83803
7.94385
8.04777
8.147
8.23563
8.3126
8.37197
8.40978
8.41794
8.39805
8.35395
8.28768
8.2051
8.11441
8.03199
7.97198
7.93728
7.94198
7.97893
8.05239
8.14813
8.25472
8.36071
8.44934
8.50892
8.54338
8.5378
8.49936
8.43126
8.33549
8.22077
8.09992
7.9832
7.87161
7.78312
7.74157
7.73354
7.76129
7.827
7.91658
8.00906
8.10096
8.1686
8.22343
8.25756
8.27293
8.27579
8.2614
8.23982
8.21554
8.19189
8.16803
8.13648
8.10759
8.08526
8.06978
8.07129
8.08287
8.0979
8.11965
8.14923
8.18321
8.21646
8.24599
8.27103
8.29808
8.31664
8.3217
8.31747
8.29886
8.27178
8.22942
8.18264
8.13602
8.09353
8.05549
8.01899
7.98057
7.93378
7.88411
7.83405
7.78489
7.76155
7.75167
7.76213
7.79552
7.84875
7.91915
8.01523
8.12576
8.24049
8.36099
8.47287
8.56398
8.63098
8.67212
8.68164
8.66182
8.61954
8.54432
8.447
8.33376
8.22423
8.1126
8.01314
7.93591
7.8721
7.83338
7.80812
7.80344
7.81401
7.84471
7.89011
7.94289
8.00043
8.04897
8.08519
8.10523
8.0997
8.06918
8.02909
7.98274
7.9397
7.91001
7.89134
7.87482
7.87143
7.86767
7.86905
7.87218
7.88828
7.91527
7.96648
8.03933
8.12409
8.22119
8.3242
8.41582
8.48783
8.54095
8.56086
8.5542
8.51825
8.46081
8.39479
8.32272
8.24562
8.1768
8.12106
8.08006
8.05653
8.05031
8.06131
8.09264
8.1322
8.1773
8.22314
8.26513
8.29966
8.32883
8.34634
8.35967
8.3607
8.34082
8.3112
8.26468
8.20484
8.13915
8.07963
8.03481
8.0219
8.02625
8.0409
8.07454
8.1135
8.15841
8.19999
8.23455
8.26592
8.28289
8.28198
8.266
8.23404
8.18832
8.13559
8.08348
8.0374
8.00039
7.97211
7.95833
7.94362
7.93483
7.93295
7.93364
7.94493
7.95645
7.97385
8.00249
8.02758
8.05113
8.0656
8.06678
8.06454
8.05691
8.05801
8.06282
8.08745
8.1145
8.15241
8.19184
8.22092
8.23355
8.22546
8.20419
8.1651
8.11875
8.08005
8.05625
8.04372
8.04836
8.07194
8.1134
8.17196
8.22586
8.2779
8.3213
8.34447
8.35359
8.34488
8.31534
8.27675
8.23658
8.19464
8.15954
8.13024
8.11197
8.10713
8.11202
8.13489
8.17042
8.21873
8.27722
8.33924
8.39354
8.4394
8.47123
8.48899
8.48625
8.46477
8.43059
8.38184
8.31635
8.23436
8.14399
8.05415
7.97624
7.90948
7.86379
7.83505
7.82712
7.82894
7.82569
7.82314
7.80939
7.78865
7.75958
7.73181
7.71444
7.71131
7.71924
7.72848
7.74327
7.75809
7.77258
7.7946
7.8346
7.8893
7.9696
8.07605
8.19925
8.32542
8.43727
8.5311
8.58904
8.60132
8.57228
8.50865
8.42622
8.34262
8.27433
8.22909
8.21818
8.24342
8.29777
8.36913
8.44881
8.52714
8.60231
8.66322
8.70514
8.72498
8.71852
8.68115
8.6202
8.53991
8.45108
8.35148
8.25389
8.16217
8.07355
7.99397
7.9169
7.84762
7.77903
7.71077
7.65152
7.60622
7.57435
7.56566
7.58014
7.62896
7.70579
7.81293
7.94116
8.07667
8.21825
8.33627
8.41245
8.43997
8.41266
8.33548
8.22002
8.07911
7.93093
7.78409
7.66012
7.56634
7.51044
7.48781
7.51012
7.56213
7.64302
7.7426
7.84442
7.94784
8.03891
8.1113
8.16144
8.20237
8.23649
8.27276
8.30832
8.3492
8.40425
8.45926
8.5231
8.59133
8.6586
8.73411
8.80699
8.88272
8.95111
9.01341
9.06613
9.10682
9.11842
9.0807
8.99439
8.85613
8.67607
8.46939
8.25955
8.0589
7.89305
7.76054
7.6661
7.60622
7.58152
7.58265
7.60202
7.63266
7.66966
7.71134
7.75565
7.80757
7.86445
7.92741
7.99887
8.07303
8.13978
8.19454
8.23248
8.24359
8.23755
8.21281
8.17826
8.1432
8.10909
8.08201
8.05819
8.04966
8.04202
8.02662
8.01523
8.00486
7.9937
7.98654
7.98632
7.99833
8.01754
8.04111
8.06622
8.09168
8.10797
8.10871
8.08963
8.05908
8.01752
7.98236
7.95807
7.95945
7.976
8.02165
8.07822
8.13418
8.19188
8.24206
8.27202
8.28679
8.28582
8.27104
8.25108
8.22831
8.2053
8.2013
8.20466
8.22481
8.25297
8.28623
8.31895
8.33945
8.34624
8.33318
8.30601
8.2622
8.21418
8.16268
8.14061
8.18517
8.28878
8.44989
8.65744
8.88448
9.10837
9.301
9.46506
9.58619
9.6672
9.70215
9.70373
9.66762
9.59456
9.49425
9.35796
9.20629
9.04304
8.89036
8.74435
8.6282
8.54872
8.51239
8.53534
8.60532
8.71868
8.86878
9.02617
9.17903
9.30213
9.3782
9.39793
9.35997
9.26834
9.14262
9.00488
8.87452
8.7675
8.68894
8.65319
8.6641
8.7057
8.77799
8.86899
8.96303
9.03866
9.09544
9.11165
9.08694
9.01518
8.90878
8.77498
8.63581
8.5119
8.40862
8.33907
8.30396
8.30915
8.34611
8.41426
8.49945
8.5937
8.68735
8.78382
8.87254
8.9583
9.03628
9.10543
9.16498
9.20894
9.23575
9.25066
9.24343
9.21665
9.18044
9.1406
9.11794
9.10132
9.10401
9.1322
9.16624
9.20987
9.25646
9.30172
9.34251
9.37234
9.39483
9.41347
9.41772
9.40936
9.38113
9.33426
9.25922
9.16336
9.03713
8.89653
8.74607
8.59451
8.4547
8.33884
8.25243
8.19852
8.18486
8.19866
8.2381
8.29607
8.36455
8.43759
8.51927
8.60176
8.69103
8.77708
8.86386
8.9557
9.04788
9.1405
9.22678
9.31349
9.38338
9.44283
9.47317
9.49356
9.50113
9.49937
9.48564
9.46806
9.44637
9.40741
9.34968
9.2641
9.14373
8.99858
8.83632
8.65641
8.4816
8.33569
8.2257
8.16781
8.17333
8.25652
8.41471
8.63565
8.90723
9.20259
9.47495
9.68648
9.80437
9.8241
9.75024
9.60379
9.41422
9.21349
9.01449
8.83999
8.69059
8.57663
8.49265
8.44693
8.44122
8.47584
8.5379
8.60791
8.67645
8.73529
8.77956
8.81355
8.83592
8.86612
8.90126
8.94249
9.00342
9.07934
9.17488
9.2784
9.38303
9.48078
9.54922
9.58494
9.56951
9.50368
9.39661
9.2627
9.11858
8.98288
8.85902
8.76107
8.6862
8.63866
8.61987
8.62328
8.64703
8.67948
8.72541
8.78043
8.84789
8.92575
9.00032
9.06693
9.11655
9.1489
9.15929
9.13973
9.09074
9.0187
8.92666
8.82291
8.71481
8.62422
8.54848
8.48157
8.43722
8.41293
8.41798
8.45675
8.53803
8.64921
8.78385
8.91621
9.03579
9.11303
9.1493
9.15065
9.12408
9.08372
9.04592
9.02368
9.01577
9.02202
9.03123
9.03629
9.02654
9.01128
8.98789
8.96729
8.94756
8.9382
8.94672
8.9606
8.98159
8.99839
9.01957
9.04598
9.06629
9.09443
9.12557
9.16708
9.20215
9.2326
9.25022
9.24645
9.22952
9.18673
9.13056
9.05976
8.99927
8.95242
8.92407
8.92339
8.94339
8.97838
9.01712
9.05121
9.05942
9.04382
9.00268
8.93787
8.85601
8.76334
8.66318
8.56554
8.48408
8.42452
8.39551
8.39131
8.42012
8.47348
8.54887
8.63514
8.72357
8.80639
8.8722
8.90256
8.90603
8.89863
8.89067
8.89661
8.92215
8.96807
9.03237
9.11512
9.20417
9.28552
9.3439
9.36928
9.35742
9.31288
9.24693
9.17764
9.11451
9.05316
9.00285
8.95603
8.91128
8.87775
8.8625
8.86666
8.90075
8.95998
9.02587
9.08238
9.12385
9.14856
9.15693
9.1497
9.12271
9.08505
9.04783
9.00291
8.9635
8.92901
8.90066
8.88058
8.86357
8.85575
8.85482
8.86405
8.88716
8.92113
8.9643
9.01221
9.0499
9.07611
9.07861
9.05456
9.01963
8.98245
8.9577
8.95166
8.97075
9.00935
9.06408
9.12831
9.19231
9.24954
9.28617
9.30317
9.29684
9.26826
9.21074
9.12257
9.00959
8.88181
8.7464
8.62362
8.52664
8.46416
8.45238
8.4828
8.55124
8.63245
8.72211
8.78929
8.83401
8.8548
8.84038
8.80071
8.75428
8.69955
8.66965
8.67301
8.72041
8.81458
8.94813
9.10363
9.2488
9.35234
9.38442
9.322
9.18941
9.01546
8.84358
8.70242
8.60236
8.54905
8.54596
8.58645
8.65665
8.74218
8.82722
8.89239
8.92223
8.91639
8.86976
8.80374
8.73946
8.69608
8.68551
8.70932
8.77705
8.87646
8.99398
9.11573
9.2239
9.306
9.35599
9.36078
9.3259
9.25224
9.16053
9.05864
8.95786
8.85913
8.76924
8.67693
8.59552
8.52934
8.48874
8.49524
8.55401
8.66275
8.80547
8.9594
9.10752
9.22613
9.31015
9.35611
9.3585
9.34332
9.31305
9.27299
9.22717
9.15328
9.06089
8.95454
8.84074
8.73839
8.66149
8.62367
8.63316
8.69137
8.77863
8.87311
8.96463
9.04198
9.10084
9.13627
9.1505
9.14032
9.10855
9.06144
8.99988
8.93056
8.85677
8.79426
8.74045
8.70445
8.68299
8.67665
8.67471
8.68415
8.70138
8.73634
8.7858
8.85003
8.91734
8.97254
9.0117
9.02187
9.00875
8.97149
8.91635
8.84338
8.76503
8.67973
8.60263
8.54092
8.49909
8.49691
8.51536
8.56816
8.65203
8.75627
8.86695
8.97058
9.03989
9.07736
9.07843
9.0577
9.03105
9.00647
8.99088
8.98065
8.9733
8.96205
8.94473
8.92462
8.89881
8.87457
8.8554
8.85958
8.88444
8.93149
9.00006
9.08512
9.17769
9.27047
9.35399
9.43449
9.50265
9.55601
9.58783
9.59035
9.5576
9.49233
9.40248
9.29275
9.17251
9.06059
8.95107
8.85828
8.78343
8.71685
8.66736
8.63991
8.62232
8.62659
8.65074
8.6985
8.75585
8.82716
8.90167
8.95295
8.98018
8.97727
8.93278
8.86091
8.76925
8.68151
8.60835
8.55603
8.54337
8.57485
8.63423
8.71816
8.81619
8.92137
9.02923
9.13067
9.2249
9.30978
9.37688
9.41466
9.43122
9.42254
9.3949
9.34005
9.27148
9.19524
9.11176
9.02822
8.93784
8.85068
8.76341
8.67798
8.60124
8.54463
8.5134
8.51119
8.53962
8.59867
8.68203
8.78462
8.89324
8.99339
9.07521
9.12152
9.12915
9.09857
9.03994
8.95511
8.868
8.77895
8.70623
8.64926
8.62229
8.61938
8.64334
8.69062
8.76494
8.85204
8.94309
9.0398
9.12715
9.20124
9.24782
9.26647
9.25539
9.22307
9.17145
9.10756
9.03745
8.96257
8.89663
8.83556
8.77744
8.7213
8.6765
8.64402
8.6239
8.62132
8.64177
8.67857
8.73644
8.81126
8.8977
8.96714
9.02603
9.05466
9.0551
9.03314
8.99931
8.95886
8.92155
8.89719
8.88525
8.88068
8.89233
8.91393
8.94905
8.99328
9.03023
9.05511
9.07096
9.07515
9.06551
9.05321
9.0289
8.99677
8.95678
8.92386
8.89817
8.88193
8.88483
8.90423
8.93066
8.96754
9.00022
9.01745
9.01007
8.98025
8.92712
8.85944
8.7969
8.7665
8.75975
8.79424
8.85665
8.94079
9.02946
9.10182
9.16178
9.19118
9.19421
9.1659
9.11133
9.02855
8.93033
8.82548
8.73077
8.65869
8.61376
8.59739
8.60016
8.628
8.6602
8.699
8.74164
8.78291
8.81935
8.86038
8.90092
8.94755
8.99562
9.0402
9.06499
9.07267
9.05856
9.02685
8.97665
8.92408
8.87314
8.8382
8.82521
8.84409
8.89237
8.96744
9.04968
9.13559
9.20466
9.246
9.25764
9.24126
9.18847
9.10704
8.99214
8.87026
8.75346
8.67016
8.62063
8.61169
8.63829
8.69699
8.77713
8.84815
8.91864
8.97024
9.00286
9.01859
9.01674
9.00665
8.9918
8.98212
8.97296
8.97437
8.99008
9.02352
9.07392
9.13734
9.21098
9.27274
9.32158
9.34888
9.33679
9.28433
9.19682
9.08394
8.96587
8.84378
8.74387
8.67253
8.62295
8.60072
8.59788
8.60795
8.62936
8.65419
8.67694
8.69073
8.69788
8.69794
8.69316
8.70055
8.72054
8.75941
8.81849
8.90311
9.00705
9.09997
9.18345
9.25311
9.30016
9.30832
9.30044
9.27494
9.24198
9.19976
9.15961
9.12312
9.10521
9.10258
9.1124
9.13544
9.15355
9.15915
9.14065
9.09579
9.03306
8.95847
8.88223
8.81653
8.76375
8.73078
8.71066
8.70521
8.71931
8.74436
8.77178
8.81185
8.86287
8.92767
9.00011
9.07094
9.13911
9.19911
9.24141
9.25192
9.24794
9.22196
9.17376
9.11015
9.03159
8.94487
8.85764
8.77457
8.71093
8.65039
8.61242
8.59016
8.58046
8.58095
8.59483
8.62018
8.66195
8.73081
8.81991
8.93064
9.04212
9.12772
9.1754
9.16406
9.09643
8.98741
8.85982
8.7432
8.65795
8.6038
8.57367
8.5576
8.55179
8.53995
8.52737
8.51664
8.51283
8.51456
8.54444
8.60406
8.69521
8.7999
8.92486
9.06427
9.20244
9.33581
9.46297
9.56959
9.64379
9.67365
9.65555
9.59198
9.48428
9.35154
9.21491
9.08979
8.98829
8.91162
8.85985
8.82089
8.79547
8.78501
8.77263
8.76839
8.76994
8.77944
8.7939
8.80627
8.81534
8.81827
8.80955
8.79656
8.78141
8.76401
8.75278
8.75424
8.76278
8.77996
8.82346
8.87456
8.93616
8.99827
9.05496
9.1015
9.12728
9.13656
9.12338
9.08139
9.01998
8.95172
8.87494
8.802
8.7437
8.70112
8.67499
8.67992
8.71046
8.74443
8.78566
8.83234
8.86154
8.88358
8.89647
8.90392
8.91631
8.92955
8.94168
8.9596
8.99211
9.03058
9.08267
9.14337
9.20543
9.25222
9.28027
9.26931
9.23179
9.16819
9.08651
8.99826
8.90595
8.81117
8.71035
8.61311
8.52799
8.45906
8.41432
8.39545
8.403
8.44244
8.51803
8.6384
8.79239
8.97477
9.17944
9.40113
9.6078
9.79145
9.92646
10.0049
10.0155
9.97177
9.87635
9.75485
9.61921
9.47244
9.32393
9.17058
9.01405
8.8501
8.68135
8.51867
8.36683
8.24763
8.16468
8.12419
8.12508
8.16626
8.22642
8.30094
8.37213
8.43
8.48567
8.53174
8.57588
8.61766
8.66059
8.7089
8.76349
8.8169
8.87979
8.93404
8.99186
9.04364
9.09302
9.13483
9.17736
9.22509
9.27923
9.33464
9.3837
9.41888
9.41579
9.36241
9.2482
9.07603
8.87242
8.66509
8.48558
8.36377
8.31859
8.3515
8.44315
8.58687
8.7562
8.93552
9.10197
9.2515
9.36851
9.44903
9.49103
9.50079
9.48392
9.4463
9.43339
9.44124
9.46333
9.50126
9.54908
9.59865
9.64618
9.67344
9.68862
9.69458
9.68524
9.66792
9.644
9.61759
9.58861
9.56426
9.55227
9.55735
9.57473
9.60131
9.63597
9.68098
9.72924
9.79077
9.84966
9.91941
9.98345
10.0326
10.0611
10.0712
10.0657
10.0605
10.0509
10.0179
9.95192
9.85181
9.71384
9.5387
9.3656
9.20331
9.07406
8.98676
8.94368
8.95105
9.01167
9.09982
9.21663
9.33969
9.45492
9.56595
9.66141
9.75593
9.84188
9.92727
10.0001
10.0656
10.1041
10.1073
10.0722
10.0033
9.90953
9.80875
9.71645
9.63865
9.57078
9.52152
9.47512
9.43353
9.3934
9.35929
9.33403
9.318
9.31171
9.29747
9.27283
9.23805
9.18569
9.11214
9.03769
8.97036
8.92762
8.91559
8.9312
8.97744
9.03827
9.11559
9.19804
9.2794
9.34921
9.40075
9.4475
9.48953
9.52526
9.56474
9.6112
9.66072
9.7061
9.74593
9.78552
9.81899
9.84921
9.88714
9.94117
10.017
10.1135
10.2198
10.325
10.4039
10.442
10.4262
10.3524
10.2261
10.0644
9.88565
9.70235
9.52825
9.37209
9.24739
9.15515
9.10334
9.08353
9.0987
9.13829
9.20452
9.27385
9.35506
9.42523
9.47092
9.49003
9.46735
9.40055
9.30767
9.20893
9.1158
9.04863
9.0291
9.05177
9.13347
9.25684
9.41027
9.57433
9.74397
9.89693
10.0233
10.1159
10.1611
10.1651
10.1215
10.0479
9.94884
9.8201
9.67349
9.51058
9.34414
9.18184
9.03325
8.90145
8.79874
8.73306
8.70671
8.72535
8.81042
8.9551
9.14536
9.37953
9.62771
9.86488
10.0641
10.2046
10.285
10.322
10.3193
10.3024
10.2686
10.2144
10.1572
10.088
10.0144
9.94534
9.8873
9.84113
9.80306
9.7685
9.74208
9.70488
9.65319
9.5842
9.50538
9.41326
9.31903
9.23014
9.16143
9.11392
9.08646
9.07106
9.07371
9.09248
9.1224
9.16337
9.21591
9.26758
9.32229
9.38642
9.46033
9.53973
9.61356
9.6781
9.71003
9.70062
9.65147
9.5733
9.48374
9.40169
9.34024
9.30006
9.2909
9.31977
9.37666
9.46183
9.55598
9.65991
9.736
9.78085
9.78616
9.75682
9.70651
9.63651
9.5654
9.48741
9.41749
9.35153
9.30273
9.27621
9.27475
9.29529
9.32656
9.36603
9.39929
9.42706
9.45
9.46802
9.49047
9.50819
9.53376
9.5616
9.57374
9.57003
9.54094
9.49315
9.44589
9.40808
9.40054
9.4284
9.50239
9.61842
9.75367
9.88441
9.98329
10.0258
10.0026
9.90939
9.76526
9.57894
9.38561
9.20208
9.05135
8.9438
8.89048
8.8895
8.93834
9.02169
9.12689
9.23337
9.34106
9.43701
9.51191
9.57042
9.61793
9.66265
9.69777
9.72309
9.73165
9.72444
9.70954
9.69317
9.66767
9.65416
9.64083
9.62356
9.58895
9.53925
9.4773
9.40793
9.33777
9.28353
9.25617
9.2714
9.32939
9.42599
9.55185
9.68195
9.79817
9.89287
9.95288
9.98526
9.99209
9.98834
9.97866
9.97336
9.97781
9.99109
10.0046
10.0216
10.0264
10.027
10.0172
10.0093
10.0017
10.0103
10.0452
10.1051
10.1818
10.2458
10.2682
10.2074
10.0713
9.86264
9.61392
9.35185
9.10027
8.8793
8.7084
8.5838
8.51567
8.50392
8.54091
8.61191
8.70445
8.81139
8.91349
9.00884
9.08859
9.14568
9.20293
9.26482
9.3354
9.41776
9.50913
9.60244
9.67299
9.72439
9.73241
9.69597
9.61608
9.5005
9.36613
9.23577
9.12693
9.06957
9.0676
9.13219
9.25866
9.43019
9.62781
9.83875
10.0299
10.1873
10.2909
10.334
10.3236
10.2582
10.1541
10.0235
9.88836
9.75661
9.65461
9.58388
9.54384
9.52791
9.53053
9.52176
9.5048
9.45797
9.39599
9.30934
9.21525
9.1372
9.09447
9.09322
9.13483
9.22968
9.369
9.54096
9.72715
9.91293
10.068
10.1903
10.2607
10.275
10.2334
10.1497
10.0297
9.88681
9.73808
9.58319
9.44157
9.32466
9.24095
9.20841
9.21689
9.26847
9.34712
9.43437
9.51092
9.57092
9.59256
9.58304
9.53444
9.45529
9.37019
9.28259
9.21631
9.18169
9.1898
9.22485
9.286
9.36136
9.44494
9.53391
9.61803
9.6943
9.74916
9.79264
9.82062
9.83768
9.83791
9.83327
9.82148
9.80379
9.77894
9.75821
9.73882
9.71509
9.70158
9.705
9.72884
9.77657
9.84455
9.91834
9.98913
10.0448
10.0825
10.0983
10.0924
10.0587
10.0118
9.95225
9.87976
9.79806
9.70829
9.61813
9.5335
9.45153
9.3758
9.30432
9.22251
9.13491
9.03494
8.92573
8.82492
8.74204
8.6903
8.67861
8.72378
8.82292
8.97441
9.15394
9.33805
9.50744
9.64065
9.72394
9.76375
9.75418
9.70996
9.63292
9.55242
9.48333
9.42997
9.41094
9.42239
9.46943
9.54314
9.6318
9.70863
9.77255
9.81539
9.83071
9.83175
9.82785
9.81572
9.79276
9.75473
9.70787
9.65523
9.60722
9.55842
9.52847
9.51125
9.52006
9.54603
9.58865
9.65138
9.72475
9.79648
9.87317
9.94454
10.0027
10.0392
10.0388
10.0057
9.9294
9.81256
9.67446
9.52566
9.37644
9.23632
9.11382
9.02116
8.96016
8.93687
8.94794
8.98184
9.04026
9.11637
9.21338
9.30667
9.39317
9.44634
9.45946
9.44095
9.40682
9.38739
9.3958
9.43968
9.511
9.60592
9.69205
9.76515
9.80541
9.81449
9.79147
9.74657
9.69266
9.66281
9.65888
9.69341
9.76386
9.84708
9.93891
10.0169
10.057
10.0547
10.0005
9.89239
9.74093
9.56832
9.38896
9.22919
9.10354
9.03269
9.01242
9.04002
9.11243
9.21126
9.3149
9.4334
9.53522
9.62261
9.68046
9.71473
9.7187
9.71455
9.69063
9.66463
9.63042
9.59261
9.5526
9.51145
9.46143
9.41088
9.35253
9.29323
9.22392
9.17076
9.13045
9.11734
9.12648
9.16255
9.22419
9.30086
9.38419
9.47059
9.54503
9.60559
9.65383
9.70542
9.75824
9.80797
9.85362
9.89282
9.92864
9.95901
9.98442
10.0024
10.0002
9.98632
9.95229
9.91043
9.85452
9.78406
9.68549
9.56639
9.42984
9.28088
9.15201
9.0567
9.01283
9.03578
9.11313
9.25119
9.42934
9.63293
9.82697
9.98203
10.0592
10.0524
9.9726
9.85743
9.72578
9.60335
9.49792
9.41284
9.35714
9.3235
9.32183
9.34114
9.37886
9.43242
9.49404
9.55253
9.59048
9.60431
9.58298
9.53175
9.44802
9.353
9.24991
9.16004
9.0825
9.02349
8.98499
8.97123
8.97649
9.02169
9.09595
9.19857
9.32318
9.47072
9.63223
9.78369
9.92008
10.0316
10.1248
10.1833
10.2142
10.2114
10.1828
10.1295
10.0591
9.97924
9.89692
9.82617
9.75877
9.70574
9.66296
9.62558
9.5921
9.56227
9.5335
9.51587
9.51309
9.52752
9.55695
9.59594
9.63564
9.6707
9.68494
9.66843
9.60815
9.50367
9.36363
9.21177
9.05924
8.94317
8.8848
8.88561
8.94079
9.04936
9.1715
9.30655
9.42483
9.54056
9.62659
9.68761
9.70938
9.69855
9.64988
9.58089
9.50055
9.42015
9.35758
9.31269
9.2857
9.26723
9.24212
9.18887
9.10088
8.99171
8.87819
8.79285
8.74765
8.75919
8.83057
8.96228
9.1516
9.36895
9.60532
9.82671
9.99928
10.103
10.1112
10.0322
9.89772
9.74537
9.61223
9.50601
9.43698
9.40296
9.383
9.3769
9.38255
9.39505
9.41813
9.45044
9.49217
9.55394
9.64933
9.77068
9.91728
10.0754
10.2281
10.3452
10.4155
10.4236
10.3706
10.2764
10.1491
10.0146
9.87255
9.73006
9.60334
9.4909
9.39406
9.31435
9.24932
9.20812
9.18083
9.18212
9.21994
9.28585
9.37932
9.46651
9.5398
9.58147
9.59226
9.56082
9.49375
9.40686
9.3119
9.21786
9.13012
9.05658
9.00545
8.97778
8.9779
9.01744
9.07807
9.17248
9.29595
9.43369
9.58978
9.73347
9.8633
9.9776
10.0656
10.1162
10.1386
10.1196
10.0626
9.96453
9.8415
9.69181
9.53886
9.39087
9.28027
9.22103
9.2344
9.32352
9.4586
9.62426
9.77986
9.90307
9.98111
10.0093
9.99671
9.95285
9.89887
9.83552
9.77902
9.73142
9.70038
9.68054
9.666
9.64695
9.6147
9.56736
9.49283
9.4027
9.30776
9.22908
9.1843
9.17682
9.20747
9.2621
9.33362
9.41593
9.49182
9.5648
9.6231
9.64545
9.63833
9.60347
9.53076
9.44127
9.33858
9.23892
9.16635
9.12169
9.11774
9.14953
9.21144
9.30433
9.4231
9.56883
9.72274
9.86865
9.98264
10.0409
10.0363
9.98403
9.90413
9.81376
9.728
9.65403
9.59018
9.55144
9.52338
9.52074
9.54791
9.59168
9.6416
9.70286
9.75875
9.80939
9.83089
9.83002
9.80661
9.77459
9.7437
9.7284
9.72672
9.74706
9.79503
9.85592
9.92323
9.98733
10.0199
10.0045
9.93104
9.804
9.6395
9.46561
9.30668
9.17483
9.07792
9.0323
9.01676
9.02396
9.04749
9.06846
9.08893
9.09954
9.11338
9.13196
9.16531
9.21944
9.30691
9.4211
9.55263
9.68412
9.80822
9.91161
9.97569
10.0017
9.98943
9.94378
9.88189
9.81042
9.73778
9.6752
9.61558
9.56835
9.53219
9.5037
9.4854
9.4743
9.47575
9.48505
9.50025
9.52438
9.55483
9.58231
9.61274
9.64269
9.66189
9.66977
9.67949
9.6822
9.6889
9.69809
9.71028
9.72546
9.73069
9.71576
9.67036
9.59647
9.50634
9.41734
9.33171
9.27032
9.22233
9.1917
9.17973
9.17592
9.18693
9.20828
9.22896
9.25617
9.28558
9.3168
9.35384
9.41145
9.48164
9.5657
9.6493
9.70589
9.7261
9.70005
9.65012
9.5814
9.51124
9.45182
9.39725
9.35566
9.32964
9.32028
9.32779
9.34863
9.38061
9.42412
9.48424
9.55285
9.64197
9.74454
9.86451
9.98828
10.098
10.1785
10.2138
10.2084
10.177
10.1291
10.0702
10.0131
9.96483
9.93527
9.92683
9.93265
9.95752
9.98123
10.0009
9.99062
9.96348
9.91144
9.84263
9.76513
9.69678
9.63939
9.60582
9.59609
9.61298
9.64769
9.70405
9.77341
9.85083
9.92237
9.98821
10.023
10.0365
10.0255
10.0021
9.97635
9.95244
9.92726
9.89746
9.86882
9.84194
9.81338
9.80104
9.80162
9.80714
9.8067
9.78607
9.73618
9.65339
9.54852
9.44728
9.36755
9.32227
9.32365
9.37921
9.48104
9.62084
9.78461
9.95877
10.1346
10.2938
10.4244
10.5149
10.5625
10.555
10.498
10.4033
10.2872
10.1688
10.0552
9.96183
9.89185
9.84746
9.82039
9.81482
9.82776
9.86466
9.91726
9.98842
10.0666
10.1407
10.1926
10.2088
10.178
10.1104
9.99742
9.86706
9.73423
9.62526
9.53905
9.49162
9.47524
9.47957
9.50086
9.53878
9.59574
9.6692
9.76534
9.87322
9.98034
10.0848
10.1746
10.2319
10.2575
10.2409
10.1971
10.1249
10.0332
9.94537
9.86365
9.80014
9.75519
9.73097
9.73072
9.74955
9.78199
9.8282
9.87163
9.90603
9.92881
9.93813
9.92397
9.89528
9.85821
9.81024
9.75532
9.71156
9.68364
9.67127
9.68725
9.71667
9.76502
9.81786
9.88502
9.96625
10.0621
10.1621
10.261
10.335
10.3767
10.3706
10.3137
10.2206
10.112
10.0008
9.90524
9.83737
9.80867
9.81208
9.84364
9.88552
9.92892
9.95726
9.95935
9.92261
9.84872
9.75013
9.64397
9.54482
9.472
9.44121
9.44901
9.48946
9.56572
9.6708
9.79054
9.91059
10.0248
10.1321
10.2307
10.332
10.4442
10.564
10.6773
10.7715
10.8183
10.8078
10.7291
10.5964
10.4176
10.218
10.0218
9.83803
9.68295
9.55186
9.44798
9.36742
9.29934
9.26735
9.25446
9.27427
9.32094
9.39796
9.49754
9.62444
9.76928
9.91391
10.0439
10.1413
10.1922
10.2026
10.1776
10.1431
10.113
10.0873
10.0765
10.0639
10.0561
10.0405
10.0087
9.96602
9.91534
9.85651
9.79039
9.72699
9.66523
9.60934
9.57964
9.55717
9.56367
9.56942
9.57952
9.58919
9.60155
9.62102
9.65219
9.68593
9.72221
9.76891
9.81391
9.86222
9.91105
9.95072
9.97937
9.98237
9.95197
9.89386
9.82168
9.75232
9.70592
9.70687
9.73477
9.78546
9.84305
9.87742
9.87505
9.83638
9.76278
9.66272
9.55057
9.44485
9.36268
9.31666
9.31614
9.36233
9.4474
9.55981
9.68328
9.79103
9.87481
9.94152
9.97241
9.97723
9.96025
9.92337
9.87956
9.84209
9.81351
9.81474
9.83582
9.87717
9.93742
10.0048
10.0798
10.1537
10.2254
10.2919
10.3446
10.3993
10.4355
10.4549
10.4542
10.4285
10.3857
10.3287
10.2547
10.1866
10.1229
10.0739
10.0361
10.0099
9.99477
9.98
9.96442
9.93737
9.90601
9.87072
9.83313
9.79645
9.76612
9.73438
9.70812
9.69046
9.66487
9.64516
9.6243
9.59791
9.58248
9.5745
9.58011
9.60761
9.65404
9.70284
9.75683
9.81627
9.85224
9.87218
9.8695
9.84379
9.78813
9.72631
9.66385
9.61913
9.60113
9.60613
9.6321
9.67318
9.72552
9.77291
9.80922
9.83678
9.86283
9.88619
9.92197
9.96905
10.0244
10.0928
10.1761
10.2672
10.3626
10.4312
10.4577
10.4315
10.3554
10.2479
10.1246
9.99745
9.88193
9.78807
9.7148
9.67663
9.66691
9.68601
9.73727
9.80751
9.89249
9.98294
10.0715
10.1477
10.1976
10.2173
10.1812
10.1116
9.99183
9.84252
9.69623
9.57548
9.50097
9.47906
9.51121
9.60029
9.72386
9.87693
10.0459
10.2026
10.3255
10.4143
10.454
10.4406
10.3839
10.2859
10.1592
10.016
9.86804
9.74325
9.66111
9.63586
9.67825
9.76902
9.89047
10.0104
10.1125
10.1755
10.1867
10.1429
10.0513
9.91824
9.769
9.6184
9.48189
9.37403
9.31501
9.3074
9.33854
9.40562
9.49334
9.58322
9.64687
9.68643
9.71105
9.72595
9.74738
9.7728
9.81061
9.85417
9.90498
9.95568
9.99548
10.0156
10.0164
10.0095
9.99968
9.99055
9.98908
10
10.017
10.0189
10.0134
9.99533
9.95451
9.8913
9.81105
9.71686
9.63092
9.55701
9.52205
9.53483
9.59294
9.69617
9.82146
9.9612
10.1057
10.2385
10.3242
10.3662
10.3644
10.3137
10.22
10.1013
9.96052
9.83731
9.74681
9.69408
9.69559
9.73818
9.80207
9.86369
9.90546
9.91255
9.89238
9.84818
9.78346
9.72869
9.68838
9.69106
9.72042
9.77623
9.84795
9.91408
9.97015
9.99364
9.97214
9.90759
9.80821
9.68285
9.55521
9.44247
9.37248
9.35885
9.41406
9.52969
9.68074
9.84292
9.98659
10.1028
10.1755
10.2066
10.198
10.144
10.061
9.95841
9.86179
9.78253
9.74704
9.75564
9.80757
9.89359
10.0072
10.1205
10.2122
10.2679
10.2663
10.2212
10.1416
10.0313
9.89669
9.74279
9.59482
9.45221
9.34979
9.29613
9.28673
9.32774
9.41125
9.53862
9.69571
9.85835
10.0203
10.1727
10.2981
10.4106
10.4855
10.5322
10.5269
10.4671
10.3446
10.1591
9.91928
9.65243
9.39481
9.17292
9.00676
8.91432
8.89744
8.95864
9.08234
9.26797
9.4795
9.71364
9.92967
10.1047
10.2217
10.279
10.2741
10.2239
10.1403
10.0467
9.96366
9.90491
9.87394
9.86678
9.89048
9.93549
10.0025
10.0841
10.1998
10.3342
10.478
10.6233
10.7545
10.8402
10.8711
10.8385
10.7464
10.612
10.4468
10.2749
10.1182
9.99216
9.90279
9.85008
9.83674
9.8462
9.87015
9.89823
9.92393
9.95243
9.96831
9.96547
9.9434
9.90389
9.83907
9.75619
9.66297
9.56754
9.47996
9.40509
9.34981
9.30866
9.28555
9.26679
9.25204
9.23112
9.20519
9.19005
9.19091
9.22526
9.29628
9.42321
9.58378
9.75378
9.92112
10.0635
10.1713
10.2335
10.2518
10.2414
10.2065
10.1656
10.1259
10.0879
10.0652
10.0457
10.0247
10.0067
9.98025
9.96041
9.95204
9.96778
10.0006
10.0484
10.116
10.1892
10.2709
10.3402
10.397
10.43
10.4464
10.4399
10.4124
10.3656
10.3126
10.2495
10.1797
10.1105
10.0432
9.97868
9.91656
9.85304
9.79207
9.73038
9.67702
9.62462
9.58058
9.54937
9.53309
9.53548
9.55041
9.58378
9.63256
9.69603
9.76356
9.8338
9.89941
9.96251
10.0035
10.0275
10.0445
10.048
10.0397
10.0235
10.0018
9.98497
9.96876
9.94539
9.91911
9.87153
9.80135
9.70894
9.60381
9.49866
9.41286
9.3573
9.35113
9.38612
9.46482
9.58669
9.73165
9.87771
10.0075
10.1005
10.1408
10.1197
10.0439
9.92557
9.78272
9.64227
9.53409
9.47544
9.47526
9.51434
9.57831
9.64882
9.73206
9.83038
9.93759
10.0376
10.1212
10.1612
10.1598
10.1139
10.0423
9.96469
9.88841
9.82631
9.79231
9.78054
9.78452
9.79351
9.80501
9.81553
9.83313
9.87313
9.93155
10.0153
10.115
10.2144
10.2897
10.3164
10.2819
10.1907
10.0639
9.93755
9.82755
9.75183
9.72205
9.73507
9.78907
9.88278
9.99748
10.135
10.2719
10.3836
10.4499
10.4509
10.3909
10.2805
10.1365
9.97525
9.81993
9.68034
9.56658
9.488
9.44862
9.4528
9.505
9.60292
9.74597
9.91014
10.0892
10.2474
10.3793
10.4772
10.5517
10.6193
10.6801
10.7113
10.7134
10.6622
10.5491
10.3903
10.2077
10.0199
9.85093
9.71797
9.62466
9.56701
9.53994
9.53553
9.55183
9.57711
9.61561
9.65582
9.69789
9.73568
9.75319
9.75113
9.72161
9.66344
9.59376
9.51703
9.44505
9.38304
9.35027
9.3619
9.42639
9.5463
9.7212
9.93792
10.1636
10.3728
10.5296
10.6033
10.581
10.4647
10.2878
10.0873
9.90095
9.7626
9.68628
9.67102
9.71541
9.8028
9.91383
10.0418
10.1851
10.3274
10.4649
10.574
10.6533
10.6803
10.6477
10.5581
10.4185
10.2453
10.0655
9.89837
9.75953
9.6545
9.58425
9.54649
9.52592
9.5208
9.5207
9.53329
9.57086
9.60952
9.66276
9.72878
9.80606
9.87594
9.93529
9.97796
9.98592
9.9642
9.90263
9.80504
9.69125
9.59054
9.52001
9.49626
9.50629
9.55768
9.64624
9.77689
9.92684
10.0835
10.2224
10.3252
10.3823
10.3663
10.2864
10.1727
10.0436
9.9352
9.86588
9.84512
9.86689
9.89455
9.88407
9.79939
9.65011
9.46815
9.2886
9.14935
9.0513
8.99654
8.98705
9.00765
9.05752
9.1267
9.20402
9.29736
9.39582
9.50816
9.63413
9.77169
9.91368
10.0603
10.198
10.3092
10.3911
10.4364
10.4323
10.3881
10.3197
10.2401
10.1677
10.1234
10.1047
10.1105
10.1431
10.1973
10.2543
10.3184
10.3693
10.3955
10.3796
10.315
10.1887
10.0173
9.81362
9.60598
9.43236
9.30718
9.25593
9.28428
9.39094
9.55312
9.75504
9.95855
10.1422
10.2802
10.3746
10.423
10.43
10.3974
10.3423
10.2591
10.1512
10.03
9.91278
9.80113
9.71222
9.64593
9.60174
9.58587
9.57814
9.5788
9.5718
9.55757
9.52632
9.49169
9.44981
9.40308
9.3559
9.30996
9.28757
9.28595
9.31075
9.35643
9.41146
9.47511
9.53171
9.5861
9.64137
9.68971
9.74511
9.8188
9.92072
10.0493
10.1975
10.3584
10.5052
10.63
10.7138
10.7557
10.7454
10.6956
10.6118
10.5092
10.4016
10.2854
10.1821
10.0736
9.98171
9.89924
9.83053
9.77751
9.73391
9.69998
9.67057
9.64908
9.62989
9.61983
9.6082
9.59036
9.5713
9.55365
9.53916
9.53711
9.54603
9.57621
9.62506
9.68773
9.77186
9.87652
9.97446
10.0643
10.1315
10.1638
10.1568
10.1094
10.0229
9.9061
9.77976
9.65654
9.56308
9.50409
9.49802
9.54254
9.62211
9.71458
9.80414
9.84822
9.84749
9.80693
9.73484
9.633
9.52845
9.42273
9.32902
9.24794
9.19809
9.16622
9.15448
9.16596
9.19022
9.24601
9.32256
9.42345
9.5409
9.66384
9.78947
9.90784
10.0228
10.1237
10.2043
10.2565
10.276
10.2646
10.2175
10.156
10.088
10.0125
9.92667
9.85135
9.78284
9.7276
9.69878
9.6878
9.69602
9.71008
9.71926
9.7245
9.7277
9.71454
9.69149
9.65657
9.61502
9.55942
9.49477
9.4231
9.3547
9.29275
9.25039
9.23127
9.24555
9.27182
9.31677
9.3667
9.40093
9.40814
9.37935
9.33376
9.28092
9.23488
9.21117
9.20825
9.23942
9.30283
9.40202
9.52588
9.66632
9.80488
9.92828
10.0108
10.0544
10.0613
10.0397
9.99619
9.93239
9.85605
9.77552
9.70265
9.6585
9.6512
9.68826
9.77382
9.89107
10.0137
10.1263
10.2011
10.2308
10.212
10.1601
10.0907
10.0049
9.89811
9.77916
9.64721
9.50876
9.37674
9.26526
9.19027
9.16743
9.19985
9.29394
9.44053
9.61679
9.79641
9.94726
10.0518
10.0946
10.0703
9.99588
9.88963
9.76897
9.65241
9.55331
9.47689
9.41568
9.36498
9.32279
9.28989
9.27492
9.27122
9.27363
9.28079
9.30504
9.34496
9.38794
9.44636
9.5152
9.58197
9.65885
9.743
9.82235
9.89681
9.95221
9.97682
9.96175
9.9143
9.83779
9.7384
9.62979
9.52236
9.42292
9.3401
9.28288
9.25988
9.27256
9.31883
9.3853
9.47362
9.57082
9.67835
9.78332
9.89268
9.99597
10.093
10.1728
10.2371
10.2878
10.3186
10.3294
10.3147
10.2694
10.1974
10.0921
9.96546
9.82165
9.68549
9.56911
9.47912
9.42779
9.39276
9.37904
9.37368
9.36458
9.34459
9.31508
9.28211
9.24722
9.22382
9.21242
9.22994
9.27945
9.37408
9.50035
9.6564
9.82999
10.0035
10.1435
10.2361
10.2606
10.226
10.1471
10.0392
9.93816
9.85466
9.79153
9.74819
9.71793
9.68929
9.64849
9.60406
9.55803
9.50781
9.45786
9.42058
9.39862
9.3929
9.39794
9.41691
9.43188
9.43489
9.43478
9.42402
9.42006
9.42547
9.44264
9.48442
9.54169
9.60869
9.67614
9.73242
9.77228
9.79849
9.81322
9.81476
9.81311
9.81394
9.81861
9.82689
9.84313
9.88008
9.92671
9.98524
10.0334
10.0718
10.0862
10.0812
10.0507
10.0126
9.97499
9.94007
9.90638
9.86028
9.81371
9.76599
9.71514
9.66063
9.62346
9.59502
9.58313
9.57435
9.56593
9.55151
9.52298
9.4903
9.45899
9.44535
9.44865
9.46935
9.51542
9.55665
9.59114
9.60696
9.57714
9.50949
9.40721
9.28338
9.17873
9.1103
9.08836
9.13449
9.226
9.35655
9.50196
9.6384
9.75362
9.83227
9.86557
9.85742
9.81485
9.73974
9.6651
9.60204
9.57316
9.57587
9.60542
9.64889
9.6969
9.72471
9.71961
9.68778
9.63562
9.56038
9.47697
9.40921
9.35552
9.32351
9.31554
9.3251
9.34875
9.38249
9.42348
9.46749
9.52056
9.58388
9.65886
9.74434
9.82027
9.87315
9.89579
9.89666
9.8847
9.86904
9.87346
9.90246
9.94937
10.0115
10.0631
10.091
10.0777
10.0185
9.92467
9.80887
9.69856
9.60368
9.53183
9.48651
9.4638
9.46546
9.49774
9.55076
9.62926
9.70053
9.75563
9.77733
9.74978
9.67624
9.55567
9.40074
9.23238
9.06602
8.93431
8.84599
8.82179
8.87332
8.99953
9.1899
9.42384
9.67237
9.89436
10.0627
10.1681
10.2214
10.2369
10.2339
10.2308
10.2345
10.2598
10.3004
10.3426
10.3603
10.3215
10.2196
10.0524
9.84511
9.61809
9.39682
9.19766
9.02426
8.89414
8.80879
8.78511
8.83412
8.95592
9.16245
9.43401
9.74909
10.0687
10.3617
10.5762
10.6911
10.696
10.5834
10.3709
10.0857
9.77381
9.47441
9.21545
9.01922
8.88395
8.81972
8.81671
8.87403
8.98095
9.11776
9.28169
9.45871
9.62353
9.76913
9.87392
9.93865
9.96753
9.95385
9.91045
9.84555
9.76531
9.6857
9.6158
9.54413
9.4765
9.4064
9.34281
9.28891
9.26572
9.28795
9.35149
9.45932
9.59603
9.73709
9.85806
9.94272
9.99588
10.0232
10.041
10.06
10.0686
10.0713
10.0514
10.006
9.92207
9.80254
9.65097
9.46965
9.28558
9.11861
8.98537
8.89244
8.84317
8.84272
8.88999
8.9937
9.1467
9.35128
9.6042
9.87681
10.1411
10.3669
10.5133
10.5532
10.4807
10.3109
10.067
9.77346
9.48437
9.21702
9.01598
8.88827
8.84016
8.86848
8.95852
9.10736
9.28912
9.49273
9.68383
9.85904
10.005
10.1242
10.2119
10.2625
10.2959
10.298
10.2723
10.2291
10.1665
10.0851
9.97907
9.85744
9.72994
9.60674
9.4984
9.42058
9.37826
9.36852
9.39023
9.42322
9.45488
9.49083
9.51834
9.53542
9.54795
9.56476
9.59314
9.63084
9.68689
9.76707
9.87232
9.97573
10.0584
10.0952
10.077
9.98949
9.84538
9.66358
9.47535
9.2981
9.17131
9.10102
9.09334
9.1383
9.2268
9.34123
9.46899
9.59195
9.70392
9.81548
9.92225
10.0208
10.1084
10.1749
10.2143
10.2228
10.1928
10.122
10.0231
9.90104
9.7791
9.68727
9.61729
9.57214
9.54361
9.52094
9.49836
9.47543
9.45301
9.43017
9.39098
9.34233
9.26863
9.19461
9.11937
9.05635
9.01827
9.01127
9.04553
9.10217
9.20254
9.33151
9.47837
9.63183
9.77143
9.88772
9.97353
10.0194
10.036
10.0311
10.0218
10.0166
10.0083
9.9943
9.9562
9.90905
9.84357
9.77648
9.7206
9.67932
9.6466
9.61541
9.58569
9.54374
9.49871
9.46047
9.43086
9.41921
9.42645
9.44764
9.48589
9.53652
9.59352
9.65355
9.72093
9.77919
9.82973
9.85842
9.87622
9.88466
9.87964
9.85879
9.82719
9.7667
9.67365
9.56175
9.4284
9.29581
9.16849
9.04846
8.95155
8.88878
8.86384
8.89553
8.96813
9.07958
9.20391
9.33067
9.4499
9.54703
9.62887
9.68842
9.73507
9.75195
9.74375
9.71998
9.69107
9.67202
9.6682
9.68537
9.72982
9.789
9.86097
9.92515
9.99498
10.0626
10.1294
10.1882
10.2342
10.2649
10.2588
10.2255
10.1452
10.0344
9.90743
9.79129
9.71812
9.69826
9.72978
9.8087
9.90671
10.0023
10.067
10.0944
10.0872
10.0512
10.0054
9.96033
9.9094
9.81623
9.67184
9.48296
9.29854
9.15426
9.07438
9.04519
9.04939
9.07513
9.10434
9.12924
9.15543
9.17224
9.19684
9.22276
9.26353
9.30619
9.35354
9.39613
9.44164
9.49426
9.55946
9.63109
9.69756
9.74421
9.7644
9.74549
9.69728
9.63183
9.56315
9.49924
9.45159
9.42678
9.42447
9.442
9.48364
9.55447
9.64761
9.74499
9.84811
9.93096
9.98379
9.98745
9.94532
9.86619
9.76779
9.6619
9.57024
9.4996
9.46381
9.46491
9.4986
9.56801
9.65486
9.76028
9.87121
9.97089
10.0509
10.0948
10.1029
10.07
10.0054
9.92037
9.82438
9.7406
9.66115
9.59881
9.5577
9.52872
9.51268
9.50533
9.51318
9.54582
9.6052
9.68997
9.78761
9.88626
9.9578
9.99246
9.9795
9.92249
9.83568
9.72986
9.62485
9.53916
9.47957
9.44652
9.42997
9.41719
9.40092
9.38805
9.37408
9.37138
9.37121
9.36904
9.36957
9.37512
9.37232
9.36211
9.35877
9.35226
9.34872
9.35594
9.37034
9.3961
9.4191
9.44386
9.45431
9.45737
9.45893
9.46106
9.4665
9.47847
9.49749
9.52858
9.56158
9.60539
9.65791
9.73317
9.83374
9.95549
10.0881
10.2315
10.364
10.459
10.5031
10.4757
10.3714
10.2042
9.9875
9.76602
9.55897
9.39517
9.27993
9.22081
9.20765
9.22637
9.26921
9.31151
9.35584
9.37762
9.37099
9.34995
9.3068
9.27133
9.25679
9.27487
9.33832
9.43661
9.5533
9.66758
9.76068
9.82802
9.87997
9.90728
9.92773
9.94532
9.94771
9.93468
9.89753
9.83141
9.74547
9.65597
9.57418
9.52812
9.52045
9.54937
9.60155
9.66598
9.72496
9.75693
9.75427
9.71949
9.66907
9.61104
9.56103
9.52396
9.48102
9.42908
9.366
9.29611
9.23155
9.18263
9.15654
9.15398
9.17609
9.22336
9.28642
9.36294
9.43806
9.50568
9.55651
9.59396
9.60246
9.58477
9.53923
9.46109
9.36905
9.28037
9.18822
9.13301
9.12743
9.18058
9.29759
9.46196
9.65638
9.86367
10.0569
10.2087
10.3061
10.3534
10.3564
10.3281
10.2696
10.1917
10.0961
9.99233
9.88493
9.77595
9.66832
9.56929
9.48199
9.40241
9.33352
9.28578
9.24391
9.21501
9.19814
9.18925
9.18932
9.20796
9.24466
9.3076
9.39089
9.49552
9.59233
9.65974
9.70677
9.73755
9.76571
9.81531
9.87075
9.93387
9.98156
10.0163
10.0227
9.99988
9.95221
9.88765
9.81212
9.74293
9.66623
9.58621
9.51538
9.44926
9.40854
9.3924
9.40522
9.43553
9.4774
9.52574
9.56412
9.58784
9.59162
9.57475
9.53014
9.47316
9.42159
9.37955
9.3458
9.32397
9.31739
9.32847
9.3584
9.41231
9.48708
9.57849
9.67721
9.76816
9.84366
9.89288
9.92563
9.93766
9.93928
9.9462
9.94071
9.92605
9.90261
9.87669
9.85179
9.81917
9.79009
9.74584
9.68533
9.61776
9.5569
9.51756
9.51734
9.56222
9.65343
9.77116
9.89872
9.99924
10.0515
10.0415
9.9665
9.82771
9.64633
9.44763
9.26108
9.10745
8.99635
8.93454
8.9203
8.95501
9.04213
9.16863
9.33176
9.50534
9.67704
9.82205
9.9228
9.9708
9.97597
9.94308
9.88262
9.80767
9.72691
9.65109
9.57562
9.50404
9.43463
9.37573
9.33802
9.34836
9.40582
9.50691
9.62774
9.75737
9.88059
9.99017
10.0719
10.1163
10.1176
10.09
10.0229
9.93872
9.83819
9.73752
9.65353
9.58788
9.54559
9.51423
9.47614
9.4351
9.36613
9.2773
9.17255
9.06834
8.97581
8.91216
8.88769
8.91098
8.98925
9.11492
9.278
9.45834
9.65609
9.85257
10.0431
10.213
10.36
10.458
10.5042
10.5009
10.4427
10.3368
10.1923
10.019
9.83605
9.65206
9.48786
9.35732
9.25956
9.19652
9.16588
9.17121
9.19313
9.22967
9.27784
9.32427
9.36175
9.3968
9.4106
9.40057
9.37026
9.31058
9.23469
9.1472
9.06833
9.00709
8.97362
8.9873
9.05865
9.188
9.36727
9.57968
9.80069
10.0142
10.1971
10.3525
10.4645
10.54
10.5831
10.5964
10.5808
10.5363
10.464
10.3605
10.2152
10.0362
9.83037
9.61819
9.41276
9.23559
9.0919
8.98538
8.92027
8.89451
8.91972
8.98578
9.10025
9.25453
9.43285
9.62046
9.80984
9.98269
10.1253
10.2225
10.2635
10.2265
10.105
9.89974
9.63224
9.33683
9.04726
8.7896
8.602
8.48451
8.44171
8.47281
8.5647
8.71017
8.89176
9.09264
9.28875
9.47393
9.64121
9.78321
9.87032
9.89599
9.84116
9.73003
9.59232
9.45049
9.3279
9.23941
9.18441
9.14941
9.13687
9.13726
9.14888
9.17525
9.22249
9.2891
9.37985
9.48856
9.61373
9.7405
9.85985
9.95757
10.0297
10.0749
10.0908
10.0805
10.0575
10.0234
9.96343
9.86927
9.74167
9.58514
9.40518
9.23451
9.08672
8.97581
8.90946
8.90124
8.94774
9.02712
9.13511
9.25972
9.39113
9.52697
9.66573
9.7932
9.89427
9.9566
9.97355
9.94326
9.88236
9.80073
9.7265
9.65414
9.60694
9.58461
9.57494
9.58309
9.59553
9.6107
9.61814
9.62892
9.63911
9.64308
9.63421
9.62212
9.60397
9.58567
9.57432
9.56243
9.54613
9.51919
9.47662
9.42408
9.37176
9.33319
9.31205
9.30806
9.31928
9.34373
9.38209
9.43854
9.50267
9.55541
9.60111
9.62983
9.65541
9.68566
9.72447
9.78222
9.85746
9.93379
10.02
10.0906
10.1351
10.1435
10.1013
10.0132
9.88795
9.73228
9.56443
9.38778
9.2152
9.0668
8.93955
8.84485
8.79484
8.78522
8.81365
8.87487
8.96248
9.05628
9.14595
9.23976
9.32554
9.40733
9.48988
9.56897
9.63909
9.69742
9.74092
9.77063
9.79456
9.82227
9.85785
9.9046
9.94681
9.98437
10.019
10.0516
10.0859
10.1174
10.153
10.1834
10.2082
10.2158
10.1915
10.1165
9.99374
9.81921
9.61475
9.40415
9.21511
9.06836
8.96788
8.93004
8.93894
8.9967
9.08623
9.18143
9.2853
9.38313
9.47405
9.55536
9.62545
9.68928
9.74333
9.78095
9.79708
9.79515
9.76023
9.70408
9.62473
9.53578
9.43406
9.32874
9.22929
9.14212
9.08256
9.0495
9.04999
9.07378
9.10726
9.13722
9.16139
9.17937
9.19621
9.21363
9.24322
9.29123
9.35065
9.41335
9.48152
9.5433
9.59248
9.61538
9.62072
9.61073
9.59529
9.59476
9.60833
9.64433
9.70267
9.77794
9.86166
9.9473
10.0112
10.05
10.0525
10.0208
9.95983
9.88101
9.79075
9.70228
9.62153
9.55482
9.50482
9.46881
9.44555
9.42948
9.40349
9.37719
9.33985
9.29619
9.2617
9.23262
9.22008
9.22381
9.25405
9.301
9.36058
9.42433
9.48876
9.53439
9.55594
9.56284
9.55784
9.56411
9.57943
9.60818
9.64367
9.67416
9.6932
9.70263
9.70233
9.69303
9.67848
9.66366
9.65725
9.6627
9.67368
9.69317
9.71025
9.71766
9.71548
9.70492
9.67754
9.63773
9.59757
9.54896
9.48793
9.42305
9.34461
9.26048
9.16729
9.06457
8.94978
8.83907
8.74042
8.68988
8.68141
8.73815
8.84849
9.00025
9.18554
9.39396
9.59438
9.77591
9.92342
10.0249
10.0948
10.131
10.1545
10.1602
10.1462
10.1117
10.0477
9.96287
9.85522
9.73011
9.59705
9.46937
9.33987
9.22919
9.14344
9.08623
9.05718
9.05745
9.08272
9.13221
9.18951
9.25573
9.32162
9.38487
9.45152
9.50044
9.53765
9.54859
9.5205
9.45119
9.35846
9.25538
9.16824
9.11761
9.11435
9.16934
9.26064
9.38841
9.5344
9.69179
9.83693
9.95881
10.0483
10.0772
10.0507
9.96625
9.84083
9.67792
9.50186
9.31898
9.14556
9.00153
8.88808
8.81939
8.79696
8.83376
8.9219
9.06862
9.26982
9.52585
9.82644
10.1537
10.4697
10.7426
10.9332
11.0185
10.9802
10.8201
10.5581
10.2184
9.82433
9.41504
9.02832
8.70226
8.45644
8.30419
8.25736
8.3053
8.4282
8.60924
8.81087
9.00256
9.17768
9.32518
9.44486
9.55503
9.6638
9.78415
9.89575
9.98396
10.0385
10.0513
10.0141
9.93976
9.84793
9.74832
9.65113
9.57075
9.51526
9.48105
9.47648
9.50038
9.55336
9.62154
9.70032
9.75987
9.79888
9.81915
9.81195
9.78065
9.72704
9.64389
9.53311
9.39425
9.2392
9.06846
8.91449
8.78379
8.6942
8.67773
8.7223
8.83882
9.01813
9.24694
9.50627
9.76784
10.0042
10.1896
10.3099
10.356
10.338
10.2577
10.1323
9.98354
9.82233
9.66545
9.52746
9.4139
9.33675
9.29555
9.29931
9.33729
9.4197
9.54053
9.69506
9.86507
10.0415
10.1765
10.248
10.2163
10.088
9.88338
9.65058
9.41931
9.23743
9.11754
9.06415
9.07529
9.13978
9.2422
9.36833
9.4902
9.59221
9.65128
9.65634
9.61033
9.52489
9.41016
9.28885
9.17547
9.10281
9.05828
9.05812
9.09814
9.17324
9.26109
9.35011
9.42027
9.47182
9.50071
9.51476
9.52247
9.5329
9.54381
9.56025
9.59071
9.62161
9.66761
9.72112
9.77921
9.8357
9.88085
9.91032
9.91018
9.87506
9.80987
9.71447
9.59743
9.46919
9.34841
9.23649
9.14474
9.08976
9.06367
9.0842
9.14713
9.24656
9.36394
9.48096
9.59219
9.68797
9.75592
9.78924
9.79466
9.7782
9.75011
9.71306
9.67941
9.65124
9.63658
9.64525
9.6651
9.69405
9.7197
9.73796
9.74082
9.73805
9.7315
9.72425
9.71995
9.71615
9.69433
9.66085
9.61308
9.55155
9.47091
9.39828
9.34121
9.27546
9.21331
9.14151
9.06275
8.97016
8.89287
8.84713
8.84596
8.89219
8.98106
9.11559
9.26457
9.4197
9.57265
9.69851
9.7891
9.82532
9.80945
9.74473
9.65042
9.54494
9.44596
9.37224
9.3322
9.32608
9.35521
9.40708
9.47887
9.54717
9.60001
9.65101
9.69184
9.71818
9.73894
9.7529
9.76133
9.75057
9.73308
9.69776
9.653
9.60381
9.5549
9.5026
9.44848
9.38502
9.31129
9.24654
9.18691
9.12764
9.08133
9.05941
9.06071
9.09178
9.15084
9.22495
9.32086
9.42636
9.52506
9.61461
9.68032
9.71315
9.71546
9.68758
9.64123
9.59594
9.57239
9.58795
9.64531
9.73652
9.84867
9.94897
10.0109
10.0091
9.93111
9.78306
9.57485
9.35432
9.15007
8.99385
8.89602
8.87582
8.92372
9.03104
9.17646
9.34569
9.51498
9.66773
9.80114
9.89563
9.95219
9.97358
9.96607
9.93887
9.89756
9.8555
9.80967
9.78063
9.75367
9.73079
9.70797
9.67863
9.63854
9.58219
9.51157
9.43116
9.33754
9.23991
9.14507
9.07051
9.01271
8.98405
9.00723
9.06957
9.17896
9.32376
9.50231
9.70309
9.90028
10.0806
10.2248
10.3152
10.3496
10.3122
10.2105
10.0482
9.83096
9.57752
9.31247
9.06229
8.8316
8.65671
8.55328
8.52673
8.57525
8.69045
8.86481
9.0739
9.28393
9.46636
9.5992
9.68139
9.70653
9.69873
9.66965
9.62466
9.58817
9.55542
9.54624
9.54977
9.54729
9.53874
9.51102
9.4656
9.40865
9.35299
9.31505
9.30187
9.33074
9.39825
9.49979
9.61869
9.73333
9.81457
9.84708
9.82865
9.76819
9.69206
9.61311
9.56079
9.54613
9.5676
9.60991
9.66379
9.71198
9.74154
9.75098
9.73361
9.70225
9.66267
9.6323
9.61167
9.59316
9.57423
9.57334
9.57818
9.59327
9.59715
9.58089
9.54052
9.47247
9.38912
9.29383
9.20981
9.13955
9.07836
9.01989
8.96854
8.91207
8.86076
8.82122
8.81118
8.84342
8.92214
9.05292
9.21517
9.39932
9.56799
9.72057
9.85105
9.95538
10.0315
10.0786
10.0999
10.0866
10.0383
9.96434
9.87211
9.77568
9.68183
9.60198
9.54845
9.5406
9.56753
9.62916
9.71492
9.80303
9.87014
9.89939
9.87398
9.80447
9.7104
9.61558
9.53946
9.49298
9.4943
9.53301
9.59504
9.66893
9.73536
9.77874
9.80937
9.81784
9.80752
9.7796
9.73291
9.655
9.55636
9.43827
9.30385
9.17467
9.06028
8.99483
8.96332
8.97865
9.03533
9.1238
9.24113
9.37855
9.52446
9.67215
9.80364
9.90457
9.96763
9.976
9.94683
9.88341
9.79432
9.68839
9.5798
9.47348
9.37724
9.29009
9.22447
9.18502
9.16379
9.15824
9.16746
9.18787
9.21525
9.25209
9.29133
9.33429
9.38964
9.45831
9.53007
9.6196
9.71707
9.81155
9.90625
9.99128
10.0733
10.1421
10.1928
10.2109
10.2079
10.169
10.0987
10.0071
9.90184
9.78512
9.65978
9.52845
9.39203
9.25025
9.09792
8.95351
8.83264
8.73883
8.70092
8.7117
8.78099
8.89963
9.05643
9.23037
9.4027
9.56521
9.70382
9.80873
9.89261
9.94994
9.97702
9.99299
9.99018
9.97528
9.9506
9.92221
9.89424
9.86418
9.83638
9.80082
9.76885
9.73407
9.69532
9.67317
9.65205
9.63915
9.6306
9.62862
9.62106
9.58998
9.54193
9.4748
9.40611
9.34457
9.30938
9.31646
9.35149
9.40364
9.45779
9.4955
9.51012
9.50217
9.47981
9.44533
9.39519
9.33255
9.26618
9.19406
9.13025
9.09266
9.08323
9.10727
9.16226
9.24654
9.35303
9.46829
9.57058
9.65045
9.68976
9.68322
9.63601
9.57949
9.53001
9.50652
9.50991
9.53767
9.57465
9.61922
9.67553
9.73382
9.78798
9.83742
9.86544
9.87126
9.83761
9.76922
9.66181
9.55508
9.45893
9.38497
9.35736
9.37755
9.44754
9.55757
9.68509
9.81745
9.92795
10.0064
10.0412
10.0434
10.0064
9.94437
9.8474
9.72096
9.5775
9.42868
9.30242
9.22163
9.20463
9.25591
9.36794
9.53042
9.71749
9.89888
10.0412
10.118
10.1241
10.0555
9.92149
9.74764
9.5529
9.36613
9.19745
9.07175
8.99609
8.98627
9.03169
9.12662
9.2535
9.38972
9.52837
9.64967
9.76143
9.85305
9.93132
9.98851
10.0217
10.0252
9.98939
9.91347
9.8091
9.68923
9.57118
9.47488
9.40068
9.36682
9.36685
9.41093
9.48869
9.58373
9.68734
9.77763
9.86495
9.93549
9.99279
10.0289
10.0453
10.0416
10.0167
9.97912
9.93439
9.90522
9.8998
9.92019
9.96883
10.0606
10.1596
10.256
10.3133
10.3026
10.2098
10.0479
9.83633
9.61464
9.4145
9.2513
9.14959
9.10903
9.12244
9.18057
9.25332
9.32197
9.37566
9.39405
9.37264
9.3265
9.27014
9.22924
9.20578
9.22156
9.27943
9.36954
9.49378
9.64383
9.79748
9.93429
10.0489
10.1334
10.194
10.2298
10.2415
10.2221
10.1763
10.1094
10.0357
9.96187
9.89522
9.83928
9.79146
9.74747
9.69921
9.63959
9.57986
9.5206
9.47149
9.44171
9.42322
9.42253
9.44082
9.46443
9.50942
9.57828
9.65848
9.75091
9.82967
9.87978
9.89664
9.86407
9.80031
9.72313
9.64937
9.59337
9.56093
9.55707
9.58152
9.62875
9.69854
9.78993
9.89598
10.0133
10.1273
10.2193
10.263
10.2374
10.1364
9.97271
9.78831
9.60511
9.4525
9.35378
9.29691
9.27702
9.28114
9.29749
9.29759
9.29001
9.24902
9.17249
9.07148
8.95254
8.82073
8.69761
8.59413
8.5328
8.53075
8.59441
8.73599
8.95637
9.2459
9.57337
9.91841
10.2319
10.4846
10.6605
10.7475
10.7477
10.6882
10.562
10.3955
10.2078
10.0191
9.84718
9.71051
9.61821
9.567
9.55857
9.58016
9.61446
9.6557
9.69842
9.72801
9.7456
9.74902
9.74769
9.74822
9.74907
9.76332
9.78894
9.80509
9.80658
9.78296
9.74675
9.69285
9.63381
9.57471
9.52664
9.49873
9.49009
9.50261
9.54881
9.61838
9.71958
9.83099
9.9355
10.0312
10.1005
10.1317
10.1258
10.0838
10.0078
9.90484
9.77985
9.65125
9.52133
9.40086
9.3002
9.21518
9.14787
9.10523
9.09252
9.10866
9.14603
9.20579
9.28091
9.37077
9.46989
9.58274
9.70685
9.84102
9.98575
10.1157
10.2056
10.2292
10.1617
10.0244
9.85199
9.68771
9.54092
9.43559
9.36771
9.33459
9.33649
9.35774
9.39918
9.45081
9.49801
9.54343
9.58679
9.62764
9.66776
9.71435
9.76699
9.81125
9.84715
9.8583
9.84189
9.79718
9.73815
9.66973
9.61392
9.59356
9.62503
9.72426
9.88321
10.0864
10.299
10.4818
10.606
10.6442
10.5896
10.4447
10.2198
9.95065
9.66689
9.39879
9.17158
9.00209
8.89831
8.85548
8.86989
8.91668
8.99177
9.09311
9.2097
9.32722
9.44193
9.54216
9.63294
9.71254
9.79148
9.86477
9.93919
10.0052
10.0575
10.0971
10.1185
10.1302
10.1307
10.1168
10.1009
10.0805
10.0558
10.023
9.98363
9.92799
9.85906
9.77217
9.67855
9.58616
9.50184
9.42564
9.3716
9.32857
9.30833
9.309
9.32445
9.36177
9.41801
9.48588
9.55816
9.61957
9.6753
9.7132
9.74243
9.7489
9.74726
9.72863
9.69218
9.64588
9.60363
9.5772
9.57234
9.59211
9.64265
9.70999
9.78662
9.86258
9.93135
9.99162
10.0236
10.0292
10.0172
9.97075
9.90539
9.82654
9.73739
9.65269
9.58145
9.54166
9.54054
9.5704
9.6184
9.68074
9.74795
9.79499
9.81038
9.78816
9.73875
9.67107
9.605
9.55291
9.51836
9.49778
9.48392
9.46838
9.44266
9.41461
9.38388
9.36296
9.35294
9.36578
9.38726
9.42075
9.45535
9.48038
9.4975
9.50334
9.51678
9.54115
9.58118
9.65017
9.73615
9.8491
9.9762
10.0896
10.1831
10.2481
10.2738
10.2566
10.2185
10.156
10.0712
9.96656
9.85011
9.72171
9.58526
9.45581
9.33769
9.23871
9.15501
9.0928
9.0613
9.06266
9.10624
9.18428
9.29894
9.43727
9.59443
9.75245
9.90313
10.025
10.1044
10.1369
10.1108
10.0422
9.9625
9.88803
9.84706
9.83578
9.85345
9.87965
9.91449
9.94741
9.97848
10.0045
10.0147
10.0088
9.99085
9.95729
9.91164
9.84217
9.7625
9.67407
9.58984
9.50938
9.45009
9.40697
9.39559
9.40695
9.44299
9.50343
9.56065
9.61746
9.65657
9.65913
9.63016
9.57289
9.48674
9.38589
9.28886
9.21814
9.17657
9.18461
9.23656
9.33023
9.4645
9.61166
9.74996
9.85417
9.91489
9.92579
9.90092
9.83884
9.75771
9.65834
9.55876
9.46516
9.38982
9.34149
9.33032
9.35814
9.42067
9.52797
9.66665
9.8393
10.0328
10.2172
10.3689
10.4641
10.4883
10.4474
10.3576
10.2266
10.0817
9.95128
9.8253
9.73223
9.65156
9.59361
9.55204
9.53215
9.5316
9.55846
9.60981
9.67398
9.73899
9.79262
9.83194
9.83816
9.82354
9.77789
9.71956
9.65271
9.58902
9.52498
9.46386
9.41392
9.37753
9.36853
9.37412
9.40678
9.45613
9.52369
9.59323
9.64991
9.67711
9.67287
9.63318
9.56027
9.4828
9.41472
9.36467
9.33962
9.34416
9.37675
9.44366
9.53334
9.64352
9.75693
9.86684
9.97006
10.0528
10.1109
10.143
10.1573
10.1525
10.1442
10.135
10.1165
10.0866
10.0438
9.98843
9.92015
9.85532
9.79205
9.73807
9.70629
9.68815
9.68635
9.69334
9.70288
9.7045
9.69802
9.67434
9.63401
9.58182
9.52638
9.47644
9.44772
9.44131
9.45739
9.50564
9.57535
9.6735
9.78064
9.89332
9.99138
10.0719
10.1313
10.163
10.1655
10.1373
10.081
10.0149
9.94638
9.88828
9.84276
9.8212
9.82693
9.85887
9.92007
9.99746
10.0738
10.1266
10.1375
10.0977
10.0097
9.87949
9.72244
9.56098
9.40465
9.25993
9.14336
9.05667
9.01434
9.01439
9.06195
9.14111
9.23383
9.32865
9.39753
9.44049
9.45036
9.43162
9.38894
9.34079
9.2882
9.24538
9.21305
9.20706
9.22999
9.29438
9.39596
9.52682
9.6788
9.8257
9.96062
10.0676
10.1361
10.1572
10.1316
10.0587
9.97038
9.88438
9.82064
9.78836
9.79455
9.82692
9.87296
9.92522
9.97376
9.99175
9.97406
9.92816
9.8612
9.78404
9.7198
9.66666
9.62648
9.57317
9.51674
9.44957
9.37817
9.31715
9.28058
9.27108
9.29353
9.33322
9.38951
9.44918
9.52207
9.59234
9.65889
9.71164
9.73432
9.72204
9.67219
9.5852
9.4769
9.37258
9.29802
9.25994
9.26281
9.30199
9.36983
9.45754
9.5454
9.64009
9.7347
9.8369
9.93166
10.0139
10.0711
10.0834
10.0433
9.93403
9.77584
9.5723
9.36291
9.16986
9.02423
8.94605
8.96261
9.04812
9.21444
9.44311
9.70622
9.9923
10.2487
10.4445
10.5518
10.5588
10.4738
10.3109
10.0895
9.83959
9.57969
9.32441
9.09512
8.91033
8.78364
8.73725
8.75714
8.85408
9.01993
9.23056
9.46733
9.71328
9.94711
10.1588
10.3293
10.4526
10.5148
10.5255
10.4782
10.3788
10.2412
10.0761
9.89103
9.71259
9.5626
9.44891
9.38587
9.3653
9.37874
9.41484
9.46281
9.50342
9.53711
9.54998
9.55387
9.55028
9.54884
9.56061
9.58373
9.62216
9.65967
9.67693
9.66091
9.60751
9.52791
9.44702
9.38879
9.36903
9.39881
9.47738
9.59396
9.72744
9.85518
9.96527
10.0327
10.0636
10.0648
10.042
10.0035
9.95243
9.88966
9.81995
9.74179
9.66285
9.59255
9.54967
9.53971
9.56519
9.6208
9.69805
9.78587
9.8717
9.94816
9.99931
10.0221
10.0108
9.9568
9.86553
9.7375
9.58026
9.40356
9.23364
9.09334
9.00563
8.98963
9.05943
9.2012
9.40225
9.6299
9.86444
10.0815
10.2623
10.3888
10.4503
10.449
10.4057
10.3363
10.2576
10.1644
10.0611
9.94371
9.80822
9.66969
9.52676
9.39458
9.28561
9.2094
9.17459
9.1772
9.21313
9.27473
9.33331
9.37879
9.41826
9.43642
9.45341
9.47941
9.50321
9.53552
9.59259
9.66206
9.75015
9.84486
9.9287
9.98909
10.0106
10.0004
9.96543
9.92417
9.88874
9.85946
9.84945
9.86389
9.8998
9.96094
10.0397
10.1216
10.2048
10.2783
10.3201
10.3087
10.2305
10.0925
9.90513
9.68257
9.45552
9.24262
9.05925
8.92543
8.8472
8.82987
8.87506
8.98815
9.16755
9.37918
9.60321
9.79379
9.93118
10.0057
10.0128
9.97072
9.90583
9.82946
9.75802
9.70045
9.65638
9.62575
9.59157
9.55944
9.53277
9.52216
9.52026
9.52604
9.54254
9.55949
9.58813
9.60865
9.6319
9.64064
9.6283
9.60365
9.55802
9.50485
9.44607
9.3978
9.37089
9.36762
9.39247
9.43672
9.49615
9.55051
9.58956
9.61963
9.63247
9.6327
9.64103
9.65915
9.70183
9.77359
9.86794
9.98337
10.1114
10.2296
10.3347
10.4109
10.4359
10.4057
10.3145
10.1762
10.0053
9.80981
9.61409
9.42037
9.24649
9.0938
8.97524
8.89749
8.8803
8.9115
9.00518
9.14106
9.31097
9.48979
9.65426
9.79321
9.88823
9.93972
9.95869
9.95208
9.9387
9.92923
9.9326
9.95778
10.0093
10.0792
10.1528
10.2208
10.2793
10.3122
10.3158
10.2873
10.2213
10.1325
10.0307
9.92776
9.84685
9.7881
9.75098
9.74397
9.74934
9.76545
9.78674
9.798
9.80742
9.79967
9.78353
9.75823
9.7289
9.70372
9.68622
9.68151
9.69317
9.7297
9.7657
9.79059
9.79903
9.77194
9.7251
9.66687
9.61422
9.58011
9.58337
9.61001
9.66383
9.73272
9.78803
9.80884
9.78905
9.73238
9.65472
9.5632
9.49668
9.45718
9.45042
9.47843
9.51962
9.56233
9.57646
9.56047
9.50486
9.42625
9.34188
9.24246
9.15564
9.09602
9.07174
9.09388
9.16162
9.27762
9.43305
9.60242
9.77213
9.92043
10.0223
10.0522
10.0216
9.92801
9.80675
9.67672
9.5479
9.45461
9.39896
9.36416
9.33974
9.30114
9.25205
9.21127
9.2053
9.24215
9.32956
9.45564
9.61304
9.78371
9.93847
10.0437
10.0943
10.0719
10.0008
9.88344
9.75748
9.64103
9.55485
9.49954
9.48837
9.50886
9.54156
9.58574
9.61822
9.64109
9.65184
9.65739
9.65317
9.65237
9.63965
9.60358
9.54641
9.48284
9.4056
9.33022
9.26748
9.23549
9.23689
9.27153
9.34093
9.43703
9.54635
9.65699
9.76142
9.85156
9.91945
9.96176
9.97628
9.98093
9.98534
9.98369
9.98219
9.97558
9.97079
9.95621
9.93784
9.92331
9.91942
9.92448
9.93596
9.94092
9.91663
9.85223
9.74933
9.6276
9.50576
9.40241
9.33529
9.29916
9.29156
9.29866
9.30126
9.30239
9.3011
9.29453
9.29361
9.30209
9.32246
9.36964
9.43493
9.51964
9.62474
9.72818
9.8193
9.87142
9.87698
9.8419
9.78049
9.70905
9.64139
9.58562
9.54716
9.52835
9.5415
9.57318
9.62407
9.67634
9.71284
9.72874
9.71621
9.66216
9.57596
9.46872
9.3581
9.26281
9.20333
9.19143
9.23667
9.32137
9.4482
9.59554
9.75189
9.90411
10.0346
10.1411
10.2025
10.2008
10.1281
9.98411
9.79386
9.58476
9.37463
9.19938
9.0711
9.00193
9.00827
9.07704
9.19721
9.35865
9.54148
9.71608
9.86253
9.96888
10.0259
10.0272
9.98833
9.92535
9.84739
9.76306
9.69487
9.63427
9.58765
9.55077
9.52377
9.50125
9.47617
9.4634
9.46444
9.47492
9.49331
9.51446
9.53227
9.55673
9.57753
9.59501
9.61825
9.626
9.62135
9.60414
9.57146
9.55768
9.56127
9.60016
9.67084
9.76685
9.87792
9.98699
10.0769
10.1463
10.1868
10.202
10.1892
10.1476
10.0731
9.97938
9.86194
9.73903
9.61305
9.49467
9.3815
9.27013
9.15969
9.05427
8.95233
8.86674
8.81949
8.83274
8.91681
9.07386
9.29679
9.55311
9.82217
10.0461
10.1965
10.2434
10.1943
10.0843
9.95299
9.8348
9.74769
9.69902
9.68826
9.70476
9.72725
9.74894
9.76568
9.76427
9.76126
9.76002
9.76118
9.75231
9.73393
9.69717
9.64076
9.57349
9.50746
9.44551
9.40243
9.38827
9.38914
9.39623
9.39489
9.37946
9.35584
9.31837
9.29412
9.29209
9.32327
9.38686
9.49665
9.63268
9.78767
9.94942
10.0927
10.2034
10.2686
10.2729
10.2114
10.0861
9.90969
9.70617
9.50622
9.33968
9.22522
9.17748
9.18283
9.24456
9.3405
9.43999
9.52707
9.58996
9.62586
9.63782
9.63717
9.6279
9.62826
9.64211
9.675
9.72283
9.76845
9.8068
9.82164
9.81346
9.79313
9.75092
9.69409
9.6175
9.53555
9.45332
9.3888
9.33612
9.31504
9.30604
9.31526
9.33423
9.37072
9.43293
9.51121
9.59815
9.69244
9.78652
9.86921
9.94228
9.99831
10.0344
10.0432
10.0144
9.95657
9.871
9.77811
9.68504
9.59391
9.51366
9.45051
9.39655
9.34525
9.30325
9.25679
9.20358
9.14638
9.08575
9.04354
9.02198
9.03956
9.10173
9.2073
9.36622
9.56495
9.79553
10.026
10.2282
10.3696
10.4363
10.4145
10.3208
10.1856
10.0425
9.90743
9.78872
9.68765
9.60285
9.53139
9.47109
9.41451
9.36084
9.29427
9.23009
9.17586
9.13329
9.11187
9.11961
9.13932
9.17747
9.23267
9.30642
9.39349
9.48752
9.59969
9.69457
9.77394
9.83374
9.86603
9.88147
9.87614
9.86324
9.84199
9.81988
9.79711
9.78031
9.7571
9.7377
9.73421
9.74712
9.77316
9.80907
9.83742
9.84029
9.79861
9.71873
9.5994
9.46886
9.34275
9.23823
9.17686
9.16013
9.19347
9.25881
9.35235
9.46756
9.59731
9.73804
9.88757
10.0461
10.1898
10.2871
10.3154
10.2724
10.1479
9.95371
9.71733
9.46675
9.23627
9.05046
8.90859
8.81793
8.77671
8.77045
8.79505
8.83726
8.90669
9.00879
9.13692
9.30105
9.47907
9.66639
9.83191
9.94606
9.99823
9.96681
9.85893
9.69278
9.48656
9.27961
9.10653
8.98052
8.92655
8.95086
9.05233
9.24243
9.50824
9.83354
10.1819
10.503
10.7613
10.9281
10.9946
10.9765
10.8855
10.7356
10.5511
10.3297
10.1016
9.87747
9.6829
9.53208
9.42886
9.37155
9.34761
9.33491
9.32279
9.31377
9.31942
9.34265
9.37916
9.4209
9.47197
9.53422
9.59226
9.64937
9.69891
9.7337
9.74834
9.73739
9.70934
9.65826
9.59441
9.52173
9.44761
9.37771
9.32493
9.29002
9.27278
9.28776
9.32722
9.37735
9.43681
9.50177
9.56373
9.61242
9.63481
9.64607
9.6444
9.64964
9.664
9.69102
9.73595
9.7814
9.82279
9.84927
9.85547
9.83967
9.80742
9.76561
9.7272
9.69084
9.6343
9.57746
9.52797
9.47791
9.44451
9.42711
9.424
9.42744
9.42996
9.43029
9.42887
9.42858
9.43179
9.42414
9.43092
9.42931
9.4255
9.43192
9.45544
9.50404
9.58097
9.67672
9.77724
9.87097
9.95344
10.0115
10.0445
10.0534
10.0259
9.97557
9.90854
9.82654
9.72821
9.62296
9.51001
9.40096
9.30637
9.22671
9.17443
9.16362
9.18875
9.2445
9.31064
9.3831
9.44666
9.50802
9.55831
9.61268
9.66458
9.72172
9.76666
9.79128
9.78922
9.76323
9.72437
9.68212
9.63826
9.58869
9.52424
9.45362
9.38296
9.33288
9.31859
9.35255
9.43995
9.56143
9.71406
9.85478
9.96011
10.023
10.0343
9.98765
9.89152
9.76742
9.61386
9.457
9.31776
9.19331
9.10167
9.03766
9.01587
9.02909
9.09333
9.20476
9.36031
9.53654
9.71392
9.87281
10.006
10.1063
10.1752
10.2165
10.2187
10.1838
10.1165
10.02
9.89562
9.76545
9.64604
9.54642
9.48229
9.44316
9.43515
9.43909
9.46333
9.4755
9.48808
9.48389
9.4572
9.42779
9.40063
9.37738
9.35898
9.35541
9.36439
9.38242
9.40335
9.42855
9.45433
9.49536
9.54676
9.61813
9.71261
9.82398
9.94595
10.0616
10.1602
10.2252
10.2509
10.2459
10.2012
10.1211
10.0132
9.89144
9.76562
9.66358
9.60215
9.59216
9.64075
9.7304
9.84166
9.95678
10.0448
10.0965
10.101
10.0564
9.96933
9.85386
9.71607
9.56637
9.42177
9.28908
9.17715
9.09192
9.04913
9.03982
9.04724
9.05714
9.06475
9.05698
9.04224
9.04068
9.04687
9.06377
9.09243
9.13953
9.20258
9.28118
9.38603
9.49791
9.61057
9.69662
9.74034
9.74537
9.72155
9.67355
9.61485
9.57527
9.55985
9.5599
9.58819
9.64306
9.72977
9.82181
9.91898
10.0091
10.0741
10.1105
10.1224
10.1151
10.1062
10.1209
10.148
10.1882
10.2255
10.2548
10.26
10.2363
10.1942
10.1151
10.0008
9.86105
9.70308
9.54197
9.39858
9.27968
9.1901
9.12458
9.08596
9.06633
9.06304
9.07423
9.09556
9.13491
9.19884
9.2826
9.38743
9.49136
9.57799
9.62636
9.62078
9.54782
9.42941
9.28702
9.13549
8.99788
8.90342
8.85135
8.83857
8.87526
8.94782
9.06479
9.22388
9.42076
9.6443
9.89963
10.1692
10.4132
10.5954
10.6749
10.6325
10.475
10.2292
9.94361
9.65717
9.39715
9.19105
9.05494
8.97703
8.95245
8.97471
9.03267
9.12878
9.25873
9.4298
9.63999
9.87527
10.1152
10.3342
10.512
10.6327
10.6703
10.6194
10.4835
10.2878
10.0711
9.86609
9.70248
9.5905
9.52635
9.50855
9.51298
9.53582
9.55727
9.56042
9.55987
9.55383
9.54736
9.55978
9.5796
9.61555
9.63967
9.63904
9.6086
9.55117
9.47263
9.39569
9.33155
9.28709
9.2595
9.24692
9.23833
9.2225
9.19811
9.17053
9.14806
9.12949
9.13622
9.17235
9.22992
9.28851
9.32969
9.33717
9.30322
9.24884
9.18935
9.14943
9.13313
9.14902
9.19384
9.25734
9.33555
9.42625
9.52143
9.62194
9.72329
9.81949
9.91358
10.0068
10.1036
10.1905
10.2688
10.3342
10.3789
10.395
10.3785
10.3464
10.3004
10.2516
10.2118
10.1992
10.2107
10.2355
10.2624
10.2652
10.2294
10.1481
10.0258
9.87207
9.70448
9.52485
9.35188
9.18701
9.03936
8.92406
8.85162
8.83641
8.88664
8.98548
9.13918
9.32311
9.52215
9.70039
9.83608
9.91568
9.9273
9.87856
9.78891
9.68902
9.59496
9.52862
9.48739
9.47205
9.4713
9.48098
9.49718
9.50903
9.52891
9.55063
9.57858
9.59281
9.60745
9.61813
9.6196
9.61726
9.60455
9.5874
9.55953
9.52818
9.5039
9.49471
9.50466
9.52367
9.55054
9.57165
9.57533
9.55255
9.51209
9.45781
9.40828
9.38285
9.39603
9.44932
9.55765
9.71016
9.88048
10.0658
10.2375
10.3705
10.4603
10.5041
10.4924
10.4167
10.283
10.0984
9.86819
9.62035
9.37914
9.16691
9.00293
8.90578
8.88177
8.92212
9.02534
9.17674
9.37436
9.59107
9.80782
10.0034
10.1515
10.2171
10.2042
10.1067
9.93969
9.73354
9.50998
9.29043
9.09967
8.95186
8.86624
8.83007
8.86043
8.94656
9.07515
9.24317
9.43429
9.62609
9.80799
9.95457
10.0574
10.0936
10.0889
10.0383
9.94759
9.83082
9.69269
9.5582
9.42598
9.30614
9.20424
9.14207
9.11764
9.12292
9.15835
9.21858
9.28725
9.36469
9.4323
9.49051
9.54048
9.59253
9.65829
9.73526
9.8302
9.93807
10.0281
10.0738
10.0466
9.96178
9.8297
9.69086
9.57222
9.48668
9.44702
9.4492
9.48017
9.54178
9.61669
9.69257
9.74581
9.77468
9.77503
9.74763
9.71457
9.67327
9.63884
9.61473
9.59141
9.57536
9.56097
9.5628
9.57926
9.60378
9.64196
9.68471
9.73222
9.78023
9.81678
9.83694
9.83073
9.80192
9.76099
9.7076
9.65586
9.60994
9.57223
9.52356
9.46735
9.38357
9.28487
9.18107
9.07765
8.99241
8.93674
8.9133
8.92842
8.98783
9.07698
9.19079
9.31532
9.43349
9.53192
9.61403
9.69176
9.75487
9.81406
9.87023
9.92305
9.97117
10.0054
10.0289
10.0366
10.0122
9.96856
9.90004
9.821
9.72729
9.62528
9.51826
9.41302
9.30305
9.20136
9.1186
9.06713
9.05378
9.08791
9.16418
9.28166
9.42037
9.55802
9.68131
9.77262
9.83167
9.86853
9.89
9.89547
9.90161
9.90411
9.89605
9.88405
9.87014
9.86197
9.86162
9.85955
9.86518
9.87339
9.86913
9.84006
9.77238
9.6719
9.54656
9.41919
9.29819
9.20568
9.14985
9.13909
9.15859
9.1999
9.26471
9.33646
9.41429
9.48859
9.55461
9.61754
9.6782
9.73921
9.79728
9.85359
9.89789
9.92363
9.90211
9.81954
9.66644
9.44943
9.19229
8.94178
8.74259
8.61036
8.56429
8.6079
8.72176
8.89729
9.12016
9.36655
9.62321
9.88101
10.1084
10.2988
10.4393
10.5134
10.5179
10.4554
10.3324
10.1735
9.995
9.81466
9.63603
9.47387
9.33322
9.22861
9.16505
9.14812
9.16564
9.21038
9.28674
9.36227
9.43708
9.50592
9.5692
9.6279
9.6827
9.7318
9.77103
9.78754
9.77745
9.73784
9.68175
9.62009
9.57557
9.55832
9.57763
9.63238
9.70063
9.77323
9.84441
9.89158
9.90093
9.87398
9.80917
9.72326
9.62825
9.53057
9.45011
9.39839
9.38103
9.39429
9.44078
9.51341
9.6011
9.69435
9.78537
9.87475
9.96201
10.0518
10.1376
10.2128
10.2745
10.3016
10.2845
10.2173
10.1058
9.96334
9.78872
9.61497
9.44702
9.3028
9.18767
9.10522
9.06531
9.05354
9.05986
9.07637
9.09988
9.1292
9.16838
9.21969
9.29254
9.37118
9.44334
9.50881
9.54729
9.55742
9.54592
9.49517
9.43487
9.37463
9.31758
9.27527
9.24747
9.23952
9.24704
9.27581
9.31817
9.38682
9.46429
9.55942
9.66467
9.78036
9.90687
10.0275
10.1285
10.2013
10.23
10.2142
10.1554
10.0662
9.96603
9.87196
9.80675
9.77445
9.79062
9.84296
9.92076
10.0136
10.1139
10.2055
10.2902
10.3503
10.3886
10.3913
10.3426
10.2372
10.0695
9.85204
9.60539
9.35869
9.13809
8.97674
8.86717
8.82083
8.82318
8.8566
8.90295
8.93797
8.95715
8.95653
8.94845
8.94182
8.94504
8.97232
9.02103
9.07822
9.13806
9.18662
9.21447
9.22673
9.22627
9.23604
9.27435
9.35354
9.47708
9.64567
9.83275
10.0205
10.1754
10.2877
10.334
10.3295
10.2864
10.2142
10.1146
9.99589
9.8537
9.702
9.54714
9.40162
9.29102
9.22224
9.20634
9.24363
9.3258
9.45995
9.62421
9.80599
9.99782
10.1759
10.3316
10.439
10.4898
10.4702
10.3717
10.2118
10.0077
9.7892
9.56839
9.37011
9.2116
9.10489
9.06262
9.07671
9.13787
9.22222
9.30483
9.37489
9.42616
9.46318
9.46984
9.46508
9.43452
9.3774
9.30071
9.21538
9.12358
9.0438
8.99541
8.97546
8.99601
9.04793
9.12339
9.22038
9.31369
9.39388
9.44652
9.48674
9.51493
9.55079
9.59451
9.65092
9.71602
9.76952
9.81158
9.83585
9.83986
9.83233
9.82365
9.8224
9.84115
9.86556
9.89171
9.90681
9.90198
9.86972
9.81435
9.74843
9.67852
9.62181
9.58946
9.57782
9.58915
9.60351
9.60999
9.61885
9.61962
9.62286
9.63468
9.6717
9.73944
9.83695
9.94401
10.0489
10.1324
10.1863
10.2006
10.1793
10.1191
10.024
9.89692
9.74528
9.58009
9.40291
9.22999
9.06655
8.92707
8.80059
8.69561
8.61722
8.56617
8.5551
8.59475
8.68772
8.82679
9.00811
9.20929
9.41045
9.58899
9.72631
9.80474
9.8244
9.77991
9.69462
9.5917
9.49672
9.43455
9.41724
9.45356
9.5291
9.64155
9.7762
9.91546
10.048
10.1622
10.2534
10.3146
10.3371
10.3099
10.2335
10.1147
9.97077
9.81864
9.68163
9.58069
9.53062
9.54287
9.61153
9.70432
9.80569
9.88282
9.93257
9.95322
9.94699
9.92023
9.88723
9.85617
9.81911
9.78317
9.75076
9.72171
9.69267
9.67365
9.6402
9.61568
9.58525
9.55912
9.53664
9.52456
9.51953
9.51155
9.49653
9.47045
9.42026
9.34802
9.26077
9.1637
9.06057
8.97326
8.91371
8.88775
8.89878
8.94036
9.01674
9.11464
9.22879
9.35149
9.46755
9.55793
9.60139
9.60158
9.58385
9.54975
9.52769
9.5311
9.56908
9.63151
9.69945
9.76023
9.78819
9.76991
9.71853
9.63484
9.54545
9.45503
9.39237
9.36481
9.38063
9.43567
9.52577
9.63169
9.74189
9.83723
9.9059
9.93751
9.94832
9.93684
9.90691
9.8608
9.78932
9.72319
9.66424
9.64203
9.64067
9.6501
9.66604
9.67236
9.66276
9.64438
9.60574
9.55973
9.51172
9.45995
9.40176
9.35482
9.31798
9.29272
9.2746
9.28013
9.30205
9.3409
9.38892
9.44574
9.50798
9.55725
9.59437
9.59912
9.58366
9.54112
9.48014
9.4073
9.341
9.28766
9.26769
9.27414
9.3164
9.39842
9.50408
9.64568
9.81998
10.0132
10.2153
10.4077
10.5703
10.7001
10.7737
10.7869
10.7393
10.6342
10.4791
10.285
10.0669
9.85174
9.65672
9.50212
9.38739
9.3138
9.27572
9.26073
9.27107
9.29714
9.34227
9.38016
9.41039
9.42825
9.42623
9.40986
9.39115
9.38086
9.38765
9.40744
9.44727
9.4851
9.51278
9.51509
9.48264
9.41706
9.32428
9.21737
9.10652
9.01813
8.96331
8.9616
9.01219
9.11037
9.26519
9.44502
9.63309
9.81106
9.95255
10.05
10.0961
10.1032
10.0734
10.0206
9.94908
9.88318
9.83463
9.81696
9.8233
9.8376
9.8436
9.82544
9.7989
9.76087
9.72948
9.70831
9.68755
9.66351
9.61765
9.53928
9.44432
9.33624
9.22532
9.13768
9.09103
9.08765
9.12931
9.20341
9.29513
9.3859
9.4591
9.51332
9.54546
9.56761
9.58963
9.63759
9.6989
9.77373
9.85906
9.94409
10.0191
10.0748
10.0898
10.0696
10.0036
9.89647
9.74822
9.58173
9.42064
9.27684
9.18241
9.14719
9.18291
9.26903
9.40781
9.56341
9.72367
9.87101
9.97752
10.0471
10.083
10.0791
10.0365
9.96118
9.85607
9.72849
9.58587
9.44344
9.32239
9.21947
9.14236
9.09274
9.0643
9.05565
9.07191
9.10751
9.16291
9.23184
9.3153
9.39613
9.46534
9.51535
9.53905
9.55392
9.55466
9.54383
9.52587
9.49722
9.47166
9.44292
9.42472
9.42099
9.44071
9.4786
9.52516
9.57507
9.62122
9.64739
9.65463
9.64637
9.62754
9.60953
9.59355
9.58765
9.60041
9.64228
9.71031
9.80651
9.91911
10.0392
10.1486
10.2378
10.2988
10.3295
10.3383
10.3242
10.2931
10.2508
10.2085
10.1734
10.1511
10.1388
10.136
10.129
10.1246
10.1076
10.0845
10.0546
10.0196
9.98392
9.96208
9.93586
9.92191
9.91291
9.90442
9.89058
9.86481
9.81127
9.72306
9.59578
9.43652
9.2625
9.08856
8.92989
8.8174
8.75693
8.75941
8.82425
8.94297
9.09622
9.27088
9.44693
9.59074
9.69822
9.75889
9.76929
9.74623
9.6972
9.63298
9.56667
9.51333
9.47349
9.45571
9.45683
9.48567
9.53107
9.59657
9.6607
9.71264
9.72204
9.68781
9.618
9.52312
9.41254
9.30127
9.20084
9.12858
9.08489
9.08485
9.13961
9.25251
9.40877
9.59386
9.79297
9.98974
10.1542
10.2689
10.3011
10.259
10.1666
10.0313
9.89681
9.77574
9.67006
9.59572
9.55156
9.53571
9.53682
9.55752
9.60011
9.65663
9.71373
9.76436
9.79194
9.78952
9.76167
9.71527
9.66269
9.61674
9.58281
9.55701
9.52801
9.50014
9.46756
9.43762
9.40271
9.37924
9.36211
9.35688
9.36804
9.38668
9.40735
9.43293
9.4671
9.50382
9.53846
9.57525
9.60144
9.60468
9.57904
9.51453
9.41728
9.31052
9.21701
9.13739
9.08418
9.04849
9.02667
9.00889
8.99381
8.98326
8.99854
9.06061
9.17305
9.34492
9.57477
9.83566
10.0923
10.3115
10.4551
10.5147
10.4925
10.4174
10.313
10.2096
10.1289
10.0832
10.0627
10.065
10.0641
10.0541
10.0248
9.97095
9.88843
9.78289
9.6663
9.55536
9.44935
9.36449
9.31132
9.29792
9.31854
9.37694
9.45826
9.5518
9.6384
9.70165
9.74138
9.74037
9.71018
9.65406
9.58569
9.50594
9.42671
9.34309
9.24893
9.15367
9.06332
8.98807
8.94735
8.93952
8.96812
9.03152
9.12603
9.23168
9.3458
9.45442
9.53449
9.58346
9.59491
9.5805
9.54073
9.48671
9.42524
9.36917
9.32316
9.29509
9.29878
9.33703
9.41253
9.53505
9.68962
9.86307
10.0243
10.1653
10.2753
10.3341
10.3533
10.3293
10.2722
10.1827
10.0692
9.93209
9.78691
9.64888
9.53445
9.46126
9.42832
9.43288
9.46371
9.50585
9.54063
9.54743
9.52507
9.46893
9.3974
9.32394
9.2643
9.23289
9.23719
9.27028
9.32499
9.39841
9.4802
9.56618
9.64345
9.71582
9.77542
9.82018
9.85852
9.87331
9.85565
9.80718
9.71829
9.59517
9.45187
9.3101
9.18476
9.08979
9.03475
9.02199
9.04963
9.09489
9.15927
9.22905
9.29877
9.36368
9.41438
9.44422
9.45374
9.45017
9.43442
9.42215
9.41367
9.42514
9.44603
9.48677
9.55024
9.63973
9.74538
9.86698
9.98978
10.1007
10.188
10.2419
10.2598
10.2521
10.2245
10.1937
10.1657
10.1313
10.0948
10.0403
9.9635
9.85686
9.72527
9.56993
9.41739
9.27325
9.14923
9.054
8.99208
8.96263
8.96014
8.97774
9.02239
9.08321
9.15695
9.24988
9.35887
9.48495
9.62289
9.76809
9.91108
