           1     0.01888     0.01888           0
           2     0.02846     0.02367   0.0123101
           3     0.03684     0.02806  0.00982131
           4     0.03806     0.03056  0.00795595
           5     0.03656     0.03176  0.00655752
           6      0.0144   0.0288667  0.00510059
           7      0.0185   0.0273857  0.00416841
           8     0.00958     0.02516   0.0034451
           9     0.02036   0.0246267  0.00298097
          10     0.03998    0.026162  0.00284384
          11     0.01784   0.0254055  0.00251211
          12     0.02622   0.0254733  0.00229184
          13      0.0214     0.02516  0.00208235
          14      0.0297   0.0254843  0.00194705
          15       0.042   0.0265853  0.00189955
          16      0.0527   0.0282175  0.00191308
          17     0.01892   0.0276706  0.00176731
          18      0.0297   0.0277833  0.00166767
          19     0.02624   0.0277021  0.00156973
          20     0.03756    0.028195  0.00151287
          21     0.01502   0.0275676  0.00141482
          22      0.0146   0.0269782  0.00132709
          23     0.03686   0.0274078  0.00128563
          24      0.0294   0.0274908  0.00123162
          25     0.02584   0.0274248  0.00117663
          26     0.02622   0.0273785  0.00112678
          27     0.03072   0.0275022  0.00108696
          28     0.02282    0.027335  0.00104065
          29     0.03012    0.027431  0.00100588
          30     0.03838    0.027796 0.000984139
          31     0.01916   0.0275174 0.000943443
          32     0.01508   0.0271287 0.000903444
          33     0.02286   0.0269994 0.000871037
          34      0.0263   0.0269788 0.000843347
          35       0.024   0.0268937 0.000815704
          36     0.02936   0.0269622 0.000793646
          37     0.02734   0.0269724 0.000771284
          38     0.02684   0.0269689 0.000749817
          39      0.0246   0.0269082 0.000728178
          40     0.03652   0.0271485 0.000715754
          41     0.01566   0.0268683 0.000692315
          42     0.02436   0.0268086 0.000673689
          43     0.03746   0.0270563 0.000663763
          44     0.01844   0.0268605 0.000644366
          45     0.02102   0.0267307 0.000626877
          46     0.04646   0.0271596 0.000624614
          47     0.01904   0.0269868 0.000607662
          48      0.0173    0.026785 0.000591066
          49     0.01142   0.0264714 0.000574054
          50      0.0197    0.026336 0.000559692
          51     0.03706   0.0265463 0.000552761
          52     0.05148   0.0270258 0.000554234
          53     0.04406   0.0273472 0.000550615
          54     0.01396   0.0270993 0.000536554
          55     0.01898   0.0269516 0.000524053
          56     0.01682   0.0267707 0.000511655
          57     0.02636   0.0267635 0.000501991
          58     0.02664   0.0267614  0.00049276
          59     0.02548   0.0267397 0.000483556
          60     0.01718   0.0265803 0.000472964
          61     0.03546   0.0267259 0.000467344
          62      0.0208   0.0266303 0.000458064
          63     0.02108   0.0265422 0.000449179
          64     0.02454   0.0265109 0.000441297
          65     0.02704   0.0265191 0.000434223
          66      0.0236   0.0264748 0.000426663
          67     0.02654   0.0264758 0.000419938
          68      0.0471   0.0267791 0.000419229
          69     0.02748   0.0267893 0.000412936
          70     0.03092   0.0268483 0.000407549
          71     0.00852   0.0265901 0.000399235
          72      0.0382   0.0267514 0.000395917
          73     0.03094   0.0268088 0.000390966
          74     0.03698   0.0269462 0.000387448
          75     0.00132   0.0266045 0.000379754
          76      0.0339   0.0267005 0.000375781
          77     0.01418   0.0265379 0.000369083
          78     -0.0085   0.0260887  0.00036226
          79     0.01744   0.0259792 0.000356269
          80     0.04168   0.0261755 0.000354434
          81     0.01822   0.0260773 0.000348785
          82     0.02668   0.0260846 0.000344301
          83     0.01594   0.0259624 0.000338753
          84     0.04556   0.0261957 0.000337952
          85     0.03914    0.026348 0.000335742
          86     0.03802   0.0264837 0.000333331
          87     0.04192   0.0266611 0.000331651
          88     0.01218   0.0264966  0.00032635
          89     0.02876    0.026522 0.000322685
          90     0.01222   0.0263631 0.000317647
          91     0.03202   0.0264253 0.000314593
          92     0.02294   0.0263874 0.000310565
          93     0.02166   0.0263366  0.00030652
          94      0.0341   0.0264191 0.000303953
          95      0.0319   0.0264768 0.000301141
          96      0.0175   0.0263833 0.000297031
          97     0.04292   0.0265538 0.000295883
          98      0.0354   0.0266441 0.000293641
          99     0.01654    0.026542  0.00028969
         100     0.01814    0.026458  0.00028593
