           1     1.43832     1.43832           0
           2     1.42322     1.43077    0.715405
           3     1.33192     1.39782    0.466335
           4     1.47054       1.416    0.354312
           5     1.31372     1.39554    0.279448
           6     1.41012     1.39797    0.233224
           7     1.27194     1.37997    0.197421
           8      1.2939     1.36921    0.171407
           9     1.33864     1.36581    0.151961
          10     1.50346     1.37958    0.138188
          11     1.27648     1.37021    0.124785
          12     1.37226     1.37038    0.114383
          13     1.43328     1.37522     0.10595
          14      1.3339     1.37226    0.098163
          15     1.34156     1.37022   0.0914744
          16     1.44426     1.37485    0.086046
          17     1.53344     1.38417    0.081557
          18      1.3741     1.38361   0.0769876
          19      1.4072     1.38486   0.0729951
          20     1.47396     1.38931   0.0695695
          21     1.36058     1.38794   0.0661874
          22     1.31492     1.38462   0.0630279
          23      1.4365     1.38688   0.0603833
          24      1.4188     1.38821   0.0579198
          25       1.279     1.38384   0.0554323
          26      1.3919     1.38415   0.0533092
          27      1.4294     1.38583   0.0513951
          28      1.5043     1.39006   0.0497145
          29      1.2842     1.38641   0.0478769
          30     1.34346     1.38498   0.0462318
          31     1.46932      1.3877   0.0448286
          32     1.27204     1.38408   0.0433176
          33     1.34638     1.38294   0.0419689
          34     1.39742     1.38337   0.0407453
          35      1.3458     1.38229   0.0395493
          36     1.34172     1.38117   0.0384183
          37     1.29378      1.3788   0.0373169
          38     1.28856     1.37643   0.0362731
          39     1.51208     1.37991   0.0354352
          40     1.35632     1.37932   0.0345334
          41     1.32366     1.37796   0.0336575
          42     1.36132     1.37756   0.0328456
          43     1.40154     1.37812   0.0320937
          44     1.42724     1.37924   0.0313891
          45     1.38574     1.37938   0.0306938
          46     1.37826     1.37936   0.0300251
          47     1.47288     1.38135   0.0294292
          48     1.44994     1.38278   0.0288457
          49      1.4377      1.3839   0.0282796
          50     1.25642     1.38135   0.0276647
          51     1.31906     1.38013   0.0270981
          52      1.4152      1.3808   0.0265894
          53     1.50898     1.38322   0.0261347
          54     1.35412     1.38268   0.0256402
          55      1.4193     1.38335   0.0251857
          56     1.29422     1.38175   0.0247078
          57     1.38044     1.38173   0.0242734
          58     1.24496     1.37937   0.0238157
          59     1.27488      1.3776   0.0233827
          60     1.39134     1.37783   0.0229962
          61     1.38058     1.37788   0.0226194
          62     1.29652     1.37656   0.0222336
          63     1.31832     1.37564   0.0218658
          64     1.28258     1.37419   0.0215018
          65     1.32512     1.37343   0.0211591
          66     1.38272     1.37357   0.0208402
          67     1.31654     1.37272   0.0205163
          68     1.39426     1.37304   0.0202189
          69     1.36308     1.37289   0.0199234
          70     1.53876     1.37526   0.0196743
          71     1.37308     1.37523   0.0193963
          72     1.37064     1.37517   0.0191257
          73     1.41962     1.37578   0.0188718
          74      1.3997      1.3761   0.0186208
          75      1.3598     1.37588   0.0183693
          76     1.35342     1.37559   0.0181235
          77     1.30682     1.37469   0.0178765
          78     1.37458     1.37469    0.017647
          79     1.37064     1.37464   0.0174227
          80     1.53056     1.37659   0.0172303
          81     1.30174     1.37567   0.0170062
          82     1.41996     1.37621   0.0168053
          83     1.39946     1.37649   0.0166059
          84     1.38104     1.37654   0.0164086
          85     1.42882     1.37716   0.0162227
          86     1.29442     1.37619    0.016023
          87      1.3782     1.37622   0.0158388
          88      1.3275     1.37566   0.0156524
          89     1.48448     1.37689   0.0154906
          90     1.31754     1.37623   0.0153111
          91     1.41878     1.37669   0.0151478
          92     1.48526     1.37787   0.0149963
          93      1.2899     1.37693    0.014825
          94     1.39122     1.37708   0.0146687
          95     1.43858     1.37773   0.0145211
          96     1.34066     1.37734   0.0143656
          97     1.35112     1.37707   0.0142146
          98       1.463     1.37795   0.0140786
          99      1.2401     1.37656   0.0139229
         100     1.38314     1.37662   0.0137841
