           1    0.205423    0.205423           0
           2    0.209534    0.207478    0.103749
           3    0.197061    0.204006    0.068035
           4    0.193161    0.201295   0.0503587
           5    0.199868     0.20101   0.0402231
           6    0.195642    0.200115   0.0333687
           7    0.196925    0.199659   0.0285349
           8    0.197229    0.199355   0.0249288
           9     0.19632    0.199018   0.0221207
          10    0.197368    0.198853   0.0198914
          11    0.196035    0.198597   0.0180595
          12    0.195385    0.198329   0.0165319
          13    0.191764    0.197824   0.0152217
          14    0.189241    0.197211   0.0140913
          15    0.192203    0.196877   0.0131296
          16    0.190094    0.196453   0.0122827
          17    0.202372    0.196801   0.0115807
          18    0.209998    0.197535   0.0109792
          19    0.190048    0.197141   0.0103807
          20    0.189458    0.196757  0.00984262
          21    0.197062    0.196771  0.00937439
          22    0.184512    0.196214  0.00892356
          23     0.19112    0.195992  0.00852587
          24    0.202141    0.196249  0.00818128
          25    0.201927    0.196476  0.00786307
          26    0.200714    0.196639  0.00756682
          27    0.195491    0.196596  0.00728486
          28    0.198884    0.196678  0.00702749
          29    0.195108    0.196624  0.00678319
          30    0.198357    0.196682  0.00655892
          31    0.180841    0.196171  0.00633144
          32    0.204119    0.196419  0.00614139
          33    0.200024    0.196528  0.00595853
          34    0.194636    0.196473  0.00578156
          35    0.201165    0.196607  0.00562016
          36    0.199605     0.19669  0.00546629
          37    0.204697    0.196906  0.00532445
          38    0.191052    0.196752  0.00518027
          39    0.212367    0.197153  0.00505804
          40    0.178058    0.196675  0.00492017
          41    0.198967    0.196731  0.00480146
          42    0.193541    0.196655  0.00468527
          43    0.204575    0.196839  0.00458061
          44    0.192987    0.196752  0.00447447
          45    0.185071    0.196492  0.00436938
          46    0.183403    0.196208  0.00426835
          47    0.192059    0.196119  0.00417562
          48    0.195229    0.196101  0.00408818
          49    0.195068     0.19608  0.00400426
          50    0.194047    0.196039  0.00392332
          51    0.194169    0.196002  0.00384562
          52    0.188593     0.19586  0.00376894
          53    0.182824    0.195614   0.0036933
          54    0.197402    0.195647  0.00362547
          55    0.198186    0.195693  0.00356035
          56    0.187312    0.195544  0.00349412
          57    0.198689    0.195599  0.00343376
          58    0.193083    0.195555  0.00337377
          59    0.198102    0.195599  0.00331729
          60    0.189621    0.195499  0.00326033
          61    0.196177     0.19551  0.00320704
          62    0.187979    0.195389  0.00315336
          63    0.188415    0.195278  0.00310155
          64      0.1958    0.195286  0.00305319
          65    0.201239    0.195378  0.00300761
          66     0.18919    0.195284  0.00296062
          67     0.19985    0.195352  0.00291743
          68    0.184785    0.195197  0.00287228
          69    0.199031    0.195252  0.00283144
          70    0.193117    0.195222  0.00279054
          71     0.19421    0.195207  0.00275101
          72    0.195855    0.195216   0.0027129
          73    0.208701    0.195401  0.00267834
          74    0.209354     0.19559  0.00264476
          75    0.204387    0.195707  0.00261107
          76    0.205236    0.195832  0.00257838
          77    0.195316    0.195826  0.00254479
          78    0.199748    0.195876  0.00251279
          79    0.191253    0.195817  0.00248023
          80    0.187032    0.195708  0.00244787
          81    0.198253    0.195739  0.00241802
          82    0.208683    0.195897   0.0023905
          83    0.198219    0.195925  0.00236202
          84    0.196679    0.195934  0.00233399
          85     0.19358    0.195906  0.00230619
          86    0.197185    0.195921  0.00227953
          87    0.190747    0.195862  0.00225264
          88    0.191266    0.195809  0.00222644
          89    0.194358    0.195793  0.00220123
          90     0.20079    0.195849  0.00217738
          91    0.206979    0.195971  0.00215482
          92    0.189657    0.195902  0.00213065
          93    0.179587    0.195727  0.00210592
          94    0.192436    0.195692  0.00208313
          95    0.208644    0.195828  0.00206267
          96    0.187152    0.195738  0.00204025
          97    0.208055    0.195865  0.00202056
          98    0.203528    0.195943  0.00200074
          99     0.20019    0.195986  0.00198095
         100    0.210004    0.196126  0.00196258
