           1   -0.465938   -0.465938           0
           2   -0.461529   -0.463733    0.231872
           3   -0.454617   -0.460695    0.153577
           4   -0.463561   -0.461411    0.115359
           5   -0.464611   -0.462051   0.0924145
           6   -0.462448   -0.462117   0.0770224
           7    -0.45821   -0.461559   0.0659394
           8   -0.465752   -0.462083   0.0577625
           9   -0.459727   -0.461821   0.0513152
          10    -0.47564   -0.463203   0.0463237
          11   -0.461957    -0.46309   0.0421019
          12   -0.466284   -0.463356   0.0386154
          13   -0.456828   -0.462854   0.0356065
          14   -0.462874   -0.462855   0.0330631
          15    -0.46396   -0.462929   0.0308637
          16   -0.464694   -0.463039   0.0289415
          17   -0.465578   -0.463189   0.0272478
          18   -0.456594   -0.462822   0.0257137
          19   -0.459965   -0.462672   0.0243524
          20   -0.461791   -0.462628   0.0231325
          21    -0.45358   -0.462197   0.0220106
          22   -0.461412   -0.462161   0.0210084
          23   -0.466217   -0.462338   0.0201027
          24   -0.453148   -0.461955   0.0192492
          25   -0.459197   -0.461844   0.0184748
          26   -0.458004   -0.461697   0.0177586
          27   -0.464334   -0.461794   0.0171044
          28   -0.459376   -0.461708   0.0164904
          29   -0.465802   -0.461849   0.0159267
          30   -0.453848   -0.461583   0.0153869
          31   -0.464023   -0.461661   0.0148931
          32   -0.457942   -0.461545    0.014424
          33   -0.458897   -0.461465   0.0139845
          34   -0.457766   -0.461356     0.01357
          35    -0.46596   -0.461488    0.013186
          36   -0.458627   -0.461408   0.0128175
          37   -0.469387   -0.461624    0.012477
          38   -0.465337   -0.461721   0.0121512
          39   -0.466732    -0.46185   0.0118429
          40    -0.45865    -0.46177   0.0115448
          41   -0.462953   -0.461799    0.011264
          42   -0.466087   -0.461901   0.0109982
          43   -0.463629   -0.461941   0.0107433
          44   -0.462449   -0.461953   0.0104994
          45    -0.45758   -0.461856   0.0102639
          46   -0.468129   -0.461992   0.0100438
          47   -0.463181   -0.462017  0.00983062
          48   -0.462786   -0.462033  0.00962614
          49   -0.458268   -0.461956  0.00942812
          50   -0.457874   -0.461875  0.00923792
          51   -0.462301   -0.461883  0.00905694
          52    -0.46863   -0.462013  0.00888528
          53   -0.467521   -0.462117  0.00871959
          54   -0.458159   -0.462043  0.00855676
          55    -0.46094   -0.462023  0.00840081
          56   -0.459656   -0.461981  0.00825004
          57   -0.464727   -0.462029  0.00810614
          58   -0.462813   -0.462043  0.00796661
          59    -0.46019   -0.462011  0.00783104
          60   -0.457624   -0.461938  0.00769931
          61   -0.466269   -0.462009  0.00757425
          62   -0.460736   -0.461989  0.00745175
          63   -0.462022   -0.461989  0.00733347
          64   -0.463811   -0.462018  0.00721933
          65   -0.467341     -0.4621  0.00710952
          66   -0.466152   -0.462161  0.00700273
          67   -0.463691   -0.462184  0.00689855
          68   -0.469462   -0.462291  0.00679868
          69    -0.46739   -0.462365  0.00670123
          70   -0.462338   -0.462364  0.00660548
          71    -0.46005   -0.462332  0.00651199
          72   -0.465164   -0.462371  0.00642209
          73   -0.467099   -0.462436    0.006335
          74    -0.46266   -0.462439  0.00624943
          75   -0.460426   -0.462412  0.00616574
          76   -0.462118   -0.462408  0.00608456
          77   -0.465404   -0.462447  0.00600605
          78    -0.45911   -0.462404   0.0059285
          79   -0.461429   -0.462392  0.00585329
          80   -0.464154   -0.462414   0.0057804
          81   -0.452084   -0.462286  0.00570748
          82   -0.466334   -0.462336  0.00563847
          83   -0.462719    -0.46234  0.00557059
          84   -0.468751   -0.462417  0.00550519
          85   -0.465303   -0.462451  0.00544082
          86    -0.46392   -0.462468  0.00537775
          87   -0.460918    -0.46245  0.00531573
          88   -0.465204   -0.462481  0.00525568
          89   -0.459815   -0.462451  0.00519629
          90   -0.463724   -0.462465  0.00513871
          91    -0.46596   -0.462504  0.00508266
          92   -0.471779   -0.462605  0.00502852
          93   -0.461473   -0.462593  0.00497432
          94   -0.467002   -0.462639   0.0049219
          95   -0.471198    -0.46273  0.00487104
          96    -0.46275    -0.46273   0.0048203
          97   -0.466138   -0.462765  0.00477097
          98   -0.465308   -0.462791  0.00472255
          99   -0.463771   -0.462801  0.00467495
         100   -0.464363   -0.462816  0.00462835
